10001,0.004987531172069825 
20002,0.0024937655860349127 
30005,0.0024937655860349127 
40011,0.0024937655860349127 
50011,0.0 
60007,0.0025 
70007,0.0 
80017,0.004975124378109453 
90005,0.007481296758104738 
100016,0.0024937655860349127 
110005,0.0025 
120023,0.0024937655860349127 
130015,0.0025 
140004,0.01 
150021,0.01485148514851485 
160002,0.02962962962962963 
170003,0.03209876543209877 
180011,0.10287081339712918 
190021,0.1650943396226415 
200011,0.24429223744292236 
210014,0.28634361233480177 
220014,0.3726315789473684 
230007,0.6302367941712204 
240009,0.7174603174603175 
250000,0.7610619469026548 
260003,0.7763888888888889 
270003,0.8380187416331994 
280006,0.8636911942098915 
290013,0.9082774049217002 
300006,0.9025191675794085 
310005,0.9327217125382263 
320003,0.933597621407334 
330001,0.9466791393826005 
340002,0.9453053783044667 
350000,0.9509090909090909 
360006,0.9487179487179487 
370001,0.9522569444444444 
380005,0.9651063829787234 
390002,0.9566348655680833 
400000,0.964735516372796 
410005,0.9714751426242869 
420002,0.967121090617482 
430003,0.969551282051282 
440009,0.9687750200160128 
450003,0.9752198241406874 
460005,0.9711613406079501 
470001,0.9698890649762282 
480006,0.9703588143525741 
490006,0.9768160741885626 
500000,0.9679437060203284 
510001,0.97900466562986 
520004,0.9712732919254659 
530020,0.9778963414634146 
