10000,0.00125 
20000,0.005 
30000,0.0075 
40000,0.005 
50000,0.00875 
60000,0.0075 
70000,0.00625 
80000,0.00625 
90000,0.0075 
100000,0.00875 
110000,0.0075 
120000,0.0025 
130000,0.00625 
140000,0.01 
150000,0.00375 
160000,0.00375 
170000,0.015 
180000,0.01125 
190000,0.00375 
200000,0.01375 
210000,0.0075 
220000,0.01 
230000,0.0075 
240000,0.0075 
250000,0.01 
260000,0.0075 
270000,0.015 
280000,0.01125 
290000,0.00375 
300000,0.00875 
310000,0.01375 
320000,0.00625 
330000,0.01 
340000,0.0075 
350000,0.0125 
360000,0.01375 
370000,0.005 
380000,0.00625 
390000,0.00625 
400000,0.01 
410000,0.00875 
420000,0.00625 
430000,0.00875 
440000,0.00875 
450000,0.01125 
460000,0.0075 
470000,0.0125 
480000,0.01125 
490000,0.01125 
500000,0.01 
510000,0.0075 
520000,0.0125 
530000,0.01 
540000,0.01 
550000,0.01 
560000,0.0125 
570000,0.00875 
580000,0.00375 
590000,0.01875 
600000,0.00625 
610000,0.01125 
620000,0.0075 
630000,0.015 
640000,0.00375 
650000,0.015 
660000,0.01375 
670000,0.00875 
680000,0.01 
690000,0.01625 
700000,0.01875 
710000,0.0125 
720000,0.02 
730000,0.00875 
740000,0.01125 
750000,0.015 
760000,0.01875 
770000,0.00875 
780000,0.00875 
790000,0.01375 
800000,0.0175 
810000,0.0175 
820000,0.0125 
830000,0.01 
840000,0.01 
850000,0.00875 
860000,0.01375 
870000,0.0175 
880000,0.01625 
890000,0.01375 
900000,0.02 
910000,0.02 
920000,0.0125 
930000,0.01625 
940000,0.00875 
950000,0.02125 
960000,0.0075 
970000,0.0125 
980000,0.0125 
990000,0.0075 
1000000,0.03125 
1010000,0.01875 
1020000,0.01875 
1030000,0.02375 
1040000,0.0175 
1050000,0.01375 
1060000,0.0125 
1070000,0.0175 
1080000,0.01125 
1090000,0.01625 
1100000,0.015 
1110000,0.015 
1120000,0.01125 
1130000,0.02 
1140000,0.02 
1150000,0.01625 
1160000,0.01875 
1170000,0.02125 
1180000,0.0175 
1190000,0.0175 
1200000,0.02125 
1210000,0.01125 
1220000,0.0175 
1230000,0.0125 
1240000,0.01375 
1250000,0.015 
1260000,0.02375 
1270000,0.01375 
1280000,0.01375 
1290000,0.015 
1300000,0.015 
1310000,0.01875 
1320000,0.02 
1330000,0.0175 
1340000,0.01375 
1350000,0.01875 
1360000,0.02 
1370000,0.0175 
1380000,0.01625 
1390000,0.015 
1400000,0.01875 
1410000,0.02 
1420000,0.0175 
1430000,0.02 
1440000,0.015 
1450000,0.015 
1460000,0.0175 
1470000,0.02375 
1480000,0.015 
1490000,0.0125 
1500000,0.0275 
1510000,0.02 
1520000,0.02625 
1530000,0.02 
1540000,0.015 
1550000,0.01625 
1560000,0.01875 
1570000,0.0175 
1580000,0.02 
1590000,0.01625 
1600000,0.01875 
1610000,0.02 
1620000,0.035 
1630000,0.0225 
1640000,0.0275 
1650000,0.03125 
1660000,0.02125 
1670000,0.02 
1680000,0.0375 
1690000,0.01625 
1700000,0.0275 
1710000,0.0225 
1720000,0.02 
1730000,0.02 
1740000,0.02875 
1750000,0.02 
1760000,0.02 
1770000,0.03125 
1780000,0.01625 
1790000,0.02625 
1800000,0.01625 
1810000,0.02375 
1820000,0.02375 
1830000,0.02375 
1840000,0.015 
1850000,0.02125 
1860000,0.02 
1870000,0.0175 
1880000,0.01875 
1890000,0.02875 
1900000,0.025 
1910000,0.0225 
1920000,0.02 
1930000,0.03125 
1940000,0.03125 
1950000,0.025 
1960000,0.0425 
1970000,0.01875 
1980000,0.02125 
1990000,0.01875 
2000000,0.02875 
2010000,0.02 
2020000,0.02875 
2030000,0.02125 
2040000,0.01625 
2050000,0.025 
2060000,0.02875 
2070000,0.01375 
2080000,0.025 
2090000,0.0175 
2100000,0.02625 
2110000,0.0175 
2120000,0.01625 
2130000,0.0275 
2140000,0.02125 
2150000,0.02125 
2160000,0.01875 
2170000,0.03125 
2180000,0.02375 
2190000,0.0175 
2200000,0.01875 
2210000,0.01625 
2220000,0.0225 
2230000,0.0275 
2240000,0.015 
2250000,0.01875 
2260000,0.015 
2270000,0.02375 
2280000,0.0225 
2290000,0.03125 
2300000,0.015 
2310000,0.02625 
2320000,0.01375 
2330000,0.015 
2340000,0.025 
2350000,0.02875 
2360000,0.025 
2370000,0.02375 
2380000,0.02375 
2390000,0.0175 
2400000,0.02375 
2410000,0.01125 
2420000,0.02 
2430000,0.01875 
2440000,0.01625 
2450000,0.0225 
2460000,0.02375 
2470000,0.0225 
2480000,0.02 
2490000,0.015 
2500000,0.01625 
2510000,0.02875 
2520000,0.0225 
2530000,0.0225 
2540000,0.01625 
2550000,0.0125 
2560000,0.02625 
2570000,0.02375 
2580000,0.02125 
2590000,0.02375 
2600000,0.02125 
2610000,0.01 
2620000,0.02 
2630000,0.01875 
2640000,0.02125 
2650000,0.01625 
2660000,0.02125 
2670000,0.02875 
2680000,0.01625 
2690000,0.01625 
2700000,0.025 
2710000,0.015 
2720000,0.02625 
2730000,0.02 
2740000,0.02875 
2750000,0.0225 
2760000,0.02625 
2770000,0.0225 
2780000,0.0175 
2790000,0.03 
2800000,0.025 
2810000,0.02625 
2820000,0.02125 
2830000,0.0275 
2840000,0.02125 
2850000,0.025 
2860000,0.0125 
2870000,0.015 
2880000,0.015 
2890000,0.02625 
2900000,0.02125 
2910000,0.01875 
2920000,0.0225 
2930000,0.01375 
2940000,0.02875 
2950000,0.02 
2960000,0.02625 
2970000,0.02375 
2980000,0.02375 
2990000,0.0175 
3000000,0.03375 
3010000,0.0125 
3020000,0.02875 
3030000,0.01875 
3040000,0.02375 
3050000,0.02625 
3060000,0.01625 
3070000,0.01875 
3080000,0.0175 
3090000,0.01625 
3100000,0.02375 
3110000,0.02625 
3120000,0.01875 
3130000,0.01875 
3140000,0.025 
3150000,0.01875 
3160000,0.01375 
3170000,0.02875 
3180000,0.02 
3190000,0.025 
3200000,0.02 
3210000,0.0175 
3220000,0.015 
3230000,0.02 
3240000,0.01875 
3250000,0.02125 
3260000,0.03 
3270000,0.01375 
3280000,0.0275 
3290000,0.02625 
3300000,0.02125 
3310000,0.015 
3320000,0.0175 
3330000,0.01875 
3340000,0.02125 
3350000,0.01625 
3360000,0.01875 
3370000,0.0275 
3380000,0.0175 
3390000,0.03 
3400000,0.01875 
3410000,0.02125 
3420000,0.0075 
3430000,0.02 
3440000,0.025 
3450000,0.02 
3460000,0.01625 
3470000,0.02625 
3480000,0.0275 
3490000,0.02375 
3500000,0.03 
3510000,0.01625 
3520000,0.025 
3530000,0.0325 
3540000,0.0175 
3550000,0.02125 
3560000,0.0175 
3570000,0.025 
3580000,0.02 
3590000,0.02125 
3600000,0.0275 
3610000,0.01875 
3620000,0.025 
3630000,0.0275 
3640000,0.025 
3650000,0.0175 
3660000,0.02 
3670000,0.0225 
3680000,0.0275 
3690000,0.02375 
3700000,0.0175 
3710000,0.01125 
3720000,0.02125 
3730000,0.01875 
3740000,0.02125 
3750000,0.02625 
3760000,0.01875 
3770000,0.0225 
3780000,0.02125 
3790000,0.03375 
3800000,0.02625 
3810000,0.01625 
3820000,0.0275 
3830000,0.02625 
3840000,0.02125 
3850000,0.02125 
3860000,0.02375 
3870000,0.025 
3880000,0.02 
3890000,0.01625 
3900000,0.02375 
3910000,0.035 
3920000,0.0275 
3930000,0.0225 
3940000,0.0275 
3950000,0.02875 
3960000,0.01875 
3970000,0.02 
3980000,0.0175 
3990000,0.025 
4000000,0.02875 
4010000,0.02375 
4020000,0.01625 
4030000,0.02 
4040000,0.02375 
4050000,0.03625 
4060000,0.02625 
4070000,0.03 
4080000,0.01625 
4090000,0.02625 
4100000,0.02875 
4110000,0.02 
4120000,0.0175 
4130000,0.01875 
4140000,0.0175 
4150000,0.01875 
4160000,0.03 
4170000,0.03 
4180000,0.02 
4190000,0.025 
4200000,0.035 
4210000,0.02375 
4220000,0.0275 
4230000,0.02625 
4240000,0.0225 
4250000,0.02 
4260000,0.025 
4270000,0.0275 
4280000,0.0175 
4290000,0.0275 
4300000,0.0175 
4310000,0.01625 
4320000,0.02375 
4330000,0.01875 
4340000,0.0175 
4350000,0.02375 
4360000,0.02375 
4370000,0.0275 
4380000,0.015 
4390000,0.0225 
4400000,0.02625 
4410000,0.02 
4420000,0.01875 
4430000,0.02125 
4440000,0.03 
4450000,0.03125 
4460000,0.04375 
4470000,0.03375 
4480000,0.0275 
4490000,0.0175 
4500000,0.03 
4510000,0.02125 
4520000,0.03 
4530000,0.025 
4540000,0.0175 
4550000,0.02 
4560000,0.03125 
4570000,0.03375 
4580000,0.02375 
4590000,0.02875 
4600000,0.03 
4610000,0.0275 
4620000,0.02875 
4630000,0.02375 
4640000,0.01875 
4650000,0.0275 
4660000,0.03 
4670000,0.02375 
4680000,0.02125 
4690000,0.02375 
4700000,0.02625 
4710000,0.0225 
4720000,0.0325 
4730000,0.0225 
4740000,0.02875 
4750000,0.0225 
4760000,0.02625 
4770000,0.02875 
4780000,0.03 
4790000,0.0175 
4800000,0.0225 
4810000,0.035 
4820000,0.02625 
4830000,0.025 
4840000,0.01625 
4850000,0.02125 
4860000,0.03 
4870000,0.02875 
4880000,0.02125 
4890000,0.01875 
4900000,0.01625 
4910000,0.04 
4920000,0.02 
4930000,0.0275 
4940000,0.02875 
4950000,0.025 
4960000,0.03125 
4970000,0.01875 
4980000,0.02 
4990000,0.02125 
5000000,0.02125 
5010000,0.0425 
5020000,0.02 
5030000,0.03125 
5040000,0.0325 
5050000,0.03 
5060000,0.01875 
5070000,0.03375 
5080000,0.02 
5090000,0.025 
5100000,0.0125 
5110000,0.0225 
5120000,0.01625 
5130000,0.0225 
5140000,0.01875 
5150000,0.0275 
5160000,0.01875 
5170000,0.03 
5180000,0.025 
5190000,0.0225 
5200000,0.03875 
5210000,0.03 
5220000,0.03 
5230000,0.0275 
5240000,0.02125 
5250000,0.0275 
5260000,0.03125 
5270000,0.02 
5280000,0.0325 
5290000,0.03125 
5300000,0.025 
5310000,0.02125 
5320000,0.04 
5330000,0.03 
5340000,0.01875 
5350000,0.0375 
5360000,0.025 
5370000,0.03125 
5380000,0.02875 
5390000,0.03 
5400000,0.02125 
5410000,0.0325 
5420000,0.03375 
5430000,0.0275 
5440000,0.02625 
5450000,0.025 
5460000,0.03125 
5470000,0.0225 
5480000,0.03125 
5490000,0.03125 
5500000,0.02375 
5510000,0.02125 
5520000,0.02875 
5530000,0.03125 
5540000,0.01875 
5550000,0.0375 
5560000,0.04 
5570000,0.0275 
5580000,0.02625 
5590000,0.0375 
5600000,0.03625 
5610000,0.02625 
5620000,0.03125 
5630000,0.0375 
5640000,0.03 
5650000,0.03125 
5660000,0.03625 
5670000,0.01875 
5680000,0.03 
5690000,0.04 
5700000,0.035 
5710000,0.02125 
5720000,0.0275 
5730000,0.03375 
5740000,0.0225 
5750000,0.03125 
5760000,0.0375 
5770000,0.0325 
5780000,0.0375 
5790000,0.0275 
5800000,0.0425 
5810000,0.03125 
5820000,0.0375 
5830000,0.03375 
5840000,0.035 
5850000,0.0375 
5860000,0.03625 
5870000,0.0225 
5880000,0.03375 
5890000,0.02875 
5900000,0.0425 
5910000,0.0375 
5920000,0.0425 
5930000,0.0325 
5940000,0.0375 
5950000,0.04 
5960000,0.03625 
5970000,0.04 
5980000,0.0375 
5990000,0.03875 
6000000,0.035 
6010000,0.045 
6020000,0.03125 
6030000,0.0325 
6040000,0.045 
6050000,0.03125 
6060000,0.02625 
6070000,0.03875 
6080000,0.03375 
6090000,0.0275 
6100000,0.04125 
6110000,0.0325 
6120000,0.04625 
6130000,0.04375 
6140000,0.0375 
6150000,0.05 
6160000,0.04625 
6170000,0.04 
6180000,0.0475 
6190000,0.035 
6200000,0.03625 
6210000,0.0375 
6220000,0.0475 
6230000,0.035 
6240000,0.0225 
6250000,0.03125 
6260000,0.03625 
6270000,0.03625 
6280000,0.04125 
6290000,0.04 
6300000,0.03875 
6310000,0.04125 
6320000,0.03875 
6330000,0.035 
6340000,0.035 
6350000,0.045 
6360000,0.0375 
6370000,0.04625 
6380000,0.045 
6390000,0.04375 
6400000,0.045 
6410000,0.03375 
6420000,0.0475 
6430000,0.04 
6440000,0.05 
6450000,0.0475 
6460000,0.0425 
6470000,0.05875 
6480000,0.06375 
6490000,0.0525 
6500000,0.045 
6510000,0.06125 
6520000,0.05 
6530000,0.055 
6540000,0.05125 
6550000,0.055 
6560000,0.05 
6570000,0.05125 
6580000,0.045 
6590000,0.07 
6600000,0.06125 
6610000,0.05375 
6620000,0.0675 
6630000,0.05625 
6640000,0.0675 
6650000,0.055 
6660000,0.0625 
6670000,0.07875 
6680000,0.06 
6690000,0.0725 
6700000,0.065 
6710000,0.08625 
6720000,0.09 
6730000,0.06125 
6740000,0.08 
6750000,0.08 
6760000,0.07875 
6770000,0.07875 
6780000,0.1 
6790000,0.1125 
6800000,0.0975 
6810000,0.1 
6820000,0.10125 
6830000,0.125 
6840000,0.10125 
6850000,0.12875 
6860000,0.1125 
6870000,0.13125 
6880000,0.1275 
6890000,0.10875 
6900000,0.14875 
6910000,0.1375 
6920000,0.14625 
6930000,0.1575 
6940000,0.13875 
6950000,0.1425 
6960000,0.14875 
6970000,0.15375 
6980000,0.175 
6990000,0.1575 
7000000,0.16125 
7010000,0.1775 
7020000,0.18 
7030000,0.17375 
7040000,0.18125 
7050000,0.1775 
7060000,0.1875 
7070000,0.17875 
7080000,0.18125 
7090000,0.19375 
7100000,0.1875 
7110000,0.18875 
7120000,0.185 
7130000,0.1875 
7140000,0.195 
7150000,0.19125 
7160000,0.19 
7170000,0.195 
7180000,0.19375 
7190000,0.2 
7200000,0.1875 
7210000,0.17875 
7220000,0.19625 
7230000,0.18125 
7240000,0.18375 
7250000,0.195 
7260000,0.185 
7270000,0.18875 
7280000,0.18875 
7290000,0.1975 
7300000,0.195 
7310000,0.20375 
7320000,0.18875 
7330000,0.1875 
7340000,0.18625 
7350000,0.195 
7360000,0.195 
7370000,0.18875 
7380000,0.19625 
7390000,0.19 
7400000,0.19375 
7410000,0.20375 
7420000,0.19375 
7430000,0.18125 
7440000,0.2 
7450000,0.19 
7460000,0.1975 
7470000,0.19125 
7480000,0.2 
7490000,0.1975 
7500000,0.18625 
7510000,0.18625 
7520000,0.2025 
7530000,0.18125 
7540000,0.2 
7550000,0.20875 
7560000,0.20375 
7570000,0.19125 
7580000,0.18625 
7590000,0.2025 
7600000,0.195 
7610000,0.205 
7620000,0.20625 
7630000,0.1875 
7640000,0.1875 
7650000,0.20375 
7660000,0.2025 
7670000,0.19125 
7680000,0.19375 
7690000,0.20125 
7700000,0.22 
7710000,0.19375 
7720000,0.20875 
7730000,0.1875 
7740000,0.1975 
7750000,0.20375 
7760000,0.19875 
7770000,0.19375 
7780000,0.2025 
7790000,0.19125 
7800000,0.1825 
7810000,0.19625 
7820000,0.19 
7830000,0.19 
7840000,0.2075 
7850000,0.20625 
7860000,0.19875 
7870000,0.2 
7880000,0.20625 
7890000,0.19125 
7900000,0.19625 
7910000,0.2 
7920000,0.1975 
7930000,0.1925 
7940000,0.20375 
7950000,0.19625 
7960000,0.20125 
7970000,0.19625 
7980000,0.19125 
7990000,0.1975 
8000000,0.17875 
8010000,0.19875 
8020000,0.19625 
8030000,0.21125 
8040000,0.20875 
8050000,0.2 
8060000,0.19875 
8070000,0.20125 
8080000,0.20875 
8090000,0.1975 
8100000,0.2025 
8110000,0.18375 
8120000,0.19625 
8130000,0.19875 
8140000,0.2 
8150000,0.20125 
8160000,0.19375 
8170000,0.1975 
8180000,0.19375 
8190000,0.2 
8200000,0.20125 
8210000,0.19875 
8220000,0.19625 
8230000,0.20125 
8240000,0.2025 
8250000,0.19375 
8260000,0.1975 
8270000,0.20375 
8280000,0.205 
8290000,0.195 
8300000,0.20375 
8310000,0.205 
8320000,0.19375 
8330000,0.19125 
8340000,0.19625 
8350000,0.20375 
8360000,0.19625 
8370000,0.20125 
8380000,0.20875 
8390000,0.205 
8400000,0.195 
8410000,0.19625 
8420000,0.18625 
8430000,0.20375 
8440000,0.215 
8450000,0.20125 
8460000,0.20375 
8470000,0.205 
8480000,0.19 
8490000,0.19875 
8500000,0.20625 
8510000,0.18875 
8520000,0.205 
8530000,0.19375 
8540000,0.1975 
8550000,0.19125 
8560000,0.2 
8570000,0.20375 
8580000,0.19375 
8590000,0.19375 
8600000,0.19875 
8610000,0.205 
8620000,0.18875 
8630000,0.19 
8640000,0.18125 
8650000,0.2025 
8660000,0.19875 
8670000,0.1875 
8680000,0.185 
8690000,0.19875 
8700000,0.18625 
8710000,0.19875 
8720000,0.18625 
8730000,0.1925 
8740000,0.205 
8750000,0.2175 
8760000,0.2025 
8770000,0.19 
8780000,0.2125 
8790000,0.205 
8800000,0.2075 
8810000,0.205 
8820000,0.21375 
8830000,0.18875 
8840000,0.195 
8850000,0.19375 
8860000,0.18625 
8870000,0.19375 
8880000,0.19 
8890000,0.2075 
8900000,0.20125 
8910000,0.19125 
8920000,0.1825 
8930000,0.2 
8940000,0.2025 
8950000,0.18875 
8960000,0.21125 
8970000,0.19625 
8980000,0.19 
8990000,0.19 
9000000,0.215 
9010000,0.19 
9020000,0.20625 
9030000,0.2025 
9040000,0.1925 
9050000,0.19625 
9060000,0.19 
9070000,0.20625 
9080000,0.18625 
9090000,0.1925 
9100000,0.19375 
9110000,0.195 
9120000,0.1975 
9130000,0.205 
9140000,0.20375 
9150000,0.1975 
9160000,0.19875 
9170000,0.19125 
9180000,0.2025 
9190000,0.20625 
9200000,0.2075 
9210000,0.19875 
9220000,0.205 
9230000,0.2 
9240000,0.21375 
9250000,0.20375 
9260000,0.195 
9270000,0.18625 
9280000,0.2 
9290000,0.19875 
9300000,0.19625 
9310000,0.195 
9320000,0.2 
9330000,0.20625 
9340000,0.1925 
9350000,0.2025 
9360000,0.19875 
9370000,0.20625 
9380000,0.20125 
9390000,0.20375 
9400000,0.195 
9410000,0.19625 
9420000,0.21125 
9430000,0.21875 
9440000,0.20625 
9450000,0.205 
9460000,0.205 
9470000,0.19625 
9480000,0.21 
9490000,0.2 
9500000,0.19875 
9510000,0.205 
9520000,0.20375 
9530000,0.2025 
9540000,0.2025 
9550000,0.2075 
9560000,0.20875 
9570000,0.2125 
9580000,0.2025 
9590000,0.21 
9600000,0.20125 
9610000,0.20375 
9620000,0.215 
9630000,0.1975 
9640000,0.205 
9650000,0.20875 
9660000,0.21 
9670000,0.20125 
9680000,0.2075 
9690000,0.1875 
9700000,0.2025 
9710000,0.20375 
9720000,0.19375 
9730000,0.18875 
9740000,0.21 
9750000,0.2 
9760000,0.195 
9770000,0.20125 
9780000,0.19875 
9790000,0.20875 
9800000,0.21875 
9810000,0.2025 
9820000,0.21 
9830000,0.20125 
9840000,0.1925 
9850000,0.20875 
9860000,0.20375 
9870000,0.2025 
9880000,0.2025 
9890000,0.2025 
9900000,0.195 
9910000,0.20875 
9920000,0.19125 
9930000,0.20125 
9940000,0.1925 
9950000,0.1925 
9960000,0.20375 
9970000,0.2 
9980000,0.2125 
9990000,0.2 
10000000,0.1975 
10010000,0.2 
10020000,0.19625 
10030000,0.19875 
10040000,0.20625 
10050000,0.205 
10060000,0.18625 
10070000,0.18375 
10080000,0.1975 
10090000,0.2 
10100000,0.2025 
10110000,0.20375 
10120000,0.2 
10130000,0.2025 
10140000,0.18875 
10150000,0.19875 
10160000,0.1975 
10170000,0.20875 
10180000,0.205 
10190000,0.21375 
10200000,0.20375 
10210000,0.2 
10220000,0.2 
10230000,0.2025 
10240000,0.19625 
10250000,0.195 
10260000,0.2025 
10270000,0.19625 
10280000,0.21 
10290000,0.21375 
10300000,0.21 
10310000,0.22 
10320000,0.19625 
10330000,0.2075 
10340000,0.205 
10350000,0.19875 
10360000,0.21375 
10370000,0.1975 
10380000,0.2225 
10390000,0.20375 
10400000,0.2 
10410000,0.20375 
10420000,0.215 
10430000,0.19625 
10440000,0.20375 
10450000,0.20625 
10460000,0.1875 
10470000,0.21 
10480000,0.19625 
10490000,0.20625 
10500000,0.20875 
10510000,0.2075 
10520000,0.2125 
10530000,0.2125 
10540000,0.2075 
10550000,0.21 
10560000,0.2125 
10570000,0.20375 
10580000,0.20875 
10590000,0.2025 
10600000,0.2025 
10610000,0.21125 
10620000,0.2025 
10630000,0.2025 
10640000,0.1975 
10650000,0.21125 
10660000,0.20375 
10670000,0.2225 
10680000,0.195 
10690000,0.20125 
10700000,0.205 
10710000,0.21 
10720000,0.2 
10730000,0.2075 
10740000,0.21 
10750000,0.20875 
10760000,0.20125 
10770000,0.1975 
10780000,0.2 
10790000,0.1875 
10800000,0.1975 
10810000,0.2 
10820000,0.205 
10830000,0.21125 
10840000,0.20375 
10850000,0.20375 
10860000,0.20625 
10870000,0.2175 
10880000,0.21 
10890000,0.1975 
10900000,0.19375 
10910000,0.20125 
10920000,0.1975 
10930000,0.20875 
10940000,0.19375 
10950000,0.19625 
10960000,0.20375 
10970000,0.1975 
10980000,0.20875 
10990000,0.20125 
11000000,0.20375 
11010000,0.21125 
11020000,0.1975 
11030000,0.195 
11040000,0.20125 
11050000,0.20625 
11060000,0.205 
11070000,0.20125 
11080000,0.20375 
11090000,0.2025 
11100000,0.205 
11110000,0.2025 
11120000,0.2125 
11130000,0.205 
11140000,0.205 
11150000,0.19125 
11160000,0.2075 
11170000,0.1925 
11180000,0.21 
11190000,0.21625 
11200000,0.20875 
11210000,0.2075 
11220000,0.21875 
11230000,0.2125 
11240000,0.19625 
11250000,0.20125 
11260000,0.20625 
11270000,0.20625 
11280000,0.20125 
11290000,0.2 
11300000,0.20375 
11310000,0.21125 
11320000,0.19875 
11330000,0.2025 
11340000,0.2 
11350000,0.19625 
11360000,0.1925 
11370000,0.2 
11380000,0.22 
11390000,0.20625 
11400000,0.20375 
11410000,0.2125 
11420000,0.195 
11430000,0.2025 
11440000,0.21125 
11450000,0.2075 
11460000,0.2025 
11470000,0.20875 
11480000,0.19 
11490000,0.19125 
11500000,0.19875 
11510000,0.2025 
11520000,0.195 
11530000,0.20625 
11540000,0.19875 
11550000,0.2025 
11560000,0.19375 
11570000,0.1975 
11580000,0.205 
11590000,0.20125 
11600000,0.20125 
11610000,0.20125 
11620000,0.2025 
11630000,0.20875 
11640000,0.20125 
11650000,0.205 
11660000,0.21375 
11670000,0.21 
11680000,0.21125 
11690000,0.205 
11700000,0.1975 
11710000,0.2025 
11720000,0.20125 
11730000,0.20875 
11740000,0.21375 
11750000,0.1975 
11760000,0.1975 
11770000,0.20375 
11780000,0.2025 
11790000,0.20375 
11800000,0.19375 
11810000,0.21 
11820000,0.205 
11830000,0.20125 
11840000,0.2075 
11850000,0.2025 
11860000,0.20125 
11870000,0.19125 
11880000,0.205 
11890000,0.19875 
11900000,0.195 
11910000,0.2075 
11920000,0.1975 
11930000,0.20625 
11940000,0.19875 
11950000,0.2025 
11960000,0.19875 
11970000,0.19625 
11980000,0.20875 
11990000,0.2075 
12000000,0.20125 
12010000,0.195 
12020000,0.2125 
12030000,0.2175 
12040000,0.20875 
12050000,0.215 
12060000,0.20375 
12070000,0.2 
12080000,0.1975 
12090000,0.20375 
12100000,0.21 
12110000,0.21375 
12120000,0.19375 
12130000,0.2 
12140000,0.195 
12150000,0.20875 
12160000,0.20875 
12170000,0.20625 
12180000,0.2125 
12190000,0.20625 
12200000,0.2125 
12210000,0.21625 
12220000,0.215 
12230000,0.205 
12240000,0.215 
12250000,0.2025 
12260000,0.2025 
12270000,0.205 
12280000,0.22125 
12290000,0.22125 
12300000,0.1975 
12310000,0.2075 
12320000,0.20375 
12330000,0.20125 
12340000,0.20875 
12350000,0.21 
12360000,0.20375 
12370000,0.1975 
12380000,0.2025 
12390000,0.21 
12400000,0.195 
12410000,0.19625 
12420000,0.19625 
12430000,0.20625 
12440000,0.20125 
12450000,0.19375 
12460000,0.1925 
12470000,0.1975 
12480000,0.20625 
12490000,0.2125 
12500000,0.20625 
12510000,0.20875 
12520000,0.21625 
12530000,0.2 
12540000,0.205 
12550000,0.205 
12560000,0.21125 
12570000,0.2 
12580000,0.2 
12590000,0.19875 
12600000,0.195 
12610000,0.205 
12620000,0.19125 
12630000,0.20375 
12640000,0.21125 
12650000,0.2025 
12660000,0.20625 
12670000,0.1975 
12680000,0.205 
12690000,0.21875 
12700000,0.2 
12710000,0.19625 
12720000,0.19875 
12730000,0.2175 
12740000,0.21 
12750000,0.215 
12760000,0.2075 
12770000,0.20125 
12780000,0.21375 
12790000,0.1975 
12800000,0.2075 
12810000,0.19125 
12820000,0.195 
12830000,0.205 
12840000,0.20625 
12850000,0.20625 
12860000,0.21125 
12870000,0.20375 
12880000,0.19875 
12890000,0.2075 
12900000,0.2025 
12910000,0.18625 
12920000,0.20625 
12930000,0.19375 
12940000,0.19875 
12950000,0.19125 
12960000,0.1975 
12970000,0.2 
12980000,0.20875 
12990000,0.19875 
13000000,0.205 
13010000,0.1975 
13020000,0.2 
13030000,0.19625 
13040000,0.20375 
13050000,0.20125 
13060000,0.20125 
13070000,0.20625 
13080000,0.20875 
13090000,0.20875 
13100000,0.20625 
13110000,0.21125 
13120000,0.19375 
13130000,0.2025 
13140000,0.19625 
13150000,0.205 
13160000,0.19625 
13170000,0.2025 
13180000,0.20125 
13190000,0.2175 
13200000,0.215 
13210000,0.22375 
13220000,0.21 
13230000,0.205 
13240000,0.20875 
13250000,0.205 
13260000,0.20125 
13270000,0.20125 
13280000,0.20875 
13290000,0.20625 
13300000,0.19625 
13310000,0.19875 
13320000,0.20125 
13330000,0.20375 
13340000,0.21375 
13350000,0.2125 
13360000,0.20625 
13370000,0.20875 
13380000,0.2075 
13390000,0.20375 
13400000,0.2075 
13410000,0.1975 
13420000,0.19 
13430000,0.19625 
13440000,0.21375 
13450000,0.2075 
13460000,0.20875 
13470000,0.20125 
13480000,0.19875 
13490000,0.19375 
13500000,0.20125 
13510000,0.21625 
13520000,0.215 
13530000,0.205 
13540000,0.19875 
13550000,0.20625 
13560000,0.2075 
13570000,0.19375 
13580000,0.215 
13590000,0.215 
13600000,0.21125 
13610000,0.2175 
13620000,0.20375 
13630000,0.2025 
13640000,0.20125 
13650000,0.20375 
13660000,0.21 
13670000,0.20875 
13680000,0.2 
13690000,0.20625 
13700000,0.21625 
13710000,0.195 
13720000,0.205 
13730000,0.20625 
13740000,0.20625 
13750000,0.205 
13760000,0.2025 
13770000,0.21125 
13780000,0.20125 
13790000,0.215 
13800000,0.20875 
13810000,0.19625 
13820000,0.18625 
13830000,0.19625 
13840000,0.19375 
13850000,0.20625 
13860000,0.1975 
13870000,0.2 
13880000,0.19625 
13890000,0.21125 
13900000,0.205 
13910000,0.20625 
13920000,0.1825 
13930000,0.2 
13940000,0.2025 
13950000,0.18625 
13960000,0.21125 
13970000,0.18375 
13980000,0.19875 
13990000,0.2 
14000000,0.2 
14010000,0.19875 
14020000,0.20625 
14030000,0.2025 
14040000,0.19125 
14050000,0.20625 
14060000,0.17875 
14070000,0.1975 
14080000,0.2075 
14090000,0.1975 
14100000,0.19125 
14110000,0.195 
14120000,0.2 
14130000,0.21125 
14140000,0.20375 
14150000,0.2025 
14160000,0.19125 
14170000,0.20625 
14180000,0.20875 
14190000,0.2075 
14200000,0.19625 
14210000,0.2 
14220000,0.19625 
14230000,0.20625 
14240000,0.20625 
14250000,0.19375 
14260000,0.21 
14270000,0.20125 
14280000,0.2025 
14290000,0.20125 
14300000,0.21375 
14310000,0.1925 
14320000,0.18375 
14330000,0.2125 
14340000,0.2 
14350000,0.20875 
14360000,0.205 
14370000,0.205 
14380000,0.1975 
14390000,0.2075 
14400000,0.20875 
14410000,0.20125 
14420000,0.21 
14430000,0.2075 
14440000,0.2125 
14450000,0.2125 
14460000,0.1975 
14470000,0.20375 
14480000,0.205 
14490000,0.19625 
14500000,0.2025 
14510000,0.21875 
14520000,0.205 
14530000,0.19625 
14540000,0.21875 
14550000,0.2 
14560000,0.2125 
14570000,0.2125 
14580000,0.215 
14590000,0.21 
14600000,0.2 
14610000,0.19625 
14620000,0.19125 
14630000,0.1925 
14640000,0.1925 
14650000,0.19125 
14660000,0.195 
14670000,0.1975 
14680000,0.2025 
14690000,0.19875 
14700000,0.20875 
14710000,0.19875 
14720000,0.1975 
14730000,0.20875 
14740000,0.18375 
14750000,0.195 
14760000,0.20875 
14770000,0.19125 
14780000,0.19625 
14790000,0.19625 
14800000,0.2 
14810000,0.195 
14820000,0.20125 
14830000,0.20375 
14840000,0.21 
14850000,0.21375 
14860000,0.20375 
14870000,0.21 
14880000,0.20375 
14890000,0.2075 
14900000,0.2025 
14910000,0.21 
14920000,0.20875 
14930000,0.20375 
14940000,0.2075 
14950000,0.19375 
14960000,0.1975 
14970000,0.19125 
14980000,0.19375 
14990000,0.1975 
15000000,0.20625 
15010000,0.2 
15020000,0.2 
15030000,0.2 
15040000,0.20375 
15050000,0.2075 
15060000,0.205 
15070000,0.195 
15080000,0.18875 
15090000,0.195 
15100000,0.19 
15110000,0.19375 
15120000,0.19625 
15130000,0.1875 
15140000,0.19875 
15150000,0.2025 
15160000,0.20125 
15170000,0.18625 
15180000,0.19875 
15190000,0.20125 
15200000,0.19625 
15210000,0.20625 
15220000,0.19625 
15230000,0.20125 
15240000,0.21 
15250000,0.20125 
15260000,0.2025 
15270000,0.20125 
15280000,0.20125 
15290000,0.195 
15300000,0.195 
15310000,0.20125 
15320000,0.1925 
15330000,0.1925 
15340000,0.185 
15350000,0.205 
15360000,0.21 
15370000,0.205 
15380000,0.1825 
15390000,0.195 
15400000,0.19625 
15410000,0.1925 
15420000,0.20625 
15430000,0.20625 
15440000,0.19125 
15450000,0.20625 
15460000,0.20875 
15470000,0.20375 
15480000,0.19875 
15490000,0.18375 
15500000,0.19875 
15510000,0.18875 
15520000,0.20125 
15530000,0.195 
15540000,0.18625 
15550000,0.19125 
15560000,0.19875 
15570000,0.19125 
15580000,0.2075 
15590000,0.19875 
15600000,0.20125 
15610000,0.19875 
15620000,0.195 
15630000,0.1875 
15640000,0.1875 
15650000,0.21 
15660000,0.1975 
15670000,0.19375 
15680000,0.19 
15690000,0.20625 
15700000,0.21375 
15710000,0.195 
15720000,0.195 
15730000,0.20375 
15740000,0.18875 
15750000,0.2125 
15760000,0.1875 
15770000,0.2075 
15780000,0.21125 
15790000,0.20625 
15800000,0.20875 
15810000,0.2 
15820000,0.19125 
15830000,0.20375 
15840000,0.19875 
15850000,0.20125 
15860000,0.205 
15870000,0.205 
15880000,0.20625 
15890000,0.205 
15900000,0.2 
15910000,0.18875 
15920000,0.20375 
15930000,0.21 
15940000,0.20875 
15950000,0.1925 
15960000,0.18875 
15970000,0.2 
15980000,0.2025 
15990000,0.20625 
16000000,0.2025 
16010000,0.19375 
16020000,0.1925 
16030000,0.2075 
16040000,0.21125 
16050000,0.20625 
16060000,0.2 
16070000,0.2 
16080000,0.18875 
16090000,0.19625 
16100000,0.21625 
16110000,0.2 
16120000,0.205 
16130000,0.19625 
16140000,0.19125 
16150000,0.1925 
16160000,0.1975 
16170000,0.2 
16180000,0.18625 
16190000,0.19625 
16200000,0.1975 
16210000,0.2 
16220000,0.20375 
16230000,0.19 
16240000,0.1975 
16250000,0.2 
16260000,0.1925 
16270000,0.18375 
16280000,0.20125 
16290000,0.20875 
16300000,0.19 
16310000,0.2125 
16320000,0.2025 
16330000,0.205 
16340000,0.19875 
16350000,0.185 
16360000,0.20125 
16370000,0.20375 
16380000,0.19625 
16390000,0.195 
16400000,0.1975 
16410000,0.1925 
16420000,0.2075 
16430000,0.20875 
16440000,0.20625 
16450000,0.20375 
16460000,0.1875 
16470000,0.19375 
16480000,0.19875 
16490000,0.2175 
16500000,0.2025 
16510000,0.2025 
16520000,0.19875 
16530000,0.195 
16540000,0.2025 
16550000,0.19375 
16560000,0.195 
16570000,0.1975 
16580000,0.19875 
16590000,0.1925 
16600000,0.1925 
16610000,0.19375 
16620000,0.19875 
16630000,0.19375 
16640000,0.19625 
16650000,0.19375 
16660000,0.19375 
16670000,0.1975 
16680000,0.19625 
16690000,0.20125 
16700000,0.19875 
16710000,0.21125 
16720000,0.18625 
16730000,0.1975 
16740000,0.18625 
16750000,0.1925 
16760000,0.18625 
16770000,0.1925 
16780000,0.18 
16790000,0.205 
16800000,0.19625 
16810000,0.18875 
16820000,0.18875 
16830000,0.19625 
16840000,0.1875 
16850000,0.20125 
16860000,0.19375 
16870000,0.195 
16880000,0.19875 
16890000,0.19625 
16900000,0.18375 
16910000,0.2 
16920000,0.1925 
16930000,0.19375 
16940000,0.19625 
16950000,0.20375 
16960000,0.20375 
16970000,0.1975 
16980000,0.19625 
16990000,0.2 
17000000,0.1925 
17010000,0.195 
17020000,0.19125 
17030000,0.1875 
17040000,0.2 
17050000,0.19625 
17060000,0.1925 
17070000,0.2 
17080000,0.20625 
17090000,0.19875 
17100000,0.2 
17110000,0.1925 
17120000,0.205 
17130000,0.20375 
17140000,0.20125 
17150000,0.175 
17160000,0.2 
17170000,0.2 
17180000,0.19375 
17190000,0.20625 
17200000,0.195 
17210000,0.20875 
17220000,0.20375 
17230000,0.20875 
17240000,0.19375 
17250000,0.20375 
17260000,0.18125 
17270000,0.19125 
17280000,0.19 
17290000,0.19375 
17300000,0.20125 
17310000,0.20625 
17320000,0.2 
17330000,0.18375 
17340000,0.19625 
17350000,0.19625 
17360000,0.2 
17370000,0.1825 
17380000,0.21 
17390000,0.19125 
17400000,0.205 
17410000,0.2 
17420000,0.2 
17430000,0.19375 
17440000,0.19875 
17450000,0.20625 
17460000,0.20375 
17470000,0.2025 
17480000,0.1975 
17490000,0.18625 
17500000,0.18625 
17510000,0.20125 
17520000,0.2 
17530000,0.20375 
17540000,0.19125 
17550000,0.2 
17560000,0.20375 
17570000,0.1975 
17580000,0.1975 
17590000,0.1975 
17600000,0.195 
17610000,0.20375 
17620000,0.1875 
17630000,0.20375 
17640000,0.19375 
17650000,0.2 
17660000,0.19 
17670000,0.20125 
17680000,0.20125 
17690000,0.19375 
17700000,0.19625 
17710000,0.19625 
17720000,0.19625 
17730000,0.21375 
17740000,0.19 
17750000,0.21 
17760000,0.2025 
17770000,0.2 
17780000,0.185 
17790000,0.20625 
17800000,0.1975 
17810000,0.19875 
17820000,0.2 
17830000,0.195 
17840000,0.2075 
17850000,0.20375 
17860000,0.2 
17870000,0.2 
17880000,0.19 
17890000,0.1925 
17900000,0.2 
17910000,0.205 
17920000,0.19 
17930000,0.205 
17940000,0.20875 
17950000,0.18875 
17960000,0.185 
17970000,0.2 
17980000,0.19625 
17990000,0.2075 
18000000,0.20625 
18010000,0.2075 
18020000,0.1875 
18030000,0.2025 
18040000,0.19875 
18050000,0.2125 
18060000,0.19125 
18070000,0.205 
18080000,0.19625 
18090000,0.2025 
18100000,0.2 
18110000,0.1975 
18120000,0.205 
18130000,0.19875 
18140000,0.205 
18150000,0.2025 
18160000,0.205 
18170000,0.1875 
18180000,0.2 
18190000,0.21375 
18200000,0.20125 
18210000,0.1975 
18220000,0.2025 
18230000,0.19625 
18240000,0.19875 
18250000,0.20125 
18260000,0.20375 
18270000,0.18375 
18280000,0.2 
18290000,0.20125 
18300000,0.21375 
18310000,0.21 
18320000,0.195 
18330000,0.19625 
18340000,0.19625 
18350000,0.21125 
18360000,0.195 
18370000,0.19125 
18380000,0.20375 
18390000,0.19625 
18400000,0.2025 
18410000,0.2025 
18420000,0.18375 
18430000,0.19875 
18440000,0.1875 
18450000,0.215 
18460000,0.19625 
18470000,0.185 
18480000,0.1975 
18490000,0.19625 
18500000,0.2025 
18510000,0.2 
18520000,0.2 
18530000,0.21 
18540000,0.20125 
18550000,0.19125 
18560000,0.1925 
18570000,0.19875 
18580000,0.2025 
18590000,0.2025 
18600000,0.21375 
18610000,0.1975 
18620000,0.19125 
18630000,0.19875 
18640000,0.18625 
18650000,0.20875 
18660000,0.205 
18670000,0.19875 
18680000,0.195 
18690000,0.20875 
18700000,0.19875 
18710000,0.19625 
18720000,0.2 
18730000,0.195 
18740000,0.20375 
18750000,0.20875 
18760000,0.18875 
18770000,0.1975 
18780000,0.20375 
18790000,0.2 
18800000,0.20625 
18810000,0.20375 
18820000,0.19 
18830000,0.195 
18840000,0.19625 
18850000,0.195 
18860000,0.2 
18870000,0.19625 
18880000,0.1825 
18890000,0.19875 
18900000,0.185 
18910000,0.1925 
18920000,0.20875 
18930000,0.2025 
18940000,0.20125 
18950000,0.1975 
18960000,0.1925 
18970000,0.19125 
18980000,0.195 
18990000,0.19125 
19000000,0.18875 
19010000,0.19625 
19020000,0.195 
19030000,0.2 
19040000,0.2 
19050000,0.21125 
19060000,0.19 
19070000,0.2 
19080000,0.1925 
19090000,0.18875 
19100000,0.19 
19110000,0.1975 
19120000,0.1975 
19130000,0.20375 
19140000,0.19125 
19150000,0.1925 
19160000,0.2025 
19170000,0.18625 
19180000,0.20125 
19190000,0.19375 
19200000,0.19625 
19210000,0.1925 
19220000,0.19875 
19230000,0.18625 
19240000,0.18875 
19250000,0.1875 
19260000,0.19625 
19270000,0.1875 
19280000,0.19375 
19290000,0.19375 
19300000,0.1975 
19310000,0.195 
19320000,0.2025 
19330000,0.1925 
19340000,0.1975 
19350000,0.19375 
19360000,0.19375 
19370000,0.20375 
19380000,0.19375 
19390000,0.2 
19400000,0.20125 
19410000,0.195 
19420000,0.20375 
19430000,0.20125 
19440000,0.21125 
19450000,0.19 
19460000,0.19125 
19470000,0.19375 
19480000,0.185 
19490000,0.1925 
19500000,0.20125 
19510000,0.19375 
19520000,0.1825 
19530000,0.2025 
19540000,0.19375 
19550000,0.19125 
19560000,0.19 
19570000,0.2 
19580000,0.20625 
19590000,0.17875 
19600000,0.20125 
19610000,0.19 
19620000,0.19625 
19630000,0.2075 
19640000,0.1875 
19650000,0.2 
19660000,0.21 
19670000,0.1975 
19680000,0.2025 
19690000,0.19625 
19700000,0.2075 
19710000,0.19125 
19720000,0.205 
19730000,0.20375 
19740000,0.2075 
19750000,0.195 
19760000,0.2 
19770000,0.1975 
19780000,0.19625 
19790000,0.195 
19800000,0.19875 
19810000,0.20125 
19820000,0.1925 
19830000,0.195 
19840000,0.19375 
19850000,0.19 
19860000,0.19 
19870000,0.18625 
19880000,0.1975 
19890000,0.1975 
19900000,0.2025 
19910000,0.20625 
19920000,0.19375 
19930000,0.2 
19940000,0.18875 
19950000,0.20375 
19960000,0.20875 
19970000,0.2125 
19980000,0.2 
19990000,0.19875 
20000000,0.20375 
20010000,0.19375 
20020000,0.19625 
20030000,0.195 
20040000,0.185 
20050000,0.19375 
20060000,0.205 
20070000,0.19 
20080000,0.19625 
20090000,0.1975 
20100000,0.1925 
20110000,0.20875 
20120000,0.19875 
20130000,0.1975 
20140000,0.19375 
20150000,0.19125 
20160000,0.19375 
20170000,0.19875 
20180000,0.19125 
20190000,0.2 
20200000,0.20125 
20210000,0.21 
20220000,0.2 
20230000,0.20875 
20240000,0.1975 
20250000,0.2075 
20260000,0.18875 
20270000,0.19 
20280000,0.19375 
20290000,0.19375 
20300000,0.2025 
20310000,0.21375 
20320000,0.19375 
20330000,0.2025 
20340000,0.1975 
20350000,0.18875 
20360000,0.2 
20370000,0.18375 
20380000,0.2 
20390000,0.205 
20400000,0.195 
20410000,0.2 
20420000,0.18625 
20430000,0.1975 
20440000,0.19875 
20450000,0.18 
20460000,0.18625 
20470000,0.18875 
20480000,0.19375 
20490000,0.19625 
20500000,0.195 
20510000,0.18625 
20520000,0.185 
20530000,0.19375 
20540000,0.1975 
20550000,0.19125 
20560000,0.20375 
20570000,0.1875 
20580000,0.2 
20590000,0.18625 
20600000,0.175 
20610000,0.21125 
20620000,0.185 
20630000,0.20125 
20640000,0.18625 
20650000,0.19625 
20660000,0.19875 
20670000,0.18125 
20680000,0.195 
20690000,0.1975 
20700000,0.1975 
20710000,0.19875 
20720000,0.1925 
20730000,0.19875 
20740000,0.18 
20750000,0.20375 
20760000,0.195 
20770000,0.18375 
20780000,0.20375 
20790000,0.185 
20800000,0.19875 
20810000,0.19625 
20820000,0.2 
20830000,0.2075 
20840000,0.185 
20850000,0.2075 
20860000,0.1925 
20870000,0.18625 
20880000,0.1875 
20890000,0.195 
20900000,0.18625 
20910000,0.18625 
20920000,0.1975 
20930000,0.1925 
20940000,0.195 
20950000,0.1825 
20960000,0.1925 
20970000,0.19625 
20980000,0.19375 
20990000,0.195 
21000000,0.1875 
21010000,0.19 
21020000,0.195 
21030000,0.195 
21040000,0.185 
21050000,0.1925 
21060000,0.18625 
21070000,0.18 
21080000,0.2025 
21090000,0.19125 
21100000,0.18875 
21110000,0.19 
21120000,0.18125 
21130000,0.2075 
21140000,0.20125 
21150000,0.19 
21160000,0.19125 
21170000,0.17375 
21180000,0.20125 
21190000,0.18125 
21200000,0.20875 
21210000,0.1975 
21220000,0.20125 
21230000,0.19375 
21240000,0.19375 
21250000,0.185 
21260000,0.2 
21270000,0.2 
21280000,0.20375 
21290000,0.1875 
21300000,0.19625 
21310000,0.19 
21320000,0.20375 
21330000,0.2 
21340000,0.1875 
21350000,0.1925 
21360000,0.19375 
21370000,0.19125 
21380000,0.19375 
21390000,0.185 
21400000,0.19625 
21410000,0.19375 
21420000,0.1975 
21430000,0.20375 
21440000,0.1775 
21450000,0.1975 
21460000,0.2025 
21470000,0.19875 
21480000,0.20625 
21490000,0.20125 
21500000,0.1925 
21510000,0.18875 
21520000,0.18625 
21530000,0.19 
21540000,0.21 
21550000,0.18625 
21560000,0.2025 
21570000,0.19625 
21580000,0.19 
21590000,0.1975 
21600000,0.19875 
21610000,0.19125 
21620000,0.18875 
21630000,0.19625 
21640000,0.18125 
21650000,0.195 
21660000,0.195 
21670000,0.2025 
21680000,0.19 
21690000,0.205 
21700000,0.20125 
21710000,0.1975 
21720000,0.19125 
21730000,0.20875 
21740000,0.2025 
21750000,0.2075 
21760000,0.1925 
21770000,0.19875 
21780000,0.19875 
21790000,0.195 
21800000,0.20125 
21810000,0.19875 
21820000,0.2025 
21830000,0.21 
21840000,0.195 
21850000,0.18375 
21860000,0.205 
21870000,0.1975 
21880000,0.20375 
21890000,0.19625 
21900000,0.20375 
21910000,0.19875 
21920000,0.19625 
21930000,0.2025 
21940000,0.20875 
21950000,0.19125 
21960000,0.1775 
21970000,0.1975 
21980000,0.2 
21990000,0.18375 
22000000,0.1875 
22010000,0.19125 
22020000,0.2 
22030000,0.1975 
22040000,0.1925 
22050000,0.19375 
22060000,0.19375 
22070000,0.19125 
22080000,0.1775 
22090000,0.1975 
22100000,0.19125 
22110000,0.20375 
22120000,0.18875 
22130000,0.19625 
22140000,0.20375 
22150000,0.1975 
22160000,0.1925 
22170000,0.20375 
22180000,0.1975 
22190000,0.18 
22200000,0.19875 
22210000,0.2025 
22220000,0.18875 
22230000,0.20375 
22240000,0.20375 
22250000,0.175 
22260000,0.1875 
22270000,0.20625 
22280000,0.21125 
22290000,0.18875 
22300000,0.20375 
22310000,0.19 
22320000,0.1975 
22330000,0.185 
22340000,0.20375 
22350000,0.21 
22360000,0.2075 
22370000,0.21125 
22380000,0.20125 
22390000,0.1975 
22400000,0.19125 
22410000,0.1925 
22420000,0.1925 
22430000,0.1975 
22440000,0.1925 
22450000,0.205 
22460000,0.195 
22470000,0.18875 
22480000,0.19125 
22490000,0.1925 
22500000,0.20375 
22510000,0.1925 
22520000,0.20375 
22530000,0.17875 
22540000,0.1925 
22550000,0.19875 
22560000,0.195 
22570000,0.18875 
22580000,0.2075 
22590000,0.195 
22600000,0.2125 
22610000,0.2 
22620000,0.1975 
22630000,0.20625 
22640000,0.1975 
22650000,0.195 
22660000,0.1875 
22670000,0.1925 
22680000,0.1975 
22690000,0.21125 
22700000,0.185 
22710000,0.1975 
22720000,0.2025 
22730000,0.19625 
22740000,0.19125 
22750000,0.20125 
22760000,0.185 
22770000,0.205 
22780000,0.18625 
22790000,0.18625 
22800000,0.20125 
22810000,0.185 
22820000,0.19875 
22830000,0.19875 
22840000,0.19625 
22850000,0.1975 
22860000,0.21125 
22870000,0.19375 
22880000,0.20125 
22890000,0.20625 
22900000,0.19125 
22910000,0.215 
22920000,0.19125 
22930000,0.1925 
22940000,0.195 
22950000,0.195 
22960000,0.205 
22970000,0.2 
22980000,0.19625 
22990000,0.19875 
23000000,0.185 
23010000,0.1925 
23020000,0.19625 
23030000,0.19125 
23040000,0.19625 
23050000,0.19875 
23060000,0.19375 
23070000,0.18375 
23080000,0.20375 
23090000,0.19875 
23100000,0.185 
23110000,0.2 
23120000,0.2025 
23130000,0.19 
23140000,0.18875 
23150000,0.205 
23160000,0.1875 
23170000,0.1825 
23180000,0.19125 
23190000,0.19375 
23200000,0.1975 
23210000,0.195 
23220000,0.1975 
23230000,0.205 
23240000,0.19375 
23250000,0.18625 
23260000,0.1875 
23270000,0.1875 
23280000,0.1775 
23290000,0.1975 
23300000,0.1775 
23310000,0.2025 
23320000,0.20375 
23330000,0.19125 
23340000,0.195 
23350000,0.19 
23360000,0.20875 
23370000,0.20125 
23380000,0.1875 
23390000,0.185 
23400000,0.18625 
23410000,0.195 
23420000,0.2 
23430000,0.195 
23440000,0.20125 
23450000,0.21125 
23460000,0.19 
23470000,0.18875 
23480000,0.195 
23490000,0.2 
23500000,0.17625 
23510000,0.205 
23520000,0.20375 
23530000,0.18875 
23540000,0.20125 
23550000,0.19 
23560000,0.2025 
23570000,0.20125 
23580000,0.19375 
23590000,0.1975 
23600000,0.1975 
23610000,0.19625 
23620000,0.19875 
23630000,0.2025 
23640000,0.20125 
23650000,0.195 
23660000,0.18875 
23670000,0.1925 
23680000,0.19625 
23690000,0.185 
23700000,0.19375 
23710000,0.20375 
23720000,0.2 
23730000,0.20125 
23740000,0.1925 
23750000,0.1875 
23760000,0.19375 
23770000,0.1975 
23780000,0.17625 
23790000,0.19625 
23800000,0.195 
23810000,0.1925 
23820000,0.19375 
23830000,0.19375 
23840000,0.1925 
23850000,0.21 
23860000,0.19625 
23870000,0.19375 
23880000,0.20875 
23890000,0.19875 
23900000,0.21 
23910000,0.195 
23920000,0.1875 
23930000,0.195 
23940000,0.2 
23950000,0.195 
23960000,0.18875 
23970000,0.20125 
23980000,0.205 
23990000,0.19875 
24000000,0.19375 
24010000,0.2 
24020000,0.195 
24030000,0.18875 
24040000,0.17375 
24050000,0.19875 
24060000,0.2 
24070000,0.1925 
24080000,0.19875 
24090000,0.19 
24100000,0.20375 
24110000,0.18875 
24120000,0.21125 
24130000,0.195 
24140000,0.19 
24150000,0.1875 
24160000,0.19625 
24170000,0.19375 
24180000,0.205 
24190000,0.19 
24200000,0.19 
24210000,0.205 
24220000,0.19875 
24230000,0.1975 
24240000,0.195 
24250000,0.205 
24260000,0.2025 
24270000,0.2 
24280000,0.185 
24290000,0.205 
24300000,0.17375 
24310000,0.19 
24320000,0.19 
24330000,0.18 
24340000,0.1875 
24350000,0.1925 
24360000,0.18625 
24370000,0.195 
24380000,0.18875 
24390000,0.1925 
24400000,0.19 
24410000,0.1925 
24420000,0.1975 
24430000,0.19875 
24440000,0.18375 
24450000,0.1875 
24460000,0.20125 
24470000,0.20875 
24480000,0.205 
24490000,0.20125 
24500000,0.2 
24510000,0.19375 
24520000,0.19125 
24530000,0.19625 
24540000,0.19 
24550000,0.19375 
24560000,0.19625 
24570000,0.185 
24580000,0.195 
24590000,0.185 
24600000,0.19125 
24610000,0.19625 
24620000,0.19375 
24630000,0.195 
24640000,0.19625 
24650000,0.20125 
24660000,0.19875 
24670000,0.21125 
24680000,0.2125 
24690000,0.2025 
24700000,0.1975 
24710000,0.19625 
24720000,0.1825 
24730000,0.19 
24740000,0.21 
24750000,0.19125 
24760000,0.1875 
24770000,0.195 
24780000,0.19 
24790000,0.20375 
24800000,0.195 
24810000,0.2 
24820000,0.19875 
24830000,0.19625 
24840000,0.20375 
24850000,0.18875 
24860000,0.2025 
24870000,0.205 
24880000,0.20375 
24890000,0.18875 
24900000,0.21125 
24910000,0.195 
24920000,0.19625 
24930000,0.19375 
24940000,0.21 
24950000,0.20625 
24960000,0.2 
24970000,0.195 
24980000,0.19875 
24990000,0.18875 
25000000,0.19875 
