0.0
0.0
0.0
8.0
0.0
0.0
8.0
0.0
0.0
8.0
8.0
0.0
8.0
8.0
8.0
0.0
8.0
0.0
0.0
0.0
0.0
0.0
0.0
8.0
0.0
0.0
8.0
0.0
8.0
8.0
8.0
0.0
0.0
16.0
0.0
0.0
0.0
0.0
0.0
24.0
0.0
0.0
0.0
0.0
8.0
0.0
0.0
16.0
8.0
0.0
8.0
0.0
0.0
0.0
0.0
16.0
8.0
8.0
0.0
24.0
8.0
8.0
0.0
0.0
0.0
16.0
8.0
0.0
8.0
8.0
8.0
0.0
0.0
0.0
8.0
8.0
0.0
8.0
0.0
0.0
8.0
0.0
0.0
32.0
24.0
0.0
8.0
0.0
0.0
8.0
0.0
8.0
16.0
24.0
8.0
0.0
0.0
0.0
0.0
16.0
8.0
16.0
24.0
8.0
16.0
8.0
16.0
0.0
0.0
0.0
0.0
0.0
8.0
8.0
0.0
0.0
0.0
16.0
0.0
0.0
16.0
0.0
0.0
0.0
0.0
8.0
8.0
16.0
0.0
8.0
32.0
0.0
0.0
16.0
8.0
0.0
0.0
8.0
16.0
24.0
0.0
0.0
8.0
0.0
0.0
8.0
0.0
16.0
8.0
16.0
8.0
16.0
8.0
8.0
8.0
8.0
8.0
0.0
24.0
8.0
8.0
8.0
8.0
0.0
0.0
16.0
0.0
0.0
0.0
16.0
8.0
8.0
0.0
24.0
8.0
0.0
8.0
8.0
24.0
0.0
0.0
16.0
16.0
16.0
0.0
8.0
8.0
0.0
0.0
16.0
0.0
0.0
0.0
8.0
16.0
0.0
0.0
0.0
8.0
16.0
8.0
16.0
0.0
16.0
0.0
0.0
0.0
8.0
8.0
8.0
8.0
0.0
0.0
24.0
8.0
0.0
16.0
16.0
16.0
0.0
0.0
0.0
8.0
16.0
0.0
8.0
0.0
8.0
0.0
0.0
0.0
8.0
8.0
0.0
16.0
16.0
0.0
8.0
0.0
0.0
8.0
24.0
0.0
8.0
0.0
8.0
0.0
8.0
8.0
8.0
8.0
8.0
0.0
8.0
0.0
8.0
16.0
16.0
8.0
16.0
0.0
0.0
24.0
0.0
0.0
0.0
0.0
8.0
0.0
24.0
0.0
8.0
8.0
16.0
0.0
8.0
8.0
8.0
0.0
0.0
0.0
0.0
24.0
0.0
8.0
0.0
0.0
8.0
0.0
0.0
8.0
32.0
8.0
16.0
8.0
0.0
16.0
0.0
8.0
16.0
8.0
16.0
24.0
0.0
0.0
16.0
0.0
8.0
8.0
8.0
16.0
8.0
8.0
0.0
8.0
0.0
0.0
8.0
8.0
8.0
32.0
8.0
8.0
0.0
0.0
0.0
0.0
0.0
8.0
16.0
8.0
0.0
8.0
8.0
16.0
8.0
8.0
8.0
8.0
8.0
8.0
0.0
0.0
0.0
16.0
8.0
0.0
16.0
8.0
0.0
8.0
8.0
0.0
0.0
0.0
8.0
16.0
16.0
24.0
24.0
16.0
8.0
8.0
0.0
24.0
8.0
16.0
8.0
8.0
8.0
0.0
8.0
16.0
16.0
8.0
8.0
0.0
8.0
16.0
8.0
8.0
0.0
8.0
0.0
8.0
8.0
16.0
16.0
8.0
0.0
8.0
0.0
8.0
8.0
8.0
0.0
0.0
0.0
0.0
24.0
8.0
8.0
0.0
0.0
8.0
16.0
0.0
16.0
0.0
16.0
8.0
8.0
16.0
16.0
8.0
8.0
8.0
8.0
8.0
24.0
16.0
8.0
24.0
8.0
16.0
8.0
0.0
0.0
8.0
0.0
0.0
0.0
0.0
16.0
8.0
24.0
16.0
0.0
0.0
0.0
0.0
16.0
0.0
0.0
16.0
16.0
0.0
0.0
0.0
8.0
8.0
8.0
8.0
0.0
8.0
8.0
24.0
0.0
24.0
0.0
8.0
8.0
8.0
0.0
16.0
8.0
8.0
8.0
16.0
8.0
8.0
8.0
8.0
0.0
16.0
8.0
0.0
8.0
0.0
8.0
16.0
0.0
8.0
24.0
0.0
32.0
16.0
32.0
0.0
24.0
24.0
16.0
0.0
8.0
8.0
26.0
0.0
8.0
8.0
24.0
0.0
8.0
16.0
40.0
16.0
16.0
0.0
8.0
0.0
8.0
24.0
8.0
16.0
8.0
24.0
32.0
8.0
24.0
0.0
8.0
24.0
16.0
8.0
8.0
8.0
24.0
40.0
0.0
0.0
0.0
8.0
8.0
0.0
16.0
8.0
8.0
0.0
8.0
32.0
0.0
0.0
16.0
0.0
0.0
0.0
8.0
24.0
8.0
8.0
16.0
16.0
0.0
16.0
8.0
16.0
0.0
0.0
40.0
16.0
8.0
24.0
0.0
16.0
16.0
16.0
24.0
8.0
24.0
8.0
0.0
8.0
8.0
0.0
24.0
8.0
24.0
0.0
8.0
8.0
32.0
0.0
16.0
8.0
34.0
16.0
16.0
0.0
24.0
16.0
8.0
32.0
48.0
16.0
8.0
16.0
32.0
24.0
16.0
8.0
0.0
8.0
16.0
24.0
24.0
16.0
8.0
16.0
16.0
0.0
40.0
24.0
8.0
8.0
24.0
0.0
16.0
16.0
0.0
8.0
24.0
16.0
8.0
8.0
0.0
0.0
24.0
8.0
8.0
0.0
24.0
16.0
0.0
48.0
16.0
0.0
16.0
32.0
40.0
0.0
16.0
24.0
16.0
8.0
16.0
8.0
16.0
24.0
0.0
8.0
8.0
8.0
0.0
24.0
42.0
8.0
0.0
16.0
8.0
32.0
32.0
0.0
0.0
8.0
8.0
24.0
8.0
16.0
8.0
16.0
24.0
24.0
16.0
8.0
8.0
16.0
48.0
16.0
48.0
16.0
24.0
0.0
8.0
8.0
8.0
8.0
24.0
8.0
24.0
16.0
8.0
8.0
16.0
24.0
24.0
16.0
8.0
16.0
0.0
16.0
16.0
8.0
24.0
8.0
0.0
24.0
0.0
8.0
8.0
32.0
8.0
24.0
16.0
16.0
40.0
8.0
32.0
0.0
0.0
8.0
58.0
40.0
32.0
16.0
0.0
24.0
32.0
24.0
32.0
24.0
50.0
32.0
16.0
8.0
32.0
16.0
0.0
8.0
0.0
24.0
0.0
0.0
0.0
0.0
24.0
40.0
16.0
0.0
32.0
32.0
40.0
50.0
0.0
16.0
24.0
24.0
16.0
8.0
32.0
24.0
16.0
0.0
8.0
24.0
24.0
24.0
24.0
24.0
56.0
16.0
48.0
16.0
40.0
32.0
24.0
24.0
8.0
8.0
8.0
32.0
24.0
24.0
40.0
24.0
16.0
24.0
8.0
32.0
48.0
24.0
40.0
32.0
32.0
16.0
8.0
16.0
16.0
32.0
74.0
16.0
16.0
8.0
64.0
16.0
32.0
24.0
8.0
24.0
8.0
48.0
32.0
32.0
32.0
24.0
24.0
32.0
40.0
40.0
16.0
24.0
8.0
24.0
48.0
24.0
16.0
32.0
48.0
16.0
8.0
40.0
40.0
42.0
48.0
32.0
32.0
8.0
16.0
8.0
34.0
48.0
64.0
32.0
40.0
32.0
32.0
40.0
40.0
24.0
40.0
16.0
56.0
16.0
16.0
32.0
40.0
48.0
48.0
16.0
32.0
8.0
40.0
16.0
32.0
0.0
16.0
40.0
16.0
32.0
16.0
64.0
8.0
16.0
32.0
40.0
32.0
16.0
24.0
24.0
48.0
40.0
32.0
40.0
58.0
42.0
32.0
16.0
40.0
24.0
48.0
8.0
56.0
24.0
24.0
8.0
40.0
8.0
16.0
34.0
32.0
16.0
16.0
48.0
24.0
32.0
50.0
32.0
16.0
24.0
16.0
48.0
48.0
24.0
32.0
32.0
16.0
8.0
32.0
24.0
16.0
32.0
64.0
16.0
32.0
56.0
64.0
40.0
32.0
24.0
48.0
40.0
40.0
40.0
16.0
50.0
72.0
24.0
24.0
24.0
42.0
16.0
16.0
32.0
66.0
16.0
16.0
48.0
48.0
34.0
24.0
40.0
40.0
48.0
40.0
32.0
48.0
48.0
72.0
32.0
98.0
16.0
56.0
32.0
16.0
32.0
56.0
56.0
8.0
16.0
34.0
50.0
24.0
40.0
16.0
32.0
40.0
42.0
16.0
80.0
32.0
24.0
40.0
64.0
72.0
56.0
84.0
32.0
40.0
48.0
80.0
24.0
24.0
48.0
58.0
32.0
24.0
82.0
56.0
48.0
64.0
32.0
40.0
48.0
