10000,0.08055032044649124 
20000,0.06879565119743347 
30000,0.1314111351966858 
40000,0.12414824217557907 
50000,0.09089850634336472 
60000,0.15207535028457642 
70000,0.13946533203125 
80039,0.14489968121051788 
90039,0.1379386931657791 
100039,0.13582026958465576 
110039,0.12517209351062775 
120039,0.17386871576309204 
130039,0.16185243427753448 
140039,0.14033344388008118 
150039,0.1436774879693985 
160039,0.16062003374099731 
170039,0.16297651827335358 
180039,0.1391865611076355 
190039,0.13463135063648224 
200039,0.16022704541683197 
210039,0.16037064790725708 
220039,0.1423046886920929 
230039,0.14405423402786255 
240039,0.1613093614578247 
250039,0.14742019772529602 
260039,0.13721828162670135 
270039,0.1430625021457672 
280022,0.17321895062923431 
290022,0.12924601137638092 
300022,0.13906635344028473 
310022,0.1740015149116516 
320022,0.1304181069135666 
330022,0.1690053939819336 
340022,0.14292381703853607 
350022,0.17008963227272034 
360022,0.15891757607460022 
370022,0.14833518862724304 
380022,0.1364448517560959 
390022,0.1337924599647522 
400022,0.11690647900104523 
410022,0.15111352503299713 
420022,0.13779999315738678 
430022,0.13917826116085052 
440022,0.17476901412010193 
450022,0.1293744146823883 
460022,0.14910851418972015 
470022,0.15056023001670837 
480022,0.14314064383506775 
490022,0.16328123211860657 
500022,0.1637478619813919 
510022,0.12122250348329544 
520022,0.14171575009822845 
530022,0.12214776873588562 
540022,0.17172522842884064 
550022,0.153791144490242 
560022,0.14078554511070251 
570022,0.15160731971263885 
580022,0.13382253050804138 
590022,0.15920968353748322 
600022,0.14680199325084686 
610022,0.12946467101573944 
620022,0.14861522614955902 
630022,0.14088743925094604 
640022,0.15956342220306396 
650022,0.1548125296831131 
660018,0.1747458428144455 
670018,0.1419888138771057 
680018,0.15007279813289642 
690018,0.13909505307674408 
700018,0.17724990844726562 
710018,0.15032543241977692 
720018,0.1440957486629486 
730018,0.13793793320655823 
740006,0.1471913754940033 
750006,0.14096960425376892 
760006,0.15792769193649292 
770006,0.17283101379871368 
780006,0.14217568933963776 
790006,0.11201877892017365 
800006,0.15930186212062836 
810006,0.13205939531326294 
820006,0.14756064116954803 
830006,0.13044589757919312 
840006,0.1552218198776245 
850006,0.16227249801158905 
860006,0.14947910606861115 
870006,0.1506272852420807 
880006,0.15322977304458618 
890006,0.15781071782112122 
900006,0.15258684754371643 
910006,0.15059848129749298 
920006,0.16265851259231567 
930006,0.18190596997737885 
940006,0.13531595468521118 
950006,0.13516350090503693 
960006,0.15907198190689087 
970006,0.1635640561580658 
980006,0.1663866490125656 
990006,0.1439840942621231 
1000006,0.16527658700942993 
1010006,0.15329036116600037 
1020006,0.16242322325706482 
1030006,0.15214483439922333 
1040006,0.14130538702011108 
1050006,0.1642182171344757 
1060033,0.15606440603733063 
1070033,0.1558099240064621 
1080033,0.17155539989471436 
1090033,0.13314208388328552 
1100033,0.1600838154554367 
1110033,0.17179694771766663 
1120033,0.14579012989997864 
1130033,0.1431288868188858 
1140033,0.15381121635437012 
1150033,0.16373689472675323 
1160033,0.16834692656993866 
1170033,0.15097463130950928 
1180033,0.14172808825969696 
1190033,0.18014249205589294 
1200033,0.16250547766685486 
1210033,0.1526230424642563 
1220030,0.17020206153392792 
1230013,0.15127995610237122 
1240013,0.16709588468074799 
1250013,0.15965697169303894 
1260013,0.16739089787006378 
1270013,0.17788729071617126 
1280013,0.17794197797775269 
1290013,0.14981873333454132 
1300013,0.2192850261926651 
1310013,0.1740434467792511 
1320005,0.16225263476371765 
1330005,0.1882205456495285 
1340005,0.18005770444869995 
1350035,0.2164202481508255 
1360035,0.215677410364151 
1370035,0.19736705720424652 
1380027,0.22723960876464844 
1390027,0.19998225569725037 
1400027,0.2262413054704666 
1410027,0.20027850568294525 
1420027,0.21646110713481903 
1430027,0.20996277034282684 
1440027,0.22474223375320435 
1450027,0.21403980255126953 
1460027,0.2132931649684906 
1470019,0.22401423752307892 
1480019,0.2130049169063568 
1490019,0.20521748065948486 
1500019,0.22861413657665253 
1510019,0.2538229525089264 
1520044,0.2387111634016037 
1530044,0.22765344381332397 
1540044,0.23923969268798828 
1550044,0.23029230535030365 
1560044,0.26995280385017395 
1570044,0.2394455522298813 
1580020,0.2633228003978729 
1590020,0.23496165871620178 
1600020,0.27573513984680176 
1610020,0.3140256404876709 
1620036,0.2757803797721863 
1630007,0.2617322504520416 
1640007,0.25332221388816833 
1650007,0.2906992435455322 
1660034,0.28580743074417114 
1670028,0.2531026303768158 
1680000,0.26185134053230286 
1690033,0.2531527578830719 
1700029,0.2676417827606201 
1710040,0.30270522832870483 
1720029,0.25827401876449585 
1730029,0.2691439092159271 
1740029,0.2697959542274475 
1750047,0.25814011693000793 
1760049,0.2749231457710266 
1770049,0.3392237424850464 
1780049,0.26738306879997253 
1790020,0.32725226879119873 
1800049,0.30949029326438904 
1810042,0.313711941242218 
1820029,0.31526249647140503 
1830040,0.29399293661117554 
1840023,0.2950904369354248 
1850046,0.2805999219417572 
1860041,0.2785121202468872 
1870034,0.35554954409599304 
1880032,0.3072827160358429 
1890015,0.31767284870147705 
1900024,0.30485305190086365 
1910038,0.3290594518184662 
1920026,0.33513572812080383 
1930000,0.32478049397468567 
1940043,0.30262723565101624 
1950036,0.33736199140548706 
1960018,0.30166900157928467 
1970036,0.3420911133289337 
1980007,0.3523920774459839 
1990039,0.33478760719299316 
2000039,0.3009340465068817 
2010014,0.3568613529205322 
2020048,0.36505046486854553 
2030033,0.3492506742477417 
2040045,0.3585774302482605 
2050014,0.3788621425628662 
2060011,0.36328139901161194 
2070046,0.39302462339401245 
2080044,0.4000536799430847 
2090035,0.38583046197891235 
2100001,0.40017935633659363 
2110030,0.4259278476238251 
2120025,0.43151041865348816 
2130020,0.4079716205596924 
2140011,0.43930670619010925 
2150002,0.457244336605072 
2160026,0.42458564043045044 
2170008,0.4274764955043793 
2180032,0.44227030873298645 
2190046,0.46044808626174927 
2200011,0.46003344655036926 
2210013,0.4333903193473816 
2220049,0.4636806547641754 
2230016,0.4358278512954712 
2240024,0.44674813747406006 
2250027,0.47329437732696533 
2260027,0.49354422092437744 
2270013,0.4495827555656433 
2280041,0.4225724935531616 
2290007,0.4565790891647339 
2300021,0.4419274926185608 
2310028,0.4471220076084137 
2320017,0.44951507449150085 
2330023,0.4948565363883972 
2340030,0.4502907693386078 
2350035,0.46084973216056824 
2360048,0.5104579925537109 
2370006,0.48409953713417053 
2380003,0.4849895238876343 
2390031,0.5276243686676025 
2400045,0.44862884283065796 
2410039,0.49469608068466187 
2420047,0.48374253511428833 
2430044,0.4820869565010071 
2440029,0.4529860019683838 
2450009,0.4748343527317047 
2460000,0.4468000829219818 
2470026,0.47377991676330566 
2480015,0.49232909083366394 
2490019,0.5417311787605286 
2500033,0.4821954369544983 
2510003,0.4883326590061188 
2520038,0.473018616437912 
2530015,0.4738953411579132 
2540001,0.4633411765098572 
2550017,0.46269121766090393 
2560002,0.5044794678688049 
2570027,0.4554014503955841 
2580039,0.4669572412967682 
2590037,0.4152947962284088 
2600009,0.4535633325576782 
2610039,0.5043684840202332 
2620026,0.4532093107700348 
2630045,0.43511414527893066 
2640048,0.50104820728302 
2650015,0.46642231941223145 
2660039,0.4899698495864868 
2670029,0.5095164179801941 
2680030,0.4501286447048187 
2690006,0.5019508004188538 
2700005,0.5037853121757507 
2710038,0.5227491855621338 
2720013,0.4622022211551666 
2730030,0.4574646055698395 
2740018,0.48172348737716675 
2750000,0.48580223321914673 
2760000,0.5025718212127686 
2770010,0.5149595737457275 
2780025,0.5058140158653259 
2790009,0.49559876322746277 
2800003,0.4823307394981384 
2810042,0.4612092077732086 
2820022,0.5558619499206543 
2830012,0.4774869978427887 
2840016,0.489384263753891 
2850013,0.5023292303085327 
2860022,0.45519623160362244 
2870029,0.48470714688301086 
2880025,0.49398818612098694 
2890045,0.508936882019043 
2900006,0.5126291513442993 
2910026,0.4749513268470764 
2920015,0.499153733253479 
2930041,0.4833490252494812 
2940047,0.5144569873809814 
2950047,0.5069669485092163 
2960035,0.5505761504173279 
2970011,0.4951305687427521 
2980007,0.5019281506538391 
2990020,0.5510213375091553 
3000015,0.500527024269104 
3010028,0.48561492562294006 
3020018,0.5230371952056885 
3030035,0.5412905812263489 
3040020,0.4910335838794708 
3050012,0.5073527693748474 
3060017,0.48127925395965576 
3070033,0.49309876561164856 
3080042,0.423067182302475 
3090013,0.5024430155754089 
3100003,0.46812325716018677 
3110007,0.500385046005249 
3120044,0.5063983201980591 
3130044,0.5025255680084229 
3140021,0.5200757384300232 
3150016,0.5171215534210205 
3160016,0.5172761678695679 
3170008,0.49975863099098206 
3180030,0.49813342094421387 
3190033,0.5124324560165405 
3200027,0.5059403777122498 
3210008,0.48174411058425903 
3220028,0.49611741304397583 
3230024,0.5092901587486267 
3240011,0.5253309607505798 
3250021,0.4987170398235321 
3260035,0.5155183672904968 
3270004,0.4902346432209015 
3280013,0.4784063994884491 
3290024,0.5222580432891846 
3300034,0.5138950347900391 
3310023,0.4759354293346405 
3320048,0.49906933307647705 
3330008,0.5151774287223816 
3340002,0.513638973236084 
3350047,0.4842989444732666 
3360047,0.5197587013244629 
3370005,0.545574963092804 
3380043,0.49244651198387146 
3390017,0.5108233094215393 
3400003,0.5129016637802124 
3410000,0.4849734604358673 
3420026,0.5376738905906677 
3430038,0.4981211721897125 
3440035,0.5228592157363892 
3450001,0.5115270018577576 
3460002,0.46465545892715454 
3470037,0.5099334120750427 
3480039,0.5420657992362976 
3490025,0.4947625994682312 
3500013,0.5130956768989563 
3510031,0.5193920731544495 
3520005,0.5299687385559082 
3530018,0.5589675903320312 
3540042,0.4935104250907898 
3550008,0.47757208347320557 
3560016,0.5282568335533142 
3570049,0.5677669644355774 
3580008,0.5454811453819275 
3590046,0.5301480293273926 
3600024,0.46782538294792175 
3610013,0.4924192726612091 
3620011,0.5396135449409485 
3630042,0.48921698331832886 
3640037,0.4934777319431305 
3650001,0.5799092054367065 
3660012,0.548809289932251 
3670012,0.46698465943336487 
3680035,0.5110304355621338 
3690019,0.5067592263221741 
3700031,0.5348251461982727 
3710025,0.5176800489425659 
3720031,0.571295976638794 
3730000,0.48322051763534546 
3740043,0.5258494019508362 
3750037,0.5250257253646851 
3760001,0.5044931173324585 
3770015,0.4952043294906616 
3780014,0.48208853602409363 
3790006,0.49202874302864075 
3800004,0.5362043380737305 
3810010,0.4921688735485077 
3820005,0.49256622791290283 
3830014,0.5377773642539978 
3840026,0.538377583026886 
3850033,0.5341811180114746 
3860038,0.5231704115867615 
3870010,0.4877481460571289 
3880022,0.5140460729598999 
3890002,0.49872276186943054 
3900029,0.5044050812721252 
3910014,0.5634587407112122 
3920028,0.4801030457019806 
3930025,0.5014600157737732 
3940049,0.5849514007568359 
3950011,0.5411036014556885 
3960013,0.5702788233757019 
3970021,0.5053246021270752 
3980002,0.5396602153778076 
3990009,0.4975357949733734 
4000006,0.5201587080955505 
4010032,0.5585469603538513 
4020009,0.555126428604126 
4030018,0.4790060818195343 
4040003,0.4658447504043579 
4050048,0.555020272731781 
4060003,0.563136875629425 
4070019,0.5495017766952515 
4080029,0.5490677356719971 
4090039,0.5462133288383484 
4100025,0.5630855560302734 
4110023,0.5082578063011169 
4120046,0.5083375573158264 
4130019,0.5280500054359436 
4140003,0.5302905440330505 
4150018,0.5622599124908447 
4160044,0.5272977948188782 
4170033,0.5632786154747009 
4180008,0.542835533618927 
4190032,0.5180330872535706 
4200046,0.5162051916122437 
4210031,0.5680677890777588 
4220007,0.5514030456542969 
4230002,0.5728617906570435 
4240013,0.4954075217247009 
4250034,0.5134479999542236 
4260027,0.5001013278961182 
4270032,0.5461646914482117 
4280026,0.5614919662475586 
4290037,0.5136081576347351 
4300012,0.5231310725212097 
4310041,0.5497117042541504 
4320039,0.5727255344390869 
4330036,0.5999646782875061 
4340012,0.5590023994445801 
4350021,0.5485684275627136 
4360011,0.5218702554702759 
4370021,0.5245805978775024 
4380047,0.5775522589683533 
4390046,0.5315957069396973 
4400013,0.5104598999023438 
4410003,0.510033369064331 
4420019,0.5776160359382629 
4430002,0.6267714500427246 
4440033,0.584235429763794 
4450017,0.5711586475372314 
4460036,0.5516793727874756 
4470037,0.5023189187049866 
4480041,0.5190250873565674 
4490020,0.5371956825256348 
4500010,0.5439247488975525 
4510011,0.534310519695282 
4520025,0.530905544757843 
4530014,0.5341686010360718 
4540037,0.5409895181655884 
4550003,0.5556089282035828 
4560021,0.5606896877288818 
4570001,0.5156930088996887 
4580017,0.5600157976150513 
4590014,0.560320258140564 
4600010,0.5498386025428772 
4610017,0.5429617166519165 
4620009,0.5345352292060852 
4630036,0.5151283144950867 
4640000,0.5317138433456421 
4650017,0.5463629364967346 
4660002,0.5641964077949524 
4670025,0.5724542140960693 
4680031,0.5133637189865112 
4690032,0.5273790955543518 
4700033,0.5369054079055786 
4710018,0.5170201063156128 
4720019,0.5194257497787476 
4730039,0.5352435111999512 
4740018,0.5470752716064453 
4750012,0.5357971787452698 
4760037,0.5833835601806641 
4770025,0.5647619366645813 
4780046,0.529181182384491 
4790045,0.5530708432197571 
4800022,0.5293369293212891 
4810020,0.5246644616127014 
4820011,0.5199053883552551 
4830005,0.5743215680122375 
4840039,0.5822387933731079 
4850041,0.5392823815345764 
4860040,0.5596691966056824 
4870030,0.4769040048122406 
4880009,0.5178945064544678 
4890013,0.5397515296936035 
4900032,0.5543975234031677 
4910011,0.5850078463554382 
4920038,0.5922970771789551 
4930018,0.5292048454284668 
4940021,0.46316203474998474 
4950033,0.5634839534759521 
4960012,0.5049709677696228 
4970016,0.5264202356338501 
4980010,0.5432102680206299 
4990007,0.5429508686065674 
5000042,0.511008083820343 
5010014,0.6125137805938721 
5020004,0.513404369354248 
5030030,0.5461826324462891 
5040041,0.5744140148162842 
5050038,0.5323965549468994 
5060019,0.5439693927764893 
5070002,0.5163969397544861 
5080038,0.5215522646903992 
5090027,0.49479883909225464 
5100022,0.5145069360733032 
5110031,0.537510871887207 
5120035,0.5437315702438354 
5130039,0.5318660736083984 
5140047,0.5198072195053101 
5150002,0.5404086709022522 
5160042,0.5259697437286377 
5170013,0.5191516280174255 
5180027,0.5607771277427673 
5190039,0.4995967149734497 
5200002,0.5721054673194885 
5210017,0.5747013092041016 
5220003,0.5484364032745361 
5230033,0.534048318862915 
5240017,0.5415103435516357 
5250000,0.5296157002449036 
5260037,0.5277344584465027 
5270041,0.5703778862953186 
5280005,0.5623972415924072 
5290016,0.5504450798034668 
5300005,0.5418522357940674 
5310042,0.5230870842933655 
5320036,0.5215400457382202 
5330003,0.57145094871521 
5340040,0.5881783962249756 
5350019,0.5479404330253601 
5360005,0.5798873901367188 
5370017,0.5061147809028625 
5380000,0.5230065584182739 
5390023,0.5218181610107422 
5400010,0.5581266283988953 
5410011,0.5432318449020386 
5420019,0.5585765838623047 
5430044,0.5394006967544556 
5440004,0.5516051650047302 
5450009,0.5921446084976196 
5460012,0.5355530381202698 
5470043,0.5662451386451721 
5480042,0.61691814661026 
5490046,0.5098487138748169 
5500031,0.5190192461013794 
5510016,0.5662062168121338 
5520042,0.5553919076919556 
5530028,0.570548951625824 
5540046,0.5256569385528564 
5550002,0.5902557969093323 
5560014,0.5624898672103882 
5570038,0.5308094024658203 
5580005,0.49900978803634644 
5590033,0.5663668513298035 
5600015,0.5936272740364075 
5610012,0.5429186224937439 
5620028,0.5249607563018799 
5630047,0.4931376576423645 
5640048,0.5418508052825928 
5650021,0.5387937426567078 
5660034,0.5540648102760315 
5670035,0.516466498374939 
5680019,0.5129055976867676 
5690018,0.5479242205619812 
5700049,0.5490136742591858 
5710014,0.5356931090354919 
5720012,0.5446779727935791 
5730022,0.5374283790588379 
5740034,0.5330181121826172 
5750039,0.5013643503189087 
5760024,0.5095434784889221 
5770007,0.5485636591911316 
5780031,0.5383656024932861 
5790014,0.5416437387466431 
5800022,0.56151282787323 
5810046,0.5212647914886475 
5820024,0.5410523414611816 
5830041,0.5531975626945496 
5840043,0.5306242108345032 
5850017,0.5670596361160278 
5860000,0.5197505950927734 
5870008,0.5656787753105164 
5880019,0.593660831451416 
5890003,0.5428041815757751 
5900021,0.5728643536567688 
5910007,0.5529218316078186 
5920014,0.5801679491996765 
5930012,0.4963207542896271 
5940029,0.5792811512947083 
5950013,0.551754355430603 
5960022,0.5463004112243652 
5970032,0.5211613178253174 
5980003,0.5764301419258118 
5990040,0.5585923790931702 
6000010,0.5226186513900757 
6010040,0.5535168647766113 
6020003,0.5548180937767029 
6030025,0.533331036567688 
6040010,0.5164722800254822 
6050038,0.5372121930122375 
6060009,0.5464222431182861 
6070008,0.6087067723274231 
6080043,0.5826495289802551 
6090038,0.5769451856613159 
6100014,0.5276364684104919 
6110032,0.5104009509086609 
6120032,0.5671008825302124 
6130049,0.5780180096626282 
6140011,0.5645343065261841 
6150045,0.554074764251709 
6160023,0.5563467144966125 
6170014,0.5403714179992676 
6180011,0.5482125282287598 
6190027,0.5489024519920349 
6200022,0.5666245818138123 
6210044,0.509914219379425 
6220011,0.5333202481269836 
6230030,0.5807730555534363 
6240028,0.6251482963562012 
6250026,0.5736810564994812 
6260045,0.5379436016082764 
6270009,0.5583446621894836 
6280026,0.5129823088645935 
6290025,0.5380743145942688 
6300020,0.5410071015357971 
6310015,0.5538011789321899 
6320037,0.5324495434761047 
6330039,0.5453630685806274 
6340028,0.5801668763160706 
6350002,0.5522598028182983 
6360002,0.5025720596313477 
6370046,0.6050451397895813 
6380005,0.5446919798851013 
6390040,0.5664561986923218 
6400006,0.6078934669494629 
6410037,0.5283576846122742 
6420028,0.5412741303443909 
6430041,0.557841420173645 
6440011,0.5600063800811768 
6450042,0.5896123647689819 
6460030,0.563849925994873 
6470027,0.5706289410591125 
6480001,0.5460172891616821 
6490017,0.5175861716270447 
6500022,0.5185551643371582 
6510045,0.5437152981758118 
6520028,0.5202041864395142 
6530034,0.5159605741500854 
6540009,0.5667662620544434 
6550007,0.5588194131851196 
6560026,0.5281361937522888 
6570010,0.5278184413909912 
6580037,0.5256138443946838 
6590009,0.5515034198760986 
6600022,0.5533601641654968 
6610008,0.5801572203636169 
6620009,0.5776393413543701 
6630003,0.5283324718475342 
6640019,0.5425522327423096 
6650024,0.5338844656944275 
6660024,0.5347869396209717 
6670028,0.6133618950843811 
6680044,0.5345890522003174 
6690004,0.5603770613670349 
6700039,0.5584423542022705 
6710021,0.5649807453155518 
6720028,0.5425758361816406 
6730047,0.5880979895591736 
6740030,0.5263895392417908 
6750049,0.5739901065826416 
6760015,0.5352007746696472 
6770014,0.5246513485908508 
6780008,0.5963365435600281 
6790015,0.5837461948394775 
6800021,0.5100900530815125 
6810024,0.5324605107307434 
6820026,0.5760605931282043 
6830039,0.530941367149353 
6840031,0.5964962244033813 
6850031,0.5614143013954163 
6860020,0.5394065976142883 
6870045,0.5472117066383362 
6880024,0.5853813886642456 
6890039,0.5606749057769775 
6900033,0.5499805212020874 
6910007,0.581774890422821 
6920015,0.5118508338928223 
6930014,0.592181921005249 
6940037,0.5264790058135986 
6950038,0.5763386487960815 
6960006,0.555675745010376 
6970047,0.5232123732566833 
6980005,0.5472756028175354 
6990010,0.6075425148010254 
7000022,0.5540735721588135 
7010000,0.5201182961463928 
7020027,0.5449336767196655 
7030032,0.5980986952781677 
7040017,0.552238941192627 
7050013,0.5403692126274109 
7060024,0.6182875633239746 
7070045,0.5847972631454468 
7080048,0.5440590381622314 
7090000,0.5959227681159973 
7100011,0.5298051834106445 
7110000,0.5962107181549072 
7120011,0.49608105421066284 
7130001,0.581646203994751 
7140004,0.5411608815193176 
7150041,0.5733001232147217 
7160015,0.540490984916687 
7170002,0.5842565298080444 
7180036,0.5084124803543091 
7190002,0.6114659309387207 
7200044,0.5684908628463745 
7210005,0.5465734004974365 
7220011,0.6094374656677246 
7230001,0.5463215112686157 
7240041,0.6063711643218994 
7250046,0.5110323429107666 
7260018,0.5662063360214233 
7270027,0.5908920168876648 
7280018,0.5153003334999084 
7290001,0.5540422797203064 
7300005,0.591948926448822 
7310046,0.5205026268959045 
7320043,0.5644064545631409 
7330005,0.5413932204246521 
7340044,0.5815545916557312 
7350020,0.5460136532783508 
7360028,0.5328989624977112 
7370025,0.5388675928115845 
7380014,0.534095287322998 
7390020,0.5310783982276917 
7400049,0.5726583003997803 
7410028,0.5262778997421265 
7420012,0.5363121628761292 
7430018,0.5318633913993835 
7440004,0.5893975496292114 
7450018,0.5608415007591248 
7460027,0.5580523610115051 
7470038,0.564532995223999 
7480045,0.48285022377967834 
7490031,0.5136614441871643 
7500006,0.5406673550605774 
7510044,0.5705366730690002 
7520009,0.574741542339325 
7530005,0.5591797828674316 
7540018,0.5529816150665283 
7550034,0.5782008171081543 
7560043,0.5242965817451477 
7570000,0.5555383563041687 
7580001,0.5383809804916382 
7590020,0.5980128645896912 
7600005,0.5163284540176392 
7610001,0.5749629139900208 
7620038,0.5861611366271973 
7630007,0.5509666204452515 
7640016,0.5512168407440186 
7650032,0.5589087009429932 
7660031,0.5350094437599182 
7670029,0.5362964272499084 
7680025,0.5470284819602966 
7690024,0.5200048089027405 
7700033,0.5583184361457825 
7710036,0.5172416567802429 
7720037,0.52181077003479 
7730002,0.5768018960952759 
7740014,0.5667718648910522 
7750005,0.5228813290596008 
7760020,0.5795469880104065 
7770042,0.5544597506523132 
7780008,0.5444129109382629 
7790024,0.5329006314277649 
7800021,0.5427913069725037 
7810020,0.5353235006332397 
7820016,0.5118814706802368 
7830023,0.49670517444610596 
7840016,0.5600180625915527 
7850049,0.56699138879776 
7860010,0.5483031272888184 
7870006,0.5732545256614685 
7880004,0.5388769507408142 
7890011,0.475879967212677 
7900010,0.5696901082992554 
7910038,0.5450837016105652 
7920016,0.5259457230567932 
7930047,0.5615556836128235 
7940013,0.5916566252708435 
7950029,0.44974735379219055 
7960042,0.5560114979743958 
7970009,0.5101915597915649 
7980001,0.48286640644073486 
7990046,0.5393245816230774 
8000012,0.5749819874763489 
8010045,0.566879153251648 
8020006,0.6008669137954712 
8030002,0.5484030246734619 
8040048,0.5438472628593445 
8050008,0.5925420522689819 
8060008,0.5444676876068115 
8070043,0.5897424817085266 
8080018,0.5357378125190735 
8090018,0.5678389072418213 
8100037,0.5298799276351929 
8110012,0.5525450706481934 
8120003,0.5555341839790344 
8130000,0.5356312394142151 
8140016,0.5052051544189453 
8150002,0.5827515125274658 
8160019,0.5486773252487183 
8170022,0.5918379426002502 
8180025,0.4989326596260071 
8190041,0.519690990447998 
8200016,0.5745276212692261 
8210021,0.592255711555481 
8220002,0.510567843914032 
8230005,0.5320911407470703 
8240032,0.5547211170196533 
8250043,0.5558692216873169 
8260021,0.5416485071182251 
8270009,0.5619367957115173 
8280049,0.5426232814788818 
8290043,0.533901035785675 
8300017,0.575452446937561 
8310017,0.5109323859214783 
8320040,0.546093225479126 
8330000,0.530026376247406 
8340007,0.517447292804718 
8350032,0.5360658764839172 
8360002,0.5659903883934021 
8370010,0.5780124068260193 
8380046,0.5431041717529297 
8390041,0.5646103024482727 
8400028,0.5581398010253906 
8410030,0.6032098531723022 
8420029,0.5551143288612366 
8430021,0.5976821780204773 
8440030,0.5361382365226746 
8450001,0.5495959520339966 
8460008,0.5315837264060974 
8470003,0.5839130878448486 
8480013,0.5941810011863708 
8490006,0.5413963198661804 
8500042,0.5276580452919006 
8510004,0.5708067417144775 
8520024,0.5503252148628235 
8530004,0.5576124787330627 
8540001,0.5507612824440002 
8550003,0.5102218389511108 
8560044,0.539642333984375 
8570024,0.5425174832344055 
8580039,0.5338799357414246 
8590014,0.49788951873779297 
8600010,0.5187695026397705 
8610011,0.5679598450660706 
8620012,0.5253190994262695 
8630045,0.6044118404388428 
8640015,0.543705940246582 
8650007,0.5674556493759155 
8660025,0.6148437261581421 
8670021,0.5302563309669495 
8680001,0.5442538261413574 
8690030,0.5605512857437134 
8700031,0.5042530298233032 
8710044,0.5683762431144714 
8720049,0.5864326357841492 
8730010,0.5503132343292236 
8740023,0.5421857237815857 
8750043,0.5617946982383728 
8760001,0.5836947560310364 
8770031,0.5442582964897156 
8780001,0.55671626329422 
8790044,0.541287362575531 
8800011,0.5410562753677368 
8810013,0.574576735496521 
8820021,0.5585613250732422 
8830016,0.5233941078186035 
8840037,0.532924473285675 
8850046,0.555046558380127 
8860019,0.5607860684394836 
8870032,0.5470290780067444 
8880036,0.5407909154891968 
8890008,0.5755904316902161 
8900013,0.5548421740531921 
8910023,0.5366463661193848 
8920009,0.49748390913009644 
8930001,0.5856245160102844 
8940004,0.5853543877601624 
8950009,0.5810401439666748 
8960005,0.5920834541320801 
8970005,0.5157588720321655 
8980034,0.5184558629989624 
8990006,0.5812830328941345 
9000035,0.5476033091545105 
9010014,0.5437305569648743 
9020000,0.5535643100738525 
9030015,0.5638454556465149 
9040021,0.5754819512367249 
9050003,0.5324929356575012 
9060012,0.579783022403717 
9070025,0.5194010734558105 
9080001,0.5591565370559692 
9090011,0.5714843273162842 
9100033,0.5777990221977234 
9110035,0.5374436378479004 
9120021,0.5431348085403442 
9130025,0.5807506442070007 
9140009,0.5449547171592712 
9150008,0.5758066773414612 
9160011,0.5698443055152893 
9170016,0.5229111313819885 
9180015,0.5319982171058655 
9190036,0.5672603845596313 
9200019,0.5794431567192078 
9210022,0.5623539090156555 
9220006,0.5663684010505676 
9230032,0.5618366003036499 
9240037,0.582791268825531 
9250037,0.5630950331687927 
9260029,0.600548505783081 
9270036,0.5838281512260437 
9280036,0.517387866973877 
9290000,0.5191104412078857 
9300006,0.5507106781005859 
9310049,0.5572695732116699 
9320005,0.5184625387191772 
9330016,0.5197082757949829 
9340008,0.5247902870178223 
9350022,0.5780346393585205 
9360046,0.5189095139503479 
9370025,0.5696344971656799 
9380018,0.4916130006313324 
9390010,0.570803165435791 
9400012,0.6059321165084839 
9410008,0.5685962438583374 
9420018,0.5829454660415649 
9430016,0.5578656792640686 
9440049,0.5477515459060669 
9450047,0.5329433083534241 
9460043,0.5251425504684448 
9470039,0.5953787565231323 
9480047,0.518867015838623 
9490048,0.6092771887779236 
9500049,0.5265829563140869 
9510026,0.5550885200500488 
9520007,0.529331624507904 
9530020,0.5527743697166443 
9540029,0.5742732882499695 
9550010,0.551409125328064 
9560046,0.5394403338432312 
9570037,0.5405747294425964 
9580025,0.5679057836532593 
9590000,0.5985333323478699 
9600021,0.5415472984313965 
9610011,0.5747308731079102 
9620035,0.5783384442329407 
9630034,0.5255950689315796 
9640015,0.5452070832252502 
9650011,0.5136971473693848 
9660014,0.5917500257492065 
9670014,0.5502733588218689 
9680022,0.6048280596733093 
9690049,0.524310290813446 
9700012,0.5125577449798584 
9710011,0.5880489945411682 
9720002,0.5758088827133179 
9730013,0.5928637981414795 
9740002,0.5745356678962708 
9750015,0.4993835687637329 
9760008,0.5518901944160461 
9770046,0.5397907495498657 
9780028,0.5455350875854492 
9790026,0.5371712446212769 
9800041,0.554248571395874 
9810007,0.5491746664047241 
9820035,0.5264010429382324 
9830029,0.5438082218170166 
9840037,0.5605681538581848 
9850021,0.5552555322647095 
9860031,0.5675384998321533 
9870037,0.5577765107154846 
9880016,0.580062210559845 
9890045,0.5480736494064331 
9900035,0.5966873168945312 
9910048,0.49687111377716064 
9920019,0.555393397808075 
9930033,0.562205970287323 
9940017,0.5998625755310059 
9950009,0.5707008838653564 
9960038,0.5758121013641357 
9970025,0.5566200613975525 
9980032,0.520926296710968 
9990030,0.5449122786521912 
10000040,0.5453475117683411 
10010036,0.5732211470603943 
10020032,0.5457466840744019 
10030001,0.5381995439529419 
10040043,0.5043723583221436 
10050026,0.5688392519950867 
10060032,0.5714685320854187 
10070040,0.5368642807006836 
10080017,0.5268123149871826 
10090046,0.5578868389129639 
10100009,0.5218097567558289 
10110007,0.5718269944190979 
10120019,0.5820004940032959 
10130010,0.5591933727264404 
10140034,0.5817111730575562 
10150041,0.5437555313110352 
10160026,0.5458956360816956 
10170032,0.4957975745201111 
10180008,0.580094575881958 
10190005,0.5356800556182861 
10200043,0.5564213395118713 
10210016,0.5423765778541565 
10220014,0.5231729745864868 
10230001,0.5522751808166504 
10240026,0.566826343536377 
10250009,0.5544238686561584 
10260029,0.5764434337615967 
10270020,0.6157057285308838 
10280046,0.5749421715736389 
10290019,0.5646160244941711 
10300018,0.5695024728775024 
10310020,0.5199772119522095 
10320038,0.5592238903045654 
10330000,0.541247546672821 
10340035,0.5470179319381714 
10350044,0.5412793159484863 
10360002,0.594651460647583 
10370033,0.5800148248672485 
10380016,0.56012362241745 
10390020,0.5390373468399048 
10400023,0.6012560725212097 
10410007,0.5514280200004578 
10420038,0.5644066333770752 
10430044,0.5578910708427429 
10440048,0.5954300761222839 
10450020,0.5588787198066711 
10460036,0.5754522085189819 
10470000,0.5466275811195374 
10480007,0.5671906471252441 
10490002,0.5293006300926208 
10500016,0.5492300987243652 
10510000,0.5659307241439819 
10520029,0.6008865237236023 
10530010,0.5177412629127502 
10540008,0.5569894313812256 
10550038,0.5247172117233276 
10560026,0.5717097520828247 
10570026,0.537277340888977 
10580037,0.5443761348724365 
10590033,0.49334850907325745 
10600047,0.5573844313621521 
10610029,0.5569127202033997 
10620005,0.5379202365875244 
10630003,0.5194087028503418 
10640008,0.5864604115486145 
10650035,0.48160111904144287 
10660013,0.5545948147773743 
10670028,0.5804558396339417 
10680030,0.551087498664856 
10690039,0.5915427207946777 
10700043,0.5431085228919983 
10710034,0.5203492045402527 
10720043,0.5416382551193237 
10730019,0.6040151715278625 
10740018,0.5468182563781738 
10750043,0.5736179947853088 
10760041,0.5084048509597778 
10770008,0.5705390572547913 
10780039,0.5527633428573608 
10790002,0.5722181797027588 
10800037,0.5191311836242676 
10810047,0.5612386465072632 
10820023,0.5649681091308594 
10830041,0.6001008749008179 
10840037,0.5990923047065735 
10850016,0.602653980255127 
10860001,0.5325303077697754 
10870029,0.5557268261909485 
10880041,0.5618582367897034 
10890000,0.5436474084854126 
10900003,0.5791366100311279 
10910003,0.5633244514465332 
10920022,0.5447874069213867 
10930038,0.528197705745697 
10940033,0.5275580883026123 
10950014,0.5465940833091736 
10960014,0.5930946469306946 
10970042,0.5827882885932922 
10980049,0.5399590134620667 
10990028,0.5695651769638062 
11000049,0.6009480357170105 
11010034,0.592511773109436 
11020027,0.5941652059555054 
11030038,0.5957342982292175 
11040035,0.5376261472702026 
11050016,0.566682755947113 
11060046,0.5911448001861572 
11070034,0.5321084856987 
11080022,0.5588040351867676 
11090001,0.6015155911445618 
11100025,0.536357045173645 
11110000,0.5463870167732239 
11120019,0.5769572257995605 
11130015,0.577481746673584 
11140023,0.5864680409431458 
11150022,0.5759491920471191 
11160014,0.536841869354248 
11170038,0.5907290577888489 
11180012,0.5500733256340027 
11190033,0.5806218385696411 
11200031,0.5622386336326599 
11210015,0.5892326831817627 
11220038,0.5586172342300415 
11230001,0.5264778733253479 
11240004,0.6283255219459534 
11250042,0.5464776754379272 
11260022,0.5411012172698975 
11270005,0.5693222880363464 
11280043,0.5320197343826294 
11290007,0.605628252029419 
11300027,0.5668576955795288 
11310003,0.5593577027320862 
11320030,0.5669949650764465 
11330007,0.5650359988212585 
11340021,0.5785175561904907 
11350045,0.5662225484848022 
11360039,0.5303706526756287 
11370008,0.543516993522644 
11380005,0.544647216796875 
11390010,0.5086591839790344 
11400010,0.5911327004432678 
11410008,0.5902356505393982 
11420035,0.5855103731155396 
11430012,0.5353145599365234 
11440045,0.550537109375 
11450047,0.5085656642913818 
11460001,0.5589467883110046 
11470012,0.5066385865211487 
11480005,0.5215518474578857 
11490020,0.5650596022605896 
11500047,0.5273120403289795 
11510041,0.5486673712730408 
11520047,0.5239458084106445 
11530037,0.5426504611968994 
11540026,0.5602768063545227 
11550020,0.518923819065094 
11560012,0.5610058307647705 
11570027,0.554823100566864 
11580008,0.5614200830459595 
11590002,0.5318759083747864 
11600043,0.5635446906089783 
11610022,0.5634514093399048 
11620000,0.5383407473564148 
11630036,0.523817241191864 
11640026,0.5773258805274963 
11650047,0.5621312856674194 
11660031,0.5998327136039734 
11670004,0.5775739550590515 
11680020,0.5426904559135437 
11690032,0.5859020352363586 
11700026,0.5727928280830383 
11710004,0.6143461465835571 
11720029,0.5801945328712463 
11730014,0.5617583990097046 
11740002,0.5500348806381226 
11750009,0.5699365735054016 
11760023,0.5637752413749695 
11770028,0.5767955780029297 
11780027,0.5685645341873169 
11790026,0.5637631416320801 
11800047,0.5950098037719727 
11810001,0.5633337497711182 
11820013,0.5183476209640503 
11830034,0.5942652225494385 
11840015,0.5518672466278076 
11850017,0.5500839352607727 
11860043,0.5623570084571838 
11870013,0.5631767511367798 
11880037,0.5950821042060852 
11890006,0.5341402292251587 
11900016,0.5704500675201416 
11910001,0.5264367461204529 
11920046,0.5629304647445679 
11930021,0.596896767616272 
11940045,0.5325253009796143 
11950033,0.5698020458221436 
11960035,0.5666850209236145 
11970019,0.5639076828956604 
11980011,0.5658207535743713 
11990039,0.551975429058075 
12000019,0.581695020198822 
12010012,0.5292273759841919 
12020013,0.5850140452384949 
12030004,0.5895237922668457 
12040042,0.5786064267158508 
12050000,0.6045663356781006 
12060046,0.5416057109832764 
12070042,0.5754165053367615 
12080022,0.5809358358383179 
12090020,0.5851696133613586 
12100009,0.5561027526855469 
12110011,0.5058059096336365 
12120041,0.5562289357185364 
12130012,0.5754482746124268 
12140011,0.5574416518211365 
12150031,0.5887560844421387 
12160034,0.5516446828842163 
12170029,0.5481237173080444 
12180024,0.526267945766449 
12190035,0.5865359306335449 
12200026,0.5378358364105225 
12210011,0.5152742266654968 
12220036,0.5353357195854187 
12230037,0.5495248436927795 
12240027,0.5651653409004211 
12250041,0.5576151013374329 
12260034,0.5161036849021912 
12270007,0.5271474123001099 
12280026,0.6078571081161499 
12290002,0.5721325874328613 
12300014,0.5545024275779724 
12310040,0.5697353482246399 
12320007,0.5401402115821838 
12330038,0.545697033405304 
12340042,0.5629136562347412 
12350019,0.5416384339332581 
12360028,0.5691844820976257 
12370048,0.541443943977356 
12380017,0.557428240776062 
12390026,0.5189124941825867 
12400027,0.5354552268981934 
12410030,0.5710325837135315 
12420031,0.524716317653656 
12430015,0.565930962562561 
12440012,0.5769262313842773 
12450025,0.5578262209892273 
12460047,0.5085305571556091 
12470029,0.5619641542434692 
12480023,0.5531495809555054 
12490025,0.5795108675956726 
12500004,0.5717525482177734 
12510020,0.5604779124259949 
12520011,0.5567278265953064 
12530008,0.5018337368965149 
12540020,0.5752005577087402 
12550009,0.5570158362388611 
12560029,0.5348083972930908 
12570017,0.5092500448226929 
12580048,0.5601382255554199 
12590040,0.5809770822525024 
12600040,0.5395805239677429 
12610039,0.5738288760185242 
12620005,0.5861128568649292 
12630047,0.5257937908172607 
12640017,0.5389373302459717 
12650038,0.6022204756736755 
12660036,0.5691166520118713 
12670024,0.5428372621536255 
12680020,0.5389245748519897 
12690048,0.5137655735015869 
12700037,0.57295161485672 
12710031,0.5161459445953369 
12720049,0.5559998154640198 
12730029,0.5671277046203613 
12740036,0.54301917552948 
12750015,0.5694045424461365 
12760038,0.5488632321357727 
12770020,0.5459686517715454 
12780006,0.5562794208526611 
12790026,0.5472159385681152 
12800038,0.5556646585464478 
12810025,0.5440928936004639 
12820014,0.5902446508407593 
12830022,0.5773168802261353 
12840036,0.5675996541976929 
12850039,0.5965394377708435 
12860003,0.5231266021728516 
12870044,0.577112078666687 
12880002,0.605172336101532 
12890032,0.5325430035591125 
12900003,0.5943593382835388 
12910026,0.5755569338798523 
12920033,0.5872251987457275 
12930005,0.5775501728057861 
12940002,0.5305139422416687 
12950047,0.5385473966598511 
12960029,0.5838470458984375 
12970015,0.5913124680519104 
12980016,0.5800122618675232 
12990015,0.5540963411331177 
13000005,0.5801261067390442 
13010023,0.5185948610305786 
13020045,0.6042152047157288 
13030032,0.5613009929656982 
13040017,0.5565748810768127 
13050013,0.5621621608734131 
13060025,0.6053836345672607 
13070014,0.5906433463096619 
13080013,0.5354917645454407 
13090013,0.6088222861289978 
13100009,0.5583834052085876 
13110031,0.5607378482818604 
13120049,0.5804754495620728 
13130025,0.5908090472221375 
13140031,0.5264432430267334 
13150015,0.5773304104804993 
13160023,0.581246018409729 
13170025,0.5776416659355164 
13180028,0.4959458112716675 
13190005,0.5850144624710083 
13200027,0.5816869735717773 
13210004,0.5628671646118164 
13220030,0.5442132353782654 
13230007,0.5866775512695312 
13240004,0.5423398613929749 
13250019,0.5088152885437012 
13260001,0.5679608583450317 
13270003,0.5770659446716309 
13280044,0.5784327983856201 
13290009,0.5876691341400146 
13300006,0.5856482982635498 
13310041,0.5154573917388916 
13320015,0.5811386704444885 
13330005,0.5882894992828369 
13340010,0.5217269062995911 
13350021,0.4981682598590851 
13360033,0.5928064584732056 
13370012,0.5530576109886169 
13380020,0.5164930820465088 
13390033,0.5293247103691101 
13400002,0.5166559815406799 
13410046,0.5898993015289307 
13420017,0.5570863485336304 
13430016,0.5296151041984558 
13440038,0.5630092024803162 
13450020,0.5472903847694397 
13460034,0.5749201774597168 
13470016,0.5655384659767151 
13480019,0.5990796089172363 
13490023,0.5497310757637024 
13500003,0.5386847257614136 
13510025,0.5535842776298523 
13520031,0.5804082751274109 
13530023,0.5837845206260681 
13540002,0.5366514921188354 
13550002,0.6098840236663818 
13560022,0.5926336646080017 
13570006,0.5271915197372437 
13580008,0.5324414968490601 
13590030,0.5050258636474609 
13600036,0.5428504347801208 
13610004,0.5269096493721008 
13620042,0.6490499377250671 
13630036,0.5728570222854614 
13640004,0.5927673578262329 
13650014,0.5597847104072571 
13660042,0.5203930139541626 
13670043,0.5327261090278625 
13680003,0.5452539920806885 
13690027,0.5632631182670593 
13700001,0.5869896411895752 
13710004,0.5791162848472595 
13720040,0.5298835635185242 
13730049,0.5415235757827759 
13740015,0.5310665369033813 
13750022,0.6031677722930908 
13760043,0.5535745024681091 
13770005,0.5742698907852173 
13780042,0.5584898591041565 
13790004,0.5826584100723267 
13800010,0.5453482866287231 
13810040,0.5776817798614502 
13820044,0.5560157299041748 
13830041,0.5724668502807617 
13840038,0.5448020100593567 
13850037,0.5607341527938843 
13860015,0.5451273918151855 
13870021,0.5491540431976318 
13880022,0.558246374130249 
13890012,0.5855579376220703 
13900045,0.5753034949302673 
13910001,0.5679342150688171 
13920032,0.599498987197876 
13930009,0.5846777558326721 
13940045,0.5740057229995728 
13950043,0.5820285081863403 
13960041,0.5795416235923767 
13970022,0.5559935569763184 
13980020,0.5769065618515015 
13990045,0.5413809418678284 
14000030,0.5184834003448486 
14010012,0.5716341733932495 
14020027,0.6016852855682373 
14030008,0.5485400557518005 
14040034,0.5256627798080444 
14050019,0.5623049139976501 
14060024,0.5676650404930115 
14070023,0.5610167980194092 
14080028,0.5522520542144775 
14090004,0.5662771463394165 
14100020,0.5786697268486023 
14110042,0.5768978595733643 
14120048,0.5352294445037842 
14130046,0.5890806317329407 
14140038,0.5613645315170288 
14150022,0.5825446248054504 
14160031,0.5699970722198486 
14170011,0.5093859434127808 
14180025,0.5295475721359253 
14190042,0.5081050992012024 
14200011,0.5909570455551147 
14210011,0.4948524832725525 
14220038,0.5381547212600708 
14230049,0.5393073558807373 
14240015,0.5887657403945923 
14250036,0.6100558042526245 
14260019,0.5333135724067688 
14270033,0.5953890681266785 
14280004,0.5405148863792419 
14290024,0.5573127269744873 
14300016,0.5316554307937622 
14310016,0.5771479606628418 
14320021,0.5381328463554382 
14330049,0.5428218841552734 
14340028,0.5102242827415466 
14350049,0.5572539567947388 
14360033,0.5569853782653809 
14370036,0.5832417011260986 
14380022,0.5649757981300354 
14390042,0.5696482062339783 
14400018,0.5376302003860474 
14410046,0.5595688223838806 
14420000,0.5611416101455688 
14430000,0.5427172183990479 
14440046,0.5349799394607544 
14450036,0.5813726782798767 
14460012,0.5449578762054443 
14470014,0.6007640361785889 
14480043,0.5381438732147217 
14490049,0.5454698204994202 
14500027,0.5723877549171448 
14510013,0.5304197072982788 
14520038,0.567592442035675 
14530013,0.5857245326042175 
14540038,0.5494711399078369 
14550026,0.5760499238967896 
14560047,0.5712602138519287 
14570020,0.5440273284912109 
14580045,0.4945610761642456 
14590003,0.5407256484031677 
14600043,0.5670530200004578 
14610035,0.536307156085968 
14620024,0.5467343330383301 
14630007,0.567817211151123 
14640023,0.5928101539611816 
14650042,0.5222080945968628 
14660030,0.5486127734184265 
14670041,0.5492798089981079 
14680026,0.5228474140167236 
14690002,0.5692476630210876 
14700029,0.5221942663192749 
14710045,0.5509896278381348 
14720045,0.5537312030792236 
14730028,0.5265157222747803 
14740006,0.5530636310577393 
14750025,0.5670956373214722 
14760029,0.5832791328430176 
14770044,0.5577208995819092 
14780007,0.5951780080795288 
14790016,0.5847336053848267 
14800010,0.5673335790634155 
14810047,0.5724171996116638 
14820033,0.5813153386116028 
14830033,0.5877184867858887 
14840046,0.5731262564659119 
14850026,0.5672197341918945 
14860009,0.5375356078147888 
14870031,0.533832311630249 
14880038,0.5012222528457642 
14890023,0.5255582928657532 
14900042,0.5383305549621582 
14910028,0.5517036318778992 
14920022,0.5894342660903931 
14930037,0.5535894632339478 
14940013,0.4908519983291626 
14950004,0.5497419834136963 
14960031,0.5474576354026794 
14970014,0.5449483394622803 
14980004,0.4742979407310486 
14990010,0.6062268018722534 
15000020,0.574369490146637 
15010046,0.5141702890396118 
15020003,0.5315151810646057 
15030016,0.5496747493743896 
15040004,0.5565779209136963 
15050043,0.5666437745094299 
15060011,0.5762770771980286 
15070015,0.5659759640693665 
15080049,0.5492299795150757 
15090003,0.5839594602584839 
15100040,0.5979655981063843 
15110012,0.5188871026039124 
15120020,0.5811763405799866 
15130036,0.5889025926589966 
15140003,0.5255463719367981 
15150025,0.6019668579101562 
15160009,0.6071489453315735 
15170037,0.5986376404762268 
15180039,0.5627551674842834 
15190026,0.5517216324806213 
15200008,0.5461824536323547 
15210049,0.5297008156776428 
15220003,0.5609729290008545 
15230029,0.5541433095932007 
15240013,0.6164845824241638 
15250042,0.5745086073875427 
15260048,0.584359347820282 
15270039,0.5807377099990845 
15280036,0.5543857216835022 
15290030,0.5190557837486267 
15300002,0.5259480476379395 
15310012,0.6034209132194519 
15320027,0.5727120637893677 
15330024,0.5609534978866577 
15340033,0.5628319382667542 
15350048,0.5835044980049133 
15360040,0.5374529361724854 
15370006,0.5241076350212097 
15380031,0.5726965069770813 
15390043,0.543126106262207 
15400007,0.5271965265274048 
15410038,0.5585821866989136 
15420008,0.616633951663971 
15430039,0.5755440592765808 
15440018,0.5505472421646118 
15450035,0.5430806875228882 
15460031,0.5646048784255981 
15470018,0.5198501348495483 
15480015,0.5453844666481018 
15490001,0.5249795913696289 
15500000,0.56175696849823 
15510017,0.5299465656280518 
15520005,0.5322358012199402 
15530006,0.5543253421783447 
15540003,0.5960069298744202 
15550020,0.5755547881126404 
15560000,0.5708350539207458 
15570045,0.5553634166717529 
15580001,0.5949559211730957 
15590012,0.5678521394729614 
15600048,0.6022742986679077 
15610023,0.6189590692520142 
15620022,0.4972555637359619 
15630018,0.609074056148529 
15640005,0.5622045993804932 
15650034,0.5323345065116882 
15660016,0.5152385234832764 
15670047,0.6000649333000183 
15680010,0.5492983460426331 
15690030,0.5422278046607971 
15700022,0.6296675801277161 
15710007,0.5452101230621338 
15720032,0.5294660329818726 
15730017,0.5554894804954529 
15740018,0.5625344514846802 
15750019,0.5918359160423279 
15760018,0.5954225659370422 
15770026,0.5901058912277222 
15780012,0.5261063575744629 
15790038,0.5799963474273682 
15800009,0.5947881937026978 
15810031,0.5771969556808472 
15820014,0.5882017612457275 
15830026,0.5507731437683105 
15840031,0.5381118059158325 
15850016,0.5736947059631348 
15860030,0.5744550824165344 
15870023,0.5491915345191956 
15880032,0.5567043423652649 
15890039,0.5644219517707825 
15900035,0.6006880402565002 
15910039,0.4991147518157959 
15920011,0.5271575450897217 
15930007,0.5508309006690979 
15940014,0.5486757755279541 
15950030,0.5455415844917297 
15960005,0.5701538324356079 
15970047,0.5498858690261841 
15980022,0.5187337398529053 
15990017,0.5387897491455078 
16000000,0.5226173400878906 
16010012,0.5492216348648071 
16020039,0.537162721157074 
16030002,0.5240093469619751 
16040043,0.5198073387145996 
16050025,0.5728179812431335 
16060044,0.5535147786140442 
16070002,0.5132982134819031 
16080031,0.49570828676223755 
16090043,0.5187631249427795 
16100003,0.554495096206665 
16110001,0.5252079963684082 
16120023,0.5589711666107178 
16130013,0.5471002459526062 
16140015,0.5404422879219055 
16150026,0.5286458134651184 
16160013,0.5026658773422241 
16170021,0.5770794153213501 
16180015,0.5703211426734924 
16190006,0.5714582800865173 
16200033,0.5310013294219971 
16210004,0.5471521019935608 
16220048,0.5195916891098022 
16230015,0.5340220928192139 
16240022,0.5666526556015015 
16250000,0.5390585064888 
16260006,0.490633100271225 
16270046,0.5985112190246582 
16280020,0.5567999482154846 
16290033,0.5889616012573242 
16300026,0.5673322677612305 
16310008,0.5678195953369141 
16320016,0.5446662902832031 
16330022,0.5482651591300964 
16340039,0.5637757778167725 
16350038,0.5661802887916565 
16360037,0.5563534498214722 
16370013,0.5322616696357727 
16380040,0.5325442552566528 
16390045,0.5361400842666626 
16400026,0.5764148831367493 
16410024,0.5087094306945801 
16420015,0.5906387567520142 
16430040,0.6060166358947754 
16440013,0.5837345123291016 
16450028,0.5705606341362 
16460034,0.5794322490692139 
16470044,0.543191134929657 
16480005,0.5483452081680298 
16490027,0.548902153968811 
16500014,0.5344902276992798 
16510022,0.5865343809127808 
16520017,0.5160411596298218 
16530030,0.6000440120697021 
16540044,0.5887925624847412 
16550035,0.549613356590271 
16560010,0.6037450432777405 
16570016,0.5799160599708557 
16580002,0.5504450798034668 
16590002,0.5391273498535156 
16600037,0.5485236644744873 
16610046,0.5570921897888184 
16620006,0.5438552498817444 
16630018,0.5929334759712219 
16640048,0.5452820062637329 
16650017,0.5679053664207458 
16660002,0.5684054493904114 
16670013,0.5466821789741516 
16680029,0.561248779296875 
16690002,0.523830235004425 
16700015,0.5692524909973145 
16710035,0.5703321695327759 
16720007,0.5906927585601807 
16730027,0.5446970462799072 
16740031,0.6170003414154053 
16750025,0.5679358839988708 
16760000,0.5827870965003967 
16770034,0.5797392725944519 
16780018,0.5689094662666321 
16790032,0.5524487495422363 
16800009,0.5323888063430786 
16810025,0.5728532671928406 
16820014,0.5842342376708984 
16830003,0.5696737170219421 
16840000,0.5784720778465271 
16850005,0.5818566679954529 
16860027,0.5122423768043518 
16870028,0.5398815870285034 
16880047,0.5586327910423279 
16890031,0.5464593768119812 
16900035,0.5480586886405945 
16910017,0.6045977473258972 
16920008,0.5479140877723694 
16930027,0.5624648928642273 
16940040,0.5419202446937561 
16950020,0.5437303781509399 
16960019,0.6000627279281616 
16970005,0.551047146320343 
16980009,0.5304758548736572 
16990015,0.55659019947052 
17000014,0.5969609022140503 
17010047,0.5250350832939148 
17020005,0.545544445514679 
17030048,0.5439345836639404 
17040000,0.5633630752563477 
17050011,0.5218302607536316 
17060013,0.5656663775444031 
17070033,0.5519940257072449 
17080010,0.5189775228500366 
17090030,0.551006555557251 
17100017,0.6058527231216431 
17110042,0.5339726805686951 
17120037,0.5488284230232239 
17130001,0.5425521731376648 
17140004,0.5233707427978516 
17150043,0.49256229400634766 
17160020,0.5453184843063354 
17170025,0.5905917882919312 
17180022,0.5602803230285645 
17190026,0.5262348055839539 
17200003,0.5780490040779114 
17210045,0.5731884837150574 
17220016,0.5231514573097229 
17230004,0.5406103730201721 
17240013,0.587358832359314 
17250014,0.5922659635543823 
17260047,0.5335624814033508 
17270010,0.5721219778060913 
17280021,0.5343809127807617 
17290012,0.6372392177581787 
17300046,0.5848568081855774 
17310031,0.5907387733459473 
17320039,0.5882056951522827 
17330026,0.6001690030097961 
17340036,0.5495722889900208 
17350002,0.5730185508728027 
17360003,0.5717566013336182 
17370021,0.5260440707206726 
17380046,0.5770091414451599 
17390004,0.5785914063453674 
17400039,0.6222283244132996 
17410027,0.5715458393096924 
17420012,0.5971476435661316 
17430032,0.5944727659225464 
17440026,0.5554546117782593 
17450008,0.5091831684112549 
17460007,0.5755447149276733 
17470017,0.5211629271507263 
17480034,0.5368229746818542 
17490010,0.5410950779914856 
17500042,0.5563300848007202 
17510010,0.5206731557846069 
17520006,0.5290853977203369 
17530039,0.5900000929832458 
17540022,0.5524300932884216 
17550016,0.6089482307434082 
17560014,0.5750795006752014 
17570036,0.5024154782295227 
17580012,0.5869085192680359 
17590034,0.5334556102752686 
17600004,0.4958166778087616 
17610029,0.5123505592346191 
17620022,0.6178446412086487 
17630011,0.584028959274292 
17640044,0.5434637665748596 
17650022,0.5524501204490662 
17660042,0.5631577372550964 
17670001,0.5763241052627563 
17680011,0.5503088235855103 
17690008,0.534009575843811 
17700022,0.5433810353279114 
17710013,0.589027464389801 
17720004,0.5847141146659851 
17730016,0.5448543429374695 
17740035,0.5973681211471558 
17750039,0.6388481259346008 
17760021,0.5559402108192444 
17770023,0.5460038781166077 
17780012,0.6050236225128174 
17790043,0.5348272323608398 
17800046,0.5556292533874512 
17810040,0.6029760837554932 
17820016,0.5604143738746643 
17830023,0.5786709785461426 
17840022,0.5610864758491516 
17850048,0.6165639758110046 
17860031,0.5552787780761719 
17870017,0.5731996297836304 
17880005,0.5504743456840515 
17890009,0.6070662140846252 
17900049,0.6353378891944885 
17910008,0.5639908313751221 
17920013,0.5882030725479126 
17930003,0.5405935049057007 
17940047,0.5737268328666687 
17950041,0.6153271198272705 
17960047,0.5960789322853088 
17970045,0.554391622543335 
17980047,0.6260291934013367 
17990011,0.6229128241539001 
18000039,0.5294142365455627 
18010030,0.5713921189308167 
18020028,0.6044639945030212 
18030029,0.6069042682647705 
18040018,0.6374006271362305 
18050043,0.5810294151306152 
18060030,0.5555884838104248 
18070012,0.6084291338920593 
18080040,0.5482470989227295 
18090041,0.6049317717552185 
18100032,0.6094458699226379 
18110003,0.5248875021934509 
18120014,0.5793182253837585 
18130015,0.5831708908081055 
18140025,0.5758865475654602 
18150040,0.5823150277137756 
18160035,0.6223294734954834 
18170023,0.5832739472389221 
18180022,0.5883249044418335 
18190001,0.5500167608261108 
18200009,0.5785490274429321 
18210011,0.6147477030754089 
18220008,0.5892258286476135 
18230045,0.5925278663635254 
18240006,0.5468938946723938 
18250015,0.5822184085845947 
18260008,0.6023340821266174 
18270007,0.5780073404312134 
18280027,0.5499585866928101 
18290011,0.6158638000488281 
18300013,0.5990694761276245 
18310035,0.6131145358085632 
18320036,0.6033467650413513 
18330009,0.5302069783210754 
18340020,0.6060180068016052 
18350016,0.5854857563972473 
18360030,0.6218847632408142 
18370043,0.6082621812820435 
18380036,0.5994880795478821 
18390025,0.5478157997131348 
18400015,0.6068768501281738 
18410023,0.5912362933158875 
18420038,0.5714258551597595 
18430028,0.6064751148223877 
18440021,0.5570555925369263 
18450018,0.6098604798316956 
18460029,0.5209280252456665 
18470028,0.6178264617919922 
18480013,0.5461006164550781 
18490016,0.5500744581222534 
18500025,0.6204806566238403 
18510042,0.5987388491630554 
18520042,0.5153937339782715 
18530023,0.5807043313980103 
18540041,0.563093900680542 
18550002,0.5595277547836304 
18560016,0.5906925797462463 
18570024,0.5913460850715637 
18580007,0.6316685676574707 
18590003,0.564660906791687 
18600047,0.5875499248504639 
18610029,0.5852992534637451 
18620045,0.5728598833084106 
18630040,0.5920016765594482 
18640024,0.6410163044929504 
18650016,0.584550678730011 
18660035,0.599818766117096 
18670018,0.5203021168708801 
18680007,0.6009998917579651 
18690041,0.5744647979736328 
18700029,0.5719501376152039 
18710034,0.5668706297874451 
18720008,0.528002142906189 
18730042,0.5914470553398132 
18740011,0.6124765872955322 
18750012,0.6113035082817078 
18760010,0.6316835880279541 
18770036,0.6095148324966431 
18780023,0.5900004506111145 
18790014,0.5514861941337585 
18800043,0.5836750864982605 
18810036,0.5984973311424255 
18820038,0.5945398211479187 
18830010,0.5907055139541626 
18840037,0.5799199938774109 
18850047,0.5890702605247498 
18860016,0.5942608118057251 
18870030,0.5689123868942261 
18880044,0.6017318367958069 
18890029,0.5843191742897034 
18900002,0.5396018028259277 
18910037,0.5956946611404419 
18920018,0.560985803604126 
18930000,0.5894167423248291 
18940028,0.6222019791603088 
18950023,0.5891175270080566 
18960019,0.5668271780014038 
18970042,0.6385010480880737 
18980007,0.5616554021835327 
18990015,0.5958033204078674 
19000013,0.5726780891418457 
19010012,0.5043736696243286 
19020011,0.5534666180610657 
19030035,0.5596224069595337 
19040025,0.6220243573188782 
19050042,0.59873366355896 
19060048,0.6166070699691772 
19070034,0.5911830067634583 
19080006,0.5892732739448547 
19090029,0.5716777443885803 
19100005,0.5967074036598206 
19110035,0.6203634738922119 
19120034,0.5823696255683899 
19130036,0.5537785887718201 
19140031,0.5809400677680969 
19150040,0.4951937794685364 
19160013,0.5420558452606201 
19170048,0.5510526895523071 
19180038,0.600786030292511 
19190029,0.5564404726028442 
19200036,0.624122142791748 
19210020,0.607933759689331 
19220009,0.5610772371292114 
19230048,0.5715218782424927 
19240041,0.5254737734794617 
19250024,0.5752561092376709 
19260023,0.5714852809906006 
19270017,0.5696824789047241 
19280008,0.5964393019676208 
19290024,0.5915677547454834 
19300018,0.5529541373252869 
19310027,0.6346845626831055 
19320038,0.5519678592681885 
19330013,0.5679040551185608 
19340022,0.5859350562095642 
19350013,0.5750813484191895 
19360037,0.5867603421211243 
19370025,0.5443401336669922 
19380006,0.592811644077301 
19390022,0.583397626876831 
19400045,0.5666587352752686 
19410003,0.6431122422218323 
19420039,0.6328716278076172 
19430033,0.5622223615646362 
19440040,0.5973630547523499 
19450000,0.5832168459892273 
19460020,0.6202943325042725 
19470019,0.584704577922821 
19480027,0.5959458351135254 
19490034,0.6167953610420227 
19500034,0.5496265888214111 
19510017,0.5987691283226013 
19520002,0.5894788503646851 
19530006,0.58528733253479 
19540021,0.5983076691627502 
19550017,0.5525063276290894 
19560032,0.6142127513885498 
19570011,0.5658681988716125 
19580020,0.5790315866470337 
19590034,0.6175066232681274 
19600022,0.5687757730484009 
19610032,0.6344593167304993 
19620046,0.6045584082603455 
19630042,0.5823928117752075 
19640040,0.6489536166191101 
19650038,0.5296539068222046 
19660044,0.5686729550361633 
19670005,0.5559619069099426 
19680023,0.6090204119682312 
19690000,0.5725023746490479 
19700025,0.5942221879959106 
19710038,0.5607445240020752 
19720000,0.5418623685836792 
19730049,0.6023494601249695 
19740038,0.5893682837486267 
19750035,0.6131660342216492 
19760029,0.6076300144195557 
19770006,0.599598228931427 
19780042,0.5850830674171448 
19790046,0.6066666841506958 
19800027,0.5741047859191895 
19810001,0.6051368713378906 
19820016,0.59562748670578 
19830010,0.6326771378517151 
19840013,0.5879581570625305 
19850035,0.6224445104598999 
19860041,0.6042217016220093 
19870006,0.631399393081665 
19880036,0.5115225315093994 
19890046,0.5847712755203247 
19900015,0.5785016417503357 
19910026,0.6444007754325867 
19920016,0.5704962015151978 
19930021,0.5935719013214111 
19940028,0.583412230014801 
19950010,0.5520387887954712 
19960046,0.5567978620529175 
19970047,0.6139322519302368 
19980045,0.6341086626052856 
19990037,0.6023607850074768 
20000011,0.5896142721176147 
20010026,0.619102954864502 
20020010,0.5626431107521057 
20030046,0.551456093788147 
20040040,0.5686864256858826 
20050036,0.6138229966163635 
20060035,0.6108106374740601 
20070014,0.6031874418258667 
20080035,0.5441049337387085 
20090001,0.5568511486053467 
20100045,0.5824479460716248 
20110009,0.6077708005905151 
20120000,0.6128754615783691 
20130026,0.5959005951881409 
20140005,0.5719539523124695 
20150045,0.616405725479126 
20160013,0.5526054501533508 
20170031,0.5553483366966248 
20180018,0.62906813621521 
20190002,0.5715715885162354 
20200000,0.5793508291244507 
20210006,0.6237494945526123 
20220036,0.5831955671310425 
20230049,0.5604122877120972 
20240018,0.6016488671302795 
20250001,0.6019110083580017 
20260018,0.5968773365020752 
20270010,0.6530075669288635 
20280013,0.6035882830619812 
20290033,0.6077272295951843 
20300026,0.5707607269287109 
20310047,0.5729790329933167 
20320017,0.582224428653717 
20330014,0.6392117142677307 
20340004,0.6182968616485596 
20350003,0.6135866045951843 
20360005,0.5908991098403931 
20370039,0.5841696858406067 
20380046,0.6088632345199585 
20390025,0.5548426508903503 
20400030,0.6233775615692139 
20410015,0.5800476670265198 
20420049,0.5897979140281677 
20430039,0.5996726751327515 
20440040,0.6174225211143494 
20450020,0.5647241473197937 
20460004,0.5356194972991943 
20470028,0.6392404437065125 
20480026,0.6227204203605652 
20490029,0.6110663414001465 
20500024,0.6047740578651428 
20510014,0.5892834067344666 
20520045,0.6099569797515869 
20530007,0.5522574782371521 
20540017,0.6118777394294739 
20550000,0.5965402722358704 
20560041,0.5986931324005127 
20570020,0.6156829595565796 
20580003,0.553808331489563 
20590042,0.5382208228111267 
20600034,0.5835453271865845 
20610019,0.5552362203598022 
20620014,0.5758058428764343 
20630032,0.5476178526878357 
20640040,0.5779212117195129 
20650042,0.5914346575737 
20660039,0.5932765603065491 
20670036,0.5909038782119751 
20680013,0.5544418692588806 
20690024,0.6058181524276733 
20700045,0.5939966440200806 
20710039,0.5528523921966553 
20720004,0.5390792489051819 
20730014,0.5964912176132202 
20740025,0.6032854318618774 
20750010,0.6100317239761353 
20760048,0.6495359539985657 
20770034,0.5920944213867188 
20780024,0.606371283531189 
20790040,0.6161248087882996 
20800017,0.6043936610221863 
20810036,0.5793758630752563 
20820003,0.5567615032196045 
20830042,0.5719140768051147 
20840020,0.569085955619812 
20850017,0.5689194798469543 
20860017,0.5998677015304565 
20870017,0.5615062713623047 
20880009,0.5834123492240906 
20890030,0.6217852234840393 
20900003,0.5621092319488525 
20910002,0.6011300683021545 
20920046,0.564795196056366 
20930018,0.5805813670158386 
20940047,0.6009809970855713 
20950020,0.6095259189605713 
20960020,0.6120368242263794 
20970007,0.6115788817405701 
20980030,0.5690501928329468 
20990000,0.5715212821960449 
21000012,0.5820021629333496 
21010029,0.6171125173568726 
21020016,0.6180307269096375 
21030046,0.6254662871360779 
21040026,0.5489540696144104 
21050030,0.5800153613090515 
21060001,0.5932261943817139 
21070025,0.5545423030853271 
21080025,0.559744119644165 
21090024,0.5911744236946106 
21100005,0.5700488686561584 
21110043,0.5444178581237793 
21120013,0.5838554501533508 
21130012,0.5765349268913269 
21140013,0.5778805613517761 
21150035,0.5580739378929138 
21160027,0.5799699425697327 
21170007,0.5599801540374756 
21180043,0.5826156139373779 
21190044,0.6266216039657593 
21200021,0.55193030834198 
21210006,0.5441439747810364 
21220040,0.5552158951759338 
21230017,0.5642266869544983 
21240009,0.5757513046264648 
21250046,0.6092230677604675 
21260025,0.5701485276222229 
21270016,0.6500889658927917 
21280033,0.5438834428787231 
21290048,0.5558997988700867 
21300028,0.5637739896774292 
21310003,0.5750911235809326 
21320044,0.5677030682563782 
21330036,0.6125808954238892 
21340019,0.5665144920349121 
21350043,0.5952196717262268 
21360012,0.5502031445503235 
21370022,0.5769059658050537 
21380047,0.6242228150367737 
21390004,0.5951305627822876 
21400010,0.5952484011650085 
21410022,0.5962903499603271 
21420040,0.586581826210022 
21430007,0.587530255317688 
21440010,0.5887715220451355 
21450000,0.6089355945587158 
21460010,0.6114611625671387 
21470004,0.6008952260017395 
21480035,0.530539333820343 
21490018,0.5993131399154663 
21500037,0.5521497130393982 
21510032,0.5665838718414307 
21520044,0.5911916494369507 
21530023,0.5685803890228271 
21540002,0.5791427493095398 
21550024,0.6102964878082275 
21560001,0.5717266201972961 
21570019,0.6037945747375488 
21580009,0.528954029083252 
21590049,0.5681709051132202 
21600012,0.6018973588943481 
21610044,0.6530331969261169 
21620048,0.5469292998313904 
21630001,0.5782878398895264 
21640048,0.5829129815101624 
21650028,0.5797477960586548 
21660038,0.6399839520454407 
21670034,0.6173994541168213 
21680027,0.573086142539978 
21690015,0.6024494171142578 
21700032,0.5886409282684326 
21710030,0.6275123953819275 
21720046,0.5713365077972412 
21730049,0.5991420745849609 
21740020,0.5595775842666626 
21750019,0.6313376426696777 
21760024,0.5720217227935791 
21770005,0.5708135366439819 
21780029,0.5530045628547668 
21790022,0.5585485696792603 
21800001,0.5977663993835449 
21810000,0.5684893131256104 
21820046,0.6258352398872375 
21830024,0.5816220641136169 
21840010,0.5997869968414307 
21850035,0.596340000629425 
21860021,0.6218125820159912 
21870024,0.5898256897926331 
21880009,0.579532265663147 
21890012,0.581489086151123 
21900041,0.5629884004592896 
21910039,0.6196597814559937 
21920016,0.5984910726547241 
21930034,0.5778056979179382 
21940004,0.5601919293403625 
21950025,0.6161349415779114 
21960010,0.5641787052154541 
21970008,0.5718095898628235 
21980047,0.5880179405212402 
21990024,0.5949282646179199 
22000043,0.6193401217460632 
22010037,0.644041121006012 
22020005,0.6275612115859985 
22030048,0.5851449370384216 
22040036,0.6088494062423706 
22050032,0.5828991532325745 
22060000,0.5784546136856079 
22070020,0.603615403175354 
22080015,0.5437917709350586 
22090014,0.6088905334472656 
22100005,0.6015159487724304 
22110030,0.5726759433746338 
22120014,0.5279408097267151 
22130030,0.6036193370819092 
22140020,0.5864792466163635 
22150029,0.6266992688179016 
22160011,0.6781226396560669 
22170035,0.6499502062797546 
22180003,0.5277919173240662 
22190038,0.5653332471847534 
22200021,0.5760273337364197 
22210008,0.622524619102478 
22220035,0.6509473919868469 
22230047,0.6023077964782715 
22240046,0.604067862033844 
22250020,0.6127074360847473 
22260022,0.6013743877410889 
22270019,0.575953483581543 
22280028,0.6148777008056641 
22290012,0.626808762550354 
22300015,0.5743726491928101 
22310044,0.6072542667388916 
22320048,0.5716300010681152 
22330019,0.5589312314987183 
22340026,0.5863898992538452 
22350006,0.5592111349105835 
22360022,0.5740123987197876 
22370011,0.5700982809066772 
22380016,0.5988113284111023 
22390038,0.5171819925308228 
22400048,0.6190541982650757 
22410033,0.5890364646911621 
22420047,0.5760564804077148 
22430009,0.5586432814598083 
22440044,0.6334532499313354 
22450019,0.6262037754058838 
22460036,0.6485519409179688 
22470004,0.6026614904403687 
22480036,0.5529996752738953 
22490046,0.5800839066505432 
22500016,0.5484198331832886 
22510045,0.6115238666534424 
22520012,0.6009588837623596 
22530020,0.594621479511261 
22540015,0.6391876935958862 
22550040,0.600159764289856 
22560047,0.5550079941749573 
22570047,0.5744612812995911 
22580024,0.5605743527412415 
22590011,0.5977044105529785 
22600025,0.5752210021018982 
22610001,0.62624591588974 
22620005,0.5590487122535706 
22630010,0.6269872188568115 
22640019,0.5817247033119202 
22650025,0.6177597641944885 
22660023,0.6079828143119812 
22670010,0.6197688579559326 
22680005,0.5735213756561279 
22690027,0.5852128267288208 
22700002,0.5672305822372437 
22710049,0.6035315990447998 
22720041,0.6068462133407593 
22730000,0.5949534773826599 
22740036,0.5980973243713379 
22750020,0.6131401658058167 
22760006,0.5943132042884827 
22770016,0.5319384336471558 
22780019,0.5838459730148315 
22790002,0.5635702013969421 
22800015,0.5855987071990967 
22810043,0.6074561476707458 
22820000,0.5635607838630676 
22830015,0.5917196869850159 
22840002,0.5951883792877197 
22850043,0.554351270198822 
22860010,0.5429167151451111 
22870032,0.6298991441726685 
22880036,0.63021320104599 
22890027,0.5971889495849609 
22900014,0.5838098526000977 
22910038,0.5798944234848022 
22920000,0.6073414087295532 
22930039,0.5349284410476685 
22940024,0.5911567211151123 
22950039,0.5422027111053467 
22960016,0.5739263296127319 
22970018,0.5817731618881226 
22980016,0.5781891942024231 
22990014,0.5135077834129333 
23000038,0.55959153175354 
23010031,0.5840328335762024 
23020004,0.5911698341369629 
23030044,0.6424996256828308 
23040001,0.5977306365966797 
23050037,0.5861508846282959 
23060019,0.5864911079406738 
23070038,0.5552164316177368 
23080048,0.6029685139656067 
23090046,0.5904021263122559 
23100022,0.6005020141601562 
23110007,0.5923614501953125 
23120013,0.640991747379303 
23130016,0.5806295275688171 
23140019,0.6214486360549927 
23150037,0.6175879240036011 
23160008,0.5651524066925049 
23170028,0.5460397005081177 
23180011,0.5937041640281677 
23190035,0.6313493847846985 
23200026,0.5618806481361389 
23210032,0.6122103929519653 
23220008,0.5563217401504517 
23230039,0.5921077132225037 
23240009,0.5844479203224182 
23250047,0.5602506995201111 
23260047,0.6070561408996582 
23270003,0.5581285953521729 
23280004,0.5811301469802856 
23290028,0.5586182475090027 
23300043,0.5796926021575928 
23310040,0.6661009788513184 
23320014,0.6045998930931091 
23330015,0.5540910959243774 
23340032,0.5855280756950378 
23350019,0.570781946182251 
23360018,0.5890756249427795 
23370025,0.6278990507125854 
23380046,0.576104998588562 
23390006,0.5708723664283752 
23400004,0.6163263916969299 
23410039,0.567319393157959 
23420019,0.6243309378623962 
23430021,0.6798956394195557 
23440042,0.625378429889679 
23450019,0.6215595006942749 
23460048,0.6222333312034607 
23470039,0.6129949688911438 
23480017,0.5570216178894043 
23490003,0.6019620299339294 
23500010,0.5996480584144592 
23510041,0.6238706707954407 
23520037,0.644580066204071 
23530041,0.5506694316864014 
23540028,0.6185101866722107 
23550046,0.5681465268135071 
23560035,0.5948609113693237 
23570033,0.6165310740470886 
23580036,0.608967125415802 
23590027,0.5980522632598877 
