10000,0.09719260679980493 
20000,0.09204661514955631 
30000,0.1226120882686285 
40000,0.11899505070093305 
50000,0.10144610044668095 
60000,0.12981371099231007 
70000,0.12420851493277965 
80039,0.14769622458673334 
90039,0.1413532660150307 
100039,0.1535039346618294 
110039,0.13467956104353163 
120039,0.14839371095021248 
130039,0.16404103818867755 
140039,0.15448807075277662 
150039,0.15246163966752202 
160039,0.1423799488909783 
170039,0.1636687029216054 
180039,0.13260515383309499 
190039,0.13822962862301097 
200039,0.14672240126574493 
210039,0.16135806105659045 
220039,0.1457508202581732 
230039,0.14887869788450284 
240039,0.159491549493678 
250039,0.1453852560837855 
260039,0.14607218190306426 
270039,0.14566872220916338 
280022,0.159202368301633 
290022,0.14096530552780553 
300022,0.13665296702351656 
310022,0.1620138815432933 
320022,0.13244501454427926 
330022,0.16221430775107248 
340022,0.14037799004401172 
350022,0.15799711337424185 
360022,0.15492043414102238 
370022,0.13392559165121085 
380022,0.14169127827796557 
390022,0.14535532441414795 
400022,0.14495043069675423 
410022,0.15619284922593746 
420022,0.14822671648097344 
430022,0.14624980156152756 
440022,0.160755458786999 
450022,0.13182146751167648 
460022,0.14247398046140305 
470022,0.143690379860078 
480022,0.1648939026435493 
490022,0.14694218893851244 
500022,0.15819795890384128 
510022,0.13941624755962992 
520022,0.13044830912981067 
530022,0.13716303212181696 
540022,0.1540400707823308 
550022,0.15834660987447363 
560022,0.14074279029793735 
570022,0.14360463596860656 
580022,0.14706208454428268 
590022,0.14444738227458814 
600022,0.14838471760008137 
610022,0.13543849766934135 
620022,0.15520152192578662 
630022,0.15549424766839628 
640022,0.16316957674678265 
650022,0.14997180850625125 
660018,0.15642872731843319 
670018,0.14954552106390342 
680018,0.1469717238385969 
690018,0.12946532144326262 
700018,0.15448916116563174 
710018,0.16369212729564897 
720018,0.15309698583150597 
730018,0.13641804231200516 
740006,0.13269197325292525 
750006,0.1257430726952786 
760006,0.15933669843228665 
770006,0.15663596656611362 
780006,0.14551695442929963 
790006,0.1247348641855221 
800006,0.1659895847616436 
810006,0.13756511544011546 
820006,0.15013516059104293 
830006,0.13601457926748176 
840006,0.1441096570697964 
850006,0.1607438717328423 
860006,0.15831726338247235 
870006,0.15406901513519158 
880006,0.13956111372287844 
890006,0.15022856922489275 
900006,0.1445969669520366 
910006,0.14081209680842033 
920006,0.1553021488315606 
930006,0.16152125203228146 
940006,0.14334650845370656 
950006,0.13300270889241478 
960006,0.15748597399332692 
970006,0.167790877831319 
980006,0.1547648395206445 
990006,0.14377967375761494 
1000006,0.14804883351942175 
1010006,0.1439190351057611 
1020006,0.15056835218445128 
1030006,0.16239479393155862 
1040006,0.1565115619674443 
1050006,0.16586349065451234 
1060033,0.16790053912529768 
1070033,0.16303126193122325 
1080033,0.1494582594692889 
1090033,0.1496327848922663 
1100033,0.15981161300859445 
1110033,0.16089474566970696 
1120033,0.15290507531684003 
1130033,0.15617196502346758 
1140033,0.1651169231954836 
1150033,0.16083432376447082 
1160033,0.16405574123588829 
1170033,0.16131448595264383 
1180033,0.14944795583243725 
1190033,0.165804793203013 
1200033,0.17682987650034865 
1210033,0.17129070518834452 
1220030,0.18357325721663956 
1230013,0.17665026863401476 
1240013,0.17397959034859192 
1250013,0.1802172855739032 
1260013,0.16986843168441465 
1270013,0.18929415078815232 
1280013,0.18635453942342486 
1290013,0.17201988716907446 
1300013,0.21758646949455773 
1310013,0.18642364620673443 
1320005,0.19419765496371533 
1330005,0.19401613174407292 
1340005,0.19514333112707724 
1350035,0.21804632257938483 
1360035,0.19864632374849095 
1370035,0.20381516847016073 
1380027,0.23117992005414606 
1390027,0.20379293569347748 
1400027,0.20972278078818327 
1410027,0.2094669504901703 
1420027,0.21742889585904293 
1430027,0.2157335013842367 
1440027,0.2068375357013128 
1450027,0.2239424317512553 
1460027,0.21267718637571584 
1470019,0.2103890017146596 
1480019,0.2380556821489484 
1490019,0.20636562854500162 
1500019,0.23014140780530098 
1510019,0.26179427761780705 
1520044,0.2552139098341908 
1530044,0.23184131829642665 
1540044,0.2504767124215654 
1550044,0.2562627727449709 
1560044,0.26816434668272904 
1570044,0.2295739472945355 
1580020,0.25150718955537066 
1590020,0.2289814886910475 
1600020,0.26813180762735717 
1610020,0.2981589480565874 
1620036,0.26989981685178305 
1630007,0.27464838704467187 
1640007,0.26043085060364474 
1650007,0.25973566425404665 
1660034,0.26704573258856795 
1670028,0.2760550443923122 
1680000,0.2638849131819333 
1690033,0.2552900226084228 
1700029,0.27441996625665355 
1710040,0.2813349233321739 
1720029,0.2722539880355283 
1730029,0.269339206738394 
1740029,0.25947750649763035 
1750047,0.26928204100065384 
1760049,0.28333537219505983 
1770049,0.309261515445339 
1780049,0.2798260541273312 
1790020,0.31145295268457035 
1800049,0.2934620418926828 
1810042,0.30453763739270706 
1820029,0.2997661561005214 
1830040,0.2928478820766608 
1840023,0.2921160413588819 
1850046,0.2941518968198651 
1860041,0.2908595983050317 
1870034,0.33421781617398977 
1880032,0.32224986137467077 
1890015,0.33223087846965554 
1900024,0.31756171866293564 
1910038,0.30409576075730593 
1920026,0.3289010809613605 
1930000,0.3273845664139782 
1940043,0.3037077133162111 
1950036,0.33655900975803016 
1960018,0.3158220627841371 
1970036,0.33859553750385973 
1980007,0.36211109538895914 
1990039,0.34741923765247545 
2000039,0.3057793203098931 
2010014,0.3455754518958853 
2020048,0.3572468312603723 
2030033,0.35841211302772163 
2040045,0.3791820920133384 
2050014,0.3695762517711047 
2060011,0.3772576784082722 
2070046,0.38796858096222964 
2080044,0.40120128129635546 
2090035,0.40008953299452527 
2100001,0.3883476592851593 
2110030,0.4161389211115425 
2120025,0.42293808566377 
2130020,0.4005258985452831 
2140011,0.41632863664113656 
2150002,0.45740671075413863 
2160026,0.449903575203931 
2170008,0.47248450619481025 
2180032,0.4413148075385566 
2190046,0.4585117002985965 
2200011,0.45071663548382723 
2210013,0.4247110076145572 
2220049,0.4650559419118444 
2230016,0.4643041332296163 
2240024,0.43652508269572915 
2250027,0.46853732609005677 
2260027,0.4614193604499618 
2270013,0.462838137954237 
2280041,0.44678629028589756 
2290007,0.4599524134532914 
2300021,0.4547696580499264 
2310028,0.4436135904670224 
2320017,0.4673309323498606 
2330023,0.4583539007482734 
2340030,0.4596643379435677 
2350035,0.4756215621290289 
2360048,0.4962579523673814 
2370006,0.47682421108994133 
2380003,0.457816474865755 
2390031,0.49692676948094905 
2400045,0.4683437308255192 
2410039,0.492119889117737 
2420047,0.4904242396547988 
2430044,0.4793598117323831 
2440029,0.45548557125541195 
2450009,0.4479356851104552 
2460000,0.45198253670185023 
2470026,0.473244080817838 
2480015,0.47741488544364136 
2490019,0.510398976361493 
2500033,0.4883982914390627 
2510003,0.4954629810504311 
2520038,0.484293501951166 
2530015,0.4729494190231078 
2540001,0.4712858147963734 
2550017,0.46571517922602257 
2560002,0.4754028729457258 
2570027,0.46825537012291196 
2580039,0.46623460850248666 
2590037,0.43921545355206015 
2600009,0.45034765802640103 
2610039,0.4799435623359583 
2620026,0.4803685798583103 
2630045,0.45268164375908865 
2640048,0.4869885914802338 
2650015,0.45860527895164116 
2660039,0.48343524690802503 
2670029,0.4819232713792965 
2680030,0.47522149666471203 
2690006,0.4871785653496746 
2700005,0.5113828043069305 
2710038,0.5214224695850755 
2720013,0.489536706148502 
2730030,0.45864422565528806 
2740018,0.47841943354119587 
2750000,0.48871390774012025 
2760000,0.5115990588893399 
2770010,0.49532217190737077 
2780025,0.5109377070388993 
2790009,0.504748013681382 
2800003,0.4942315613979589 
2810042,0.4721317115821677 
2820022,0.5153063002206772 
2830012,0.47478352005077556 
2840016,0.5056196646939007 
2850013,0.5063858491644118 
2860022,0.4780300227167828 
2870029,0.48302070822194665 
2880025,0.48247872395113334 
2890045,0.5287400531419669 
2900006,0.5136797009044137 
2910026,0.47033080513001324 
2920015,0.5029230563080521 
2930041,0.4899856286819376 
2940047,0.5091547302761196 
2950047,0.49203004338341083 
2960035,0.5391695690925771 
2970011,0.4948002393203632 
2980007,0.5028456211399183 
2990020,0.5325469549636104 
3000015,0.5077516277775793 
3010028,0.4722299087550181 
3020018,0.5084585404226242 
3030035,0.5293187633911026 
3040020,0.48556141610660974 
3050012,0.49100023510706897 
3060017,0.482242808019244 
3070033,0.47938716711313556 
3080042,0.5314005424072873 
3090013,0.5074144059333136 
3100003,0.4894225120938646 
3110007,0.49082854485667776 
3120044,0.49945063542590484 
3130044,0.5018171217340015 
3140021,0.49487206082614976 
3150016,0.49759494891073835 
3160016,0.5069484716139468 
3170008,0.5009737629628149 
3180030,0.49386184487420637 
3190033,0.5118264721733793 
3200027,0.5154599779953125 
3210008,0.5090575876840319 
3220028,0.4985468842369295 
3230024,0.5239159249928184 
3240011,0.5107588338650032 
3250021,0.5171440350279434 
3260035,0.5244481233931362 
3270004,0.5111365140348578 
3280013,0.4793703410974855 
3290024,0.5074717252066026 
3300034,0.526070144710936 
3310023,0.48167600219172246 
3320048,0.5199449014953432 
3330008,0.5095444847500064 
3340002,0.5062172226584216 
3350047,0.4989404363539202 
3360047,0.5342248946708342 
3370005,0.506517313863377 
3380043,0.4785827972696678 
3390017,0.5078945722849034 
3400003,0.5168760821040382 
3410000,0.5146540217369909 
3420026,0.5114619364198715 
3430038,0.49948495330419945 
3440035,0.5198189787550378 
3450001,0.5160024463605943 
3460002,0.49706689000127047 
3470037,0.4981473990356313 
3480039,0.5412196470996157 
3490025,0.5048567663507605 
3500013,0.5228324346077969 
3510031,0.5047772223076185 
3520005,0.5344597617666726 
3530018,0.538266629047172 
3540042,0.4773964962212908 
3550008,0.513883876488516 
3560016,0.5262378714472571 
3570049,0.5491107287541414 
3580008,0.5222597471720154 
3590046,0.4967493909018116 
3600024,0.4922350923328901 
3610013,0.511467691527352 
3620011,0.5600141598595445 
3630042,0.5150825256287441 
3640037,0.5143286027270281 
3650001,0.5600693101839064 
3660012,0.5389343343431439 
3670012,0.4714490484327797 
3680035,0.5024990480837139 
3690019,0.5124966695069222 
3700031,0.5346816657952911 
3710025,0.524514797906342 
3720031,0.5368438864115556 
3730000,0.5140035826949723 
3740043,0.5278546188859193 
3750037,0.5276568900982878 
3760001,0.4918931684980674 
3770015,0.4874565732049916 
3780014,0.5064508639917751 
3790006,0.5035585430284517 
3800004,0.5306157041515032 
3810010,0.5028914257722967 
3820005,0.5364259448931069 
3830014,0.5352234320301548 
3840026,0.542518610312031 
3850033,0.5203618815139044 
3860038,0.5188981346433802 
3870010,0.49706704527723095 
3880022,0.5258424689758787 
3890002,0.539371646901792 
3900029,0.535219602003174 
3910014,0.5568663395411579 
3920028,0.5154016497409908 
3930025,0.5058454934369144 
3940049,0.5657558989939574 
3950011,0.521601966247103 
3960013,0.5292798977429205 
3970021,0.5064139660013938 
3980002,0.5170010230133768 
3990009,0.5140084587380793 
4000006,0.5295841758868124 
4010032,0.5316720523321585 
4020009,0.5401650383315247 
4030018,0.5155589999316162 
4040003,0.5153628828593734 
4050048,0.5505906407715573 
4060003,0.5279477011898631 
4070019,0.5441292956569433 
4080029,0.5309500764080723 
4090039,0.5634583507676165 
4100025,0.577167905925311 
4110023,0.5409289349246059 
4120046,0.500098251631426 
4130019,0.5443587164995686 
4140003,0.5374487220458696 
4150018,0.5673955334549792 
4160044,0.5293715030359007 
4170033,0.5600075280984412 
4180008,0.5213734734325453 
4190032,0.5564091442455475 
4200046,0.518776516173638 
4210031,0.536494517246143 
4220007,0.5503580109418181 
4230002,0.5392522431690984 
4240013,0.5251708918868073 
4250034,0.5197743798683332 
4260027,0.5166703457857055 
4270032,0.54399489940045 
4280026,0.5363936789699727 
4290037,0.5414768480703648 
4300012,0.5175903276832445 
4310041,0.538724658132918 
4320039,0.5714151060432969 
4330036,0.5859426549499098 
4340012,0.5538964307538324 
4350021,0.5433421412560089 
4360011,0.525258580667279 
4370021,0.5254933771665805 
4380047,0.5679470630468262 
4390046,0.5488631185683707 
4400013,0.5496993796329482 
4410003,0.5113100868520686 
4420019,0.5452960873810705 
4430002,0.5668838002390999 
4440033,0.5585002429321461 
4450017,0.5788119554302231 
4460036,0.5548437819530976 
4470037,0.5067625820329217 
4480041,0.5440584529095467 
4490020,0.5469227829464269 
4500010,0.551098848497207 
4510011,0.5517872912220932 
4520025,0.5174537872683956 
4530014,0.5585043779913307 
4540037,0.5226382064092148 
4550003,0.5363870696044244 
4560021,0.5694307029408013 
4570001,0.5341711416281338 
4580017,0.556396777749008 
4590014,0.5609710610334208 
4600010,0.5632951692020501 
4610017,0.5460106551474503 
4620009,0.5472855215856257 
4630036,0.5410589352834231 
4640000,0.5066908360870468 
4650017,0.5323312213124475 
4660002,0.5435178695041588 
4670025,0.5457566193126145 
4680031,0.551575921930125 
4690032,0.5307698698120897 
4700033,0.5426465420665944 
4710018,0.5092913097344957 
4720019,0.5309041396747115 
4730039,0.520655269752705 
4740018,0.5371176563088328 
4750012,0.5410434348305755 
4760037,0.563380692668763 
4770025,0.5600483881241959 
4780046,0.5506165417200568 
4790045,0.5298305058314778 
4800022,0.5513803463470357 
4810020,0.5196328645596358 
4820011,0.5332290504256376 
4830005,0.5565865344598926 
4840039,0.541079999671691 
4850041,0.5527608632794021 
4860040,0.5206249764236941 
4870030,0.4836714034699407 
4880009,0.5371346229163567 
4890013,0.5373022026256215 
4900032,0.5648558472994564 
4910011,0.5538201930556834 
4920038,0.5901059254836843 
4930018,0.5283177066324193 
4940021,0.4977101771438156 
4950033,0.5508664550145089 
4960012,0.5376762416261778 
4970016,0.5391119520826743 
4980010,0.5481711659022583 
4990007,0.5395411926272166 
5000042,0.5284327759885471 
5010014,0.5676637190475095 
5020004,0.5493722089293739 
5030030,0.5528189921613869 
5040041,0.5531024962441333 
5050038,0.5597307069513656 
5060019,0.5730132719778324 
5070002,0.5381829365083457 
5080038,0.5414449452726965 
5090027,0.5020481164605882 
5100022,0.527177737164862 
5110031,0.5564622214941304 
5120035,0.5468226262398673 
5130039,0.5240662562941113 
5140047,0.5432553003659963 
5150002,0.536191250530416 
5160042,0.545243324909402 
5170013,0.5277000489869155 
5180027,0.5300120858146663 
5190039,0.513333546195192 
5200002,0.5800765822507346 
5210017,0.5469422556279852 
5220003,0.5572491434317187 
5230033,0.5542612095216422 
5240017,0.5632307099863554 
5250000,0.5649308927145061 
5260037,0.5446112356937214 
5270041,0.55922971813302 
5280005,0.550906164690591 
5290016,0.5459935692030273 
5300005,0.5632487357167489 
5310042,0.5227394457600759 
5320036,0.5201671439898883 
5330003,0.5731521661128575 
5340040,0.5342129482870991 
5350019,0.5378722112486497 
5360005,0.55798102586868 
5370017,0.5104841987805977 
5380000,0.5491318758927117 
5390023,0.5218784133555368 
5400010,0.5682756167844127 
5410011,0.5357440058311547 
5420019,0.5470994905955354 
5430044,0.5449234932798621 
5440004,0.5555850261004256 
5450009,0.5670222649850027 
5460012,0.542654542435491 
5470043,0.5559947668138858 
5480042,0.578844004832377 
5490046,0.519551480242499 
5500031,0.5461872525462815 
5510016,0.5562110685368282 
5520042,0.5485406153987117 
5530028,0.5441332981498515 
5540046,0.5568119752979614 
5550002,0.5883018813586041 
5560014,0.5537855899218346 
5570038,0.5193043723943236 
5580005,0.5276412099004282 
5590033,0.5592980301659255 
5600015,0.5868118121988091 
5610012,0.5374837156623841 
5620028,0.5199267851269597 
5630047,0.5008349293936264 
5640048,0.5479580510888188 
5650021,0.5533126065557136 
5660034,0.5540098185478206 
5670035,0.5274434963782828 
5680019,0.5331523562068674 
5690018,0.5393742725221313 
5700049,0.5505825573386796 
5710014,0.5262740610117793 
5720012,0.5386689134803205 
5730022,0.5438749695477912 
5740034,0.5365373602514247 
5750039,0.5233959815212258 
5760024,0.5211902552245036 
5770007,0.5337713075835389 
5780031,0.5559693917242547 
5790014,0.5346377375838898 
5800022,0.5544157966257125 
5810046,0.5615847757855729 
5820024,0.557205103316057 
5830041,0.5359725061859845 
5840043,0.5381450453958188 
5850017,0.5697553714775078 
5860000,0.5473200992855299 
5870008,0.5658321637138931 
5880019,0.5609965313569913 
5890003,0.5671030787270745 
5900021,0.5568661161250171 
5910007,0.5458366213413758 
5920014,0.5797615313999389 
5930012,0.5269353854084062 
5940029,0.5694085941472337 
5950013,0.5388002850559996 
5960022,0.5449271318963933 
5970032,0.5400216892772246 
5980003,0.5368701706867305 
5990040,0.5517215125402666 
6000010,0.5328265023144012 
6010040,0.5481522180294848 
6020003,0.5603840003261159 
6030025,0.5430768307279016 
6040010,0.5139873050734763 
6050038,0.543964899669414 
6060009,0.5531451360202426 
6070008,0.5890847331211474 
6080043,0.563654784218741 
6090038,0.5286675692851058 
6100014,0.5625431745019265 
6110032,0.5388650330371867 
6120032,0.5612629936194032 
6130049,0.5376130717860201 
6140011,0.5539081265843981 
6150045,0.5451409961581408 
6160023,0.5497086315691849 
6170014,0.5541063234349111 
6180011,0.5467470896661213 
6190027,0.5343079069234531 
6200022,0.5522793909659998 
6210044,0.5180142539369651 
6220011,0.5298834240046579 
6230030,0.5618593055051764 
6240028,0.5993902155820574 
6250026,0.5556870719307088 
6260045,0.5296941189881261 
6270009,0.5334683202606687 
6280026,0.5220614574174223 
6290025,0.5150398248886342 
6300020,0.5219967520807857 
6310015,0.5309953609096687 
6320037,0.5547569024542709 
6330039,0.5530818823486171 
6340028,0.5627751190690207 
6350002,0.5584249487918738 
6360002,0.5287450478195298 
6370046,0.6016591989243024 
6380005,0.5725664185714626 
6390040,0.5672864385193 
6400006,0.595431664903645 
6410037,0.5272298260167876 
6420028,0.5504635005053181 
6430041,0.5370993472427013 
6440011,0.5557931533347142 
6450042,0.574250188306138 
6460030,0.5768368743772535 
6470027,0.5643490748498342 
6480001,0.5522872001006676 
6490017,0.5612531624926582 
6500022,0.5374320759261051 
6510045,0.5382486418482658 
6520028,0.5068212545852311 
6530034,0.5060966341100974 
6540009,0.5754664495146903 
6550007,0.5370088304000289 
6560026,0.5424731177830822 
6570010,0.5123503799278915 
6580037,0.5458037700442656 
6590009,0.5574373106990894 
6600022,0.543415144515853 
6610008,0.5615388499318635 
6620009,0.5482384537844313 
6630003,0.5265040236335805 
6640019,0.5473115229884951 
6650024,0.5408605433953732 
6660024,0.54511593797548 
6670028,0.582595493715974 
6680044,0.536394821929758 
6690004,0.5731985643601079 
6700039,0.5554684284367865 
6710021,0.5610461492800718 
6720028,0.5429633570097171 
6730047,0.5840189380317704 
6740030,0.5455674304730909 
6750049,0.5776648575023189 
6760015,0.5417725225176675 
6770014,0.551169109610065 
6780008,0.5655050083358907 
6790015,0.5672812460055868 
6800021,0.5380866936566583 
6810024,0.5300237045908208 
6820026,0.5461721460381855 
6830039,0.5483276650185495 
6840031,0.5762758614015004 
6850031,0.5606385234746579 
6860020,0.5207053604807556 
6870045,0.5633679156940371 
6880024,0.5689197212635053 
6890039,0.5378393046052576 
6900033,0.5527769137050047 
6910007,0.5552569205330825 
6920015,0.5256059160465397 
6930014,0.578531071502149 
6940037,0.5478473132985298 
6950038,0.5493153730023478 
6960006,0.5523622788378427 
6970047,0.5378856904680656 
6980005,0.5401901851010833 
6990010,0.5567906356726527 
7000022,0.5598891297110021 
7010000,0.5392703366506083 
7020027,0.5408492337272129 
7030032,0.5697847570459562 
7040017,0.550604040294666 
7050013,0.5677183275371476 
7060024,0.5873438446497675 
7070045,0.5804068264945068 
7080048,0.5467293026288353 
7090000,0.5659579180045147 
7100011,0.5402619693459789 
7110000,0.5648239415667055 
7120011,0.5349555843893951 
7130001,0.5628338325341349 
7140004,0.5564690588968795 
7150041,0.5818591091058715 
7160015,0.5489621438836234 
7170002,0.5935924666612975 
7180036,0.5320455467924688 
7190002,0.5753960545448784 
7200044,0.569429561935385 
7210005,0.5454620876077091 
7220011,0.5889804713910036 
7230001,0.5445666415518813 
7240041,0.5906518873909865 
7250046,0.5193002493506506 
7260018,0.5490605746949211 
7270027,0.5592768793813685 
7280018,0.5168215879268067 
7290001,0.5463557343342533 
7300005,0.557979497439109 
7310046,0.5578822874486701 
7320043,0.5831346585385525 
7330005,0.5662619779137027 
7340044,0.5946308342587797 
7350020,0.5573052037442793 
7360028,0.5314027510938573 
7370025,0.5434236601240794 
7380014,0.5616031874714544 
7390020,0.5351537794072405 
7400049,0.5936042354218609 
7410028,0.5281516575468367 
7420012,0.558509440674019 
7430018,0.5450279323167116 
7440004,0.5840184920846632 
7450018,0.5495000496194037 
7460027,0.5647512386578362 
7470038,0.5485478745131553 
7480045,0.5084524455014382 
7490031,0.5513507910808836 
7500006,0.5589361119324678 
7510044,0.542382302401577 
7520009,0.5584339919081077 
7530005,0.5701784189692851 
7540018,0.5538658441781417 
7550034,0.5757623748963089 
7560043,0.5536677887795678 
7570000,0.5743923170464618 
7580001,0.5565582324002271 
7590020,0.5789210463027622 
7600005,0.5541919701577016 
7610001,0.5481157287001671 
7620038,0.5605182710890267 
7630007,0.5484157185990957 
7640016,0.5543610939578647 
7650032,0.5607885329649159 
7660031,0.5447245681489379 
7670029,0.5401198492847064 
7680025,0.5513964678220337 
7690024,0.5367329070050345 
7700033,0.5623893631997383 
7710036,0.5421932304211179 
7720037,0.5485791442975513 
7730002,0.5831923935069461 
7740014,0.5597237854830626 
7750005,0.5369090160567341 
7760020,0.5619299134652492 
7770042,0.5497132676996791 
7780008,0.5447612325229251 
7790024,0.5338814251214737 
7800021,0.5410760849192674 
7810020,0.5530952784745354 
7820016,0.5369131491593897 
7830023,0.5262905806148505 
7840016,0.5735433811856904 
7850049,0.5469795343123731 
7860010,0.5513617984006239 
7870006,0.5695682409914403 
7880004,0.5861468220034478 
7890011,0.5072208385150007 
7900010,0.5738946282835332 
7910038,0.5565125819998057 
7920016,0.5218957204037158 
7930047,0.5450917673320534 
7940013,0.5601860011868627 
7950029,0.5038624304067146 
7960042,0.5492322173401544 
7970009,0.5464051352570927 
7980001,0.5320524691627211 
7990046,0.5399881219308401 
8000012,0.5496657469118623 
8010045,0.5516917086554625 
8020006,0.5591301726595844 
8030002,0.5770719450273529 
8040048,0.5519315800823799 
8050008,0.5870395826550712 
8060008,0.5631535797465764 
8070043,0.5699915218771371 
8080018,0.5429767323920945 
8090018,0.563948606699049 
8100037,0.557493867505641 
8110012,0.5211226925979174 
8120003,0.5589427633401539 
8130000,0.5044510584936023 
8140016,0.518789206558802 
8150002,0.5409277224029331 
8160019,0.5418964779768201 
8170022,0.5601263496557325 
8180025,0.5271106964468507 
8190041,0.5299698827457059 
8200016,0.5524538834179963 
8210021,0.5618178038192077 
8220002,0.5380138799976742 
8230005,0.538508798070892 
8240032,0.5419247516765234 
8250043,0.5502923257745129 
8260021,0.5684931324653952 
8270009,0.5570573574916127 
8280049,0.5463379744110898 
8290043,0.5332747805426924 
8300017,0.5722443042958625 
8310017,0.5396467054281027 
8320040,0.543979379749243 
8330000,0.5701801488285396 
8340007,0.5337557097654199 
8350032,0.5339513912723631 
8360002,0.5546968568914441 
8370010,0.5657559331133744 
8380046,0.5418415219520925 
8390041,0.5546794246360836 
8400028,0.5634499705620737 
8410030,0.5938760394228496 
8420029,0.5578278453825017 
8430021,0.5655972581298924 
8440030,0.5470541942763962 
8450001,0.5663223266841239 
8460008,0.5522135133897671 
8470003,0.5580398617752946 
8480013,0.5560589888999762 
8490006,0.5434781146211677 
8500042,0.5500534062576539 
8510004,0.5607066256961215 
8520024,0.580108368995017 
8530004,0.5576289087862973 
8540001,0.5468576077943971 
8550003,0.5125917887035253 
8560044,0.5949467048623859 
8570024,0.5630820070841079 
8580039,0.5581245235053578 
8590014,0.5165606410653594 
8600010,0.5551040561377304 
8610011,0.5476647225773718 
8620012,0.5080695665592416 
8630045,0.5770951842470629 
8640015,0.5276522419045192 
8650007,0.561064209655759 
8660025,0.6086976169621509 
8670021,0.5184519945073053 
8680001,0.5372803000679429 
8690030,0.5488342272063605 
8700031,0.5121338624786416 
8710044,0.5448176478705006 
8720049,0.5681893458192583 
8730010,0.5527120956205149 
8740023,0.548291199954165 
8750043,0.5664447879133048 
8760001,0.5821199171212553 
8770031,0.5260311766001715 
8780001,0.554770670915076 
8790044,0.5514032384527155 
8800011,0.5492087691278146 
8810013,0.5630911693294504 
8820021,0.5263849067005856 
8830016,0.5396598812919025 
8840037,0.5434565802242207 
8850046,0.5405783111827607 
8860019,0.5342404756032232 
8870032,0.5292267768472936 
8880036,0.5625204495318351 
8890008,0.567993978525223 
8900013,0.541601160469002 
8910023,0.5531134900158353 
8920009,0.5248261258536119 
8930001,0.5599514531357224 
8940004,0.5564549781777255 
8950009,0.561093379790032 
8960005,0.583161507198536 
8970005,0.538355687602504 
8980034,0.5680731855269268 
8990006,0.5559652934308121 
9000035,0.555696466602151 
9010014,0.5204944813935363 
9020000,0.5705668445085155 
9030015,0.5516268015285919 
9040021,0.5401873012517335 
9050003,0.5666938801224893 
9060012,0.5854981313142043 
9070025,0.5404879728966127 
9080001,0.5600132907176616 
9090011,0.5654106969008734 
9100033,0.5602798084260567 
9110035,0.5397704476285217 
9120021,0.5433302571222739 
9130025,0.558298533215448 
9140009,0.552241839490019 
9150008,0.5798719935515241 
9160011,0.5608819221964035 
9170016,0.5223646527932474 
9180015,0.5185149397549884 
9190036,0.5788195269063222 
9200019,0.5694941035429262 
9210022,0.5523622005425709 
9220006,0.5269010819984639 
9230032,0.5465752524530202 
9240037,0.5762629248116864 
9250037,0.5517322593821462 
9260029,0.5840967834296226 
9270036,0.586316054506529 
9280036,0.5473934824410278 
9290000,0.5195586756820879 
9300006,0.5670237289023536 
9310049,0.5464481790639182 
9320005,0.5182260299674409 
9330016,0.525412010549118 
9340008,0.5417837219540006 
9350022,0.5553881940662152 
9360046,0.5201482805411105 
9370025,0.5542147409612027 
9380018,0.5302331765142851 
9390010,0.5582713558330928 
9400012,0.5817015327593852 
9410008,0.5472948186775898 
9420018,0.5474233167560028 
9430016,0.5529550998386759 
9440049,0.569066218993038 
9450047,0.554090047399501 
9460043,0.5360856968697519 
9470039,0.5775419957582859 
9480047,0.541411185709553 
9490048,0.5704908089682527 
9500049,0.5534278471955618 
9510026,0.5268659695301667 
9520007,0.5548605794299072 
9530020,0.5420779182512481 
9540029,0.5634223907060427 
9550010,0.5472320069322332 
9560046,0.5491441004315465 
9570037,0.5457549886404816 
9580025,0.5685100891637324 
9590000,0.5792406832074015 
9600021,0.5410106738782113 
9610011,0.5588225704797976 
9620035,0.5595733651586571 
9630034,0.5721745629542254 
9640015,0.549971039336811 
9650011,0.5291848349961145 
9660014,0.5940872408751666 
9670014,0.5578973478116556 
9680022,0.5813999674216392 
9690049,0.549010679812332 
9700012,0.5289446128510702 
9710011,0.5813597069429276 
9720002,0.579849545943192 
9730013,0.5527109849663356 
9740002,0.5778632789279028 
9750015,0.5297693121866306 
9760008,0.5621876325674424 
9770046,0.5415249867181551 
9780028,0.5621006543697582 
9790026,0.5484247094083357 
9800041,0.5468583044657704 
9810007,0.557640330435559 
9820035,0.5425426957281062 
9830029,0.5600845025165017 
9840037,0.5766146202943218 
9850021,0.5672358375831126 
9860031,0.5609888661261138 
9870037,0.5625260745332495 
9880016,0.5772654407528357 
9890045,0.5358050968537588 
9900035,0.5775111973604352 
9910048,0.5196823208814504 
9920019,0.5550219505051438 
9930033,0.5390204528536029 
9940017,0.5791339402280358 
9950009,0.5854753703628712 
9960038,0.5768484697676864 
9970025,0.5441144127466551 
9980032,0.5218371500249676 
9990030,0.5295099087154593 
10000040,0.5594909226891679 
10010036,0.5621301708507411 
10020032,0.5479148740753039 
10030001,0.5342453975777187 
10040043,0.5409919326650493 
10050026,0.5743602156462445 
10060032,0.5747887733181851 
10070040,0.5434720277755408 
10080017,0.531297300736825 
10090046,0.560328540496215 
10100009,0.5334823253623272 
10110007,0.5587894398827333 
10120019,0.5660532338918112 
10130010,0.5511469346113966 
10140034,0.5770939455450176 
10150041,0.5613065697472421 
10160026,0.5488450250409 
10170032,0.5196647750020619 
10180008,0.5855697226150463 
10190005,0.5424688218640009 
10200043,0.5474520175927536 
10210016,0.521934713524718 
10220014,0.5418405843246971 
10230001,0.5598483147799153 
10240026,0.574037261031047 
10250009,0.5472953162831086 
10260029,0.5853130687760266 
10270020,0.5949903026957822 
10280046,0.5776067979667951 
10290019,0.5619797295292138 
10300018,0.5593681598399362 
10310020,0.5329787189116619 
10320038,0.5633269319703714 
10330000,0.5310011598390634 
10340035,0.5563241121193907 
10350044,0.5566453053702063 
10360002,0.5657564989060696 
10370033,0.5746247261405548 
10380016,0.5621859405379573 
10390020,0.5589831106245304 
10400023,0.564743380036794 
10410007,0.5478630063533899 
10420038,0.5569357501098184 
10430044,0.557457998444876 
10440048,0.5621893226552963 
10450020,0.5638596405928339 
10460036,0.5661618158307186 
10470000,0.5526850756549695 
10480007,0.5593196248631982 
10490002,0.5201219604439346 
10500016,0.5481086752774932 
10510000,0.563914091705375 
10520029,0.5872588681028814 
10530010,0.5535565022843882 
10540008,0.5604878141477778 
10550038,0.5319488822159466 
10560026,0.5717010445159724 
10570026,0.5330605772873539 
10580037,0.5601307078419755 
10590033,0.5451320549440694 
10600047,0.5472564729901319 
10610029,0.5455038612780732 
10620005,0.5532596806923105 
10630003,0.5366304720234844 
10640008,0.5859168623753906 
10650035,0.5331778421583608 
10660013,0.5676055518317771 
10670028,0.568260999175869 
10680030,0.5595900597655711 
10690039,0.5769330117886529 
10700043,0.5736537159035654 
10710034,0.5651190572693202 
10720043,0.5587571405852284 
10730019,0.5913666914838656 
10740018,0.5294209082572254 
10750043,0.5519314046871147 
10760041,0.5277047559900112 
10770008,0.5634351193620134 
10780039,0.5674028942373671 
10790002,0.5536403048973146 
10800037,0.538334424457926 
10810047,0.5525925792002908 
10820023,0.5747479330329371 
10830041,0.588366991609447 
10840037,0.5809491208199289 
10850016,0.5952528844540583 
10860001,0.5458883139621804 
10870029,0.5566804429600527 
10880041,0.5466199255915726 
10890000,0.5616437930995556 
10900003,0.553218567958706 
10910003,0.566957321128569 
10920022,0.5675978159880164 
10930038,0.553283910105957 
10940033,0.54739973728041 
10950014,0.5485176601831641 
10960014,0.5969128029000195 
10970042,0.5642109905983103 
10980049,0.5406466380345015 
10990028,0.5588906513922713 
11000049,0.5586730462543691 
11010034,0.5590245065440754 
11020027,0.5633647460538216 
11030038,0.5721107866973449 
11040035,0.5557009214274629 
11050016,0.5719683033032276 
11060046,0.5623344461776905 
11070034,0.5626247371568726 
11080022,0.562204048801176 
11090001,0.5599243213481445 
11100025,0.5696424171435228 
11110000,0.5537635837613462 
11120019,0.5658692306067763 
11130015,0.5768733047716883 
11140023,0.5900591536901658 
11150022,0.5891823874037994 
11160014,0.5080462667210499 
11170038,0.5944180080911364 
11180012,0.5308835553437676 
11190033,0.5662849944222051 
11200031,0.5599657733160764 
11210015,0.5936347569006883 
11220038,0.5366673257427957 
11230001,0.5362928070034673 
11240004,0.5926552847927977 
11250042,0.5605369767389458 
11260022,0.5414652536175119 
11270005,0.5771383738025696 
11280043,0.5569304483960916 
11290007,0.6008557506596964 
11300027,0.5669075255989361 
11310003,0.5490586316111526 
11320030,0.5631686536922051 
11330007,0.5728292367761351 
11340021,0.5725583032531255 
11350045,0.5613405647361505 
11360039,0.5311204207688065 
11370008,0.5704362361651286 
11380005,0.5661143939830767 
11390010,0.561244253860645 
11400010,0.5842823586078015 
11410008,0.5925494890643469 
11420035,0.5724245445996473 
11430012,0.5642222576566363 
11440045,0.5555129160565118 
11450047,0.5377759700956368 
11460001,0.5442381254098848 
11470012,0.5410577906541033 
11480005,0.5417126308872218 
11490020,0.5888109103955723 
11500047,0.5443242326423768 
11510041,0.5442598043184067 
11520047,0.5569861272547251 
11530037,0.5682197631108563 
11540026,0.5603920200558856 
11550020,0.5419277180429728 
11560012,0.5760939111162268 
11570027,0.5726251433744773 
11580008,0.5633427403245623 
11590002,0.552557929828923 
11600043,0.5459243670691842 
11610022,0.5529489676757589 
11620000,0.5448121224464789 
11630036,0.5324419563337879 
11640026,0.557730542543932 
11650047,0.5580835276964187 
11660031,0.5718920497648688 
11670004,0.5755551016236833 
11680020,0.5714091909114839 
11690032,0.575212138721434 
11700026,0.5671195639340266 
11710004,0.5745388632695134 
11720029,0.5811084672908695 
11730014,0.5573826235731997 
11740002,0.5470776945915159 
11750009,0.5700339102886741 
11760023,0.5630415414916554 
11770028,0.5521982105093342 
11780027,0.5758718266524232 
11790026,0.5829399332113735 
11800047,0.5844091404041241 
11810001,0.5509194637516515 
11820013,0.5323621875956196 
11830034,0.5654373191430909 
11840015,0.5756787219658701 
11850017,0.5215978039922358 
11860043,0.5539384389096905 
11870013,0.5514134472338807 
11880037,0.5593933395725265 
11890006,0.5324400246337443 
11900016,0.5508296620054357 
11910001,0.558383063700644 
11920046,0.54898049115158 
11930021,0.5522053418685086 
11940045,0.5275890249330605 
11950033,0.5487028085639541 
11960035,0.5739574308780155 
11970019,0.5795569797279784 
11980011,0.5565483711061294 
11990039,0.556413393154687 
12000019,0.5685255712027726 
12010012,0.5517107915316724 
12020013,0.557331340470812 
12030004,0.5674006495108048 
12040042,0.5538117903048784 
12050000,0.588318578425744 
12060046,0.549698406368793 
12070042,0.5768249974778505 
12080022,0.5872216257923173 
12090020,0.573260169605813 
12100009,0.5487849978119256 
12110011,0.5397574690732079 
12120041,0.57280505479882 
12130012,0.5553080137574462 
12140011,0.566042971703349 
12150031,0.5793499449443077 
12160034,0.555810278382382 
12170029,0.563121128557445 
12180024,0.5548019420064005 
12190035,0.585010150683882 
12200026,0.5414390231096085 
12210011,0.5377496613374878 
12220036,0.5456892672625192 
12230037,0.5466911674132087 
12240027,0.5641568373428346 
12250041,0.5457133579419176 
12260034,0.5396691426891858 
12270007,0.5386879583112937 
12280026,0.581254566742913 
12290002,0.568723886221029 
12300014,0.5428838887017904 
12310040,0.5673711993328436 
12320007,0.5549111046960237 
12330038,0.5748894185641285 
12340042,0.5644910575937917 
12350019,0.5485758452230448 
12360028,0.5551516456828769 
12370048,0.5467808557843665 
12380017,0.5538825224739637 
12390026,0.5363464501246457 
12400027,0.5319148108267967 
12410030,0.5665038951623182 
12420031,0.5637015364164463 
12430015,0.5705696234840619 
12440012,0.5571777646037447 
12450025,0.5214781248792536 
12460047,0.5207213364850712 
12470029,0.5522832506696885 
12480023,0.5453380558605563 
12490025,0.5686996003901258 
12500004,0.5445923515528959 
12510020,0.5275558050195631 
12520011,0.5630862585978281 
12530008,0.5588039350492947 
12540020,0.5475489340831003 
12550009,0.5724049609285949 
12560029,0.5698451070813962 
12570017,0.5328344422052957 
12580048,0.5290943028451628 
12590040,0.5845985559269681 
12600040,0.5429210248133851 
12610039,0.5704472905035388 
12620005,0.5633393721942649 
12630047,0.5432440298365951 
12640017,0.5552011725436095 
12650038,0.5601839940525231 
12660036,0.5861671659274079 
12670024,0.5525601841802156 
12680020,0.5606375878713487 
12690048,0.5290330178218292 
12700037,0.5599873646960113 
12710031,0.517181609955001 
12720049,0.5500723465032539 
12730029,0.5621021524566198 
12740036,0.5410954742251604 
12750015,0.5615339763371504 
12760038,0.5467924868913618 
12770020,0.5631715591015508 
12780006,0.5528990580692644 
12790026,0.5587189954081103 
12800038,0.5610952282930814 
12810025,0.5438322377811468 
12820014,0.573586069170489 
12830022,0.5663056492854525 
12840036,0.5564718424229289 
12850039,0.550307915310373 
12860003,0.5279892405775648 
12870044,0.5460896118861557 
12880002,0.5695754883149841 
12890032,0.5486675501386913 
12900003,0.5724539539348021 
12910026,0.5580334427476127 
12920033,0.5657639221246462 
12930005,0.5859252793510119 
12940002,0.5521616915544916 
12950047,0.5572223721812491 
12960029,0.5596449372845482 
12970015,0.579804671280185 
12980016,0.5786156619317349 
12990015,0.5656677112663028 
13000005,0.5541895840455776 
13010023,0.5286360004025062 
13020045,0.5731513564065175 
13030032,0.5755812747656467 
13040017,0.5657275829247579 
13050013,0.5669741479830399 
13060025,0.5605853368490444 
13070014,0.5677687029390905 
13080013,0.572083980742499 
13090013,0.5660128432972151 
13100009,0.5662697551740794 
13110031,0.5640103341442131 
13120049,0.5716967307110205 
13130025,0.5862740903794825 
13140031,0.5303938919100477 
13150015,0.5561617896742612 
13160023,0.5603031165487354 
13170025,0.5559033073213745 
13180028,0.5245768988782579 
13190005,0.5420791286277764 
13200027,0.558759121291797 
13210004,0.562215373186012 
13220030,0.5414805140522447 
13230007,0.5551683671245916 
13240004,0.5551923649474512 
13250019,0.5424046697715574 
13260001,0.5310019194647604 
13270003,0.5514294591409201 
13280044,0.5649990290513167 
13290009,0.5471255071825892 
13300006,0.5524513163864908 
13310041,0.5407113850613325 
13320015,0.5588894793327733 
13330005,0.5749242146818784 
13340010,0.5334173725007998 
13350021,0.5235275658277947 
13360033,0.5959748751303424 
13370012,0.5423410943631531 
13380020,0.5353979874549402 
13390033,0.536098043250667 
13400002,0.5220794110798535 
13410046,0.5674360125397785 
13420017,0.5572215486084944 
13430016,0.5520953305405333 
13440038,0.5571185928722693 
13450020,0.5354713009810311 
13460034,0.5711046363642498 
13470016,0.5888874711968071 
13480019,0.5873305727760532 
13490023,0.5358023084726987 
13500003,0.5527132080689087 
13510025,0.5559594711964797 
13520031,0.5917846853852616 
13530023,0.5914575700750868 
13540002,0.5480567491375362 
13550002,0.6000736334432553 
13560022,0.5588777520653226 
13570006,0.5378694626618588 
13580008,0.5506509229253329 
13590030,0.5461893565930016 
13600036,0.5526066673802283 
13610004,0.5313581003044165 
13620042,0.6326841975435088 
13630036,0.5533651887993885 
13640004,0.5874582882058222 
13650014,0.567152042559752 
13660042,0.5347851518617553 
13670043,0.5305125792189038 
13680003,0.5794568779943599 
13690027,0.5204718928425253 
13700001,0.570983299526774 
13710004,0.579453067490828 
13720040,0.5206108789567436 
13730049,0.5416232458721417 
13740015,0.5545934605962335 
13750022,0.5747739905883427 
13760043,0.548740303585941 
13770005,0.55395649012346 
13780042,0.5473872842147166 
13790004,0.5952748283270514 
13800010,0.5586941238003852 
13810040,0.5718042128295014 
13820044,0.5554040813370924 
13830041,0.5649252422303267 
13840038,0.5508931254695806 
13850037,0.5724430401484263 
13860015,0.5566825781020154 
13870021,0.5745209737423 
13880022,0.5567654153818197 
13890012,0.5880894496087518 
13900045,0.5707781382703984 
13910001,0.5639107525632753 
13920032,0.5708736015916634 
13930009,0.564955899339479 
13940045,0.5656616500549868 
13950043,0.5769047561877597 
13960041,0.5985770235316639 
13970022,0.5664139068585192 
13980020,0.5557543258328623 
13990045,0.5791421267665894 
14000030,0.519638688184913 
14010012,0.5598445205588063 
14020027,0.5731470318109251 
14030008,0.5441294862933519 
14040034,0.5331077431155915 
14050019,0.5580030829450334 
14060024,0.5569445707209303 
14070023,0.5620232258814776 
14080028,0.5680842358146065 
14090004,0.5562313344611848 
14100020,0.5822952347600235 
14110042,0.6014312005018704 
14120048,0.5156955933593911 
14130046,0.5920609164161034 
14140038,0.5607185861817165 
14150022,0.5803016458788295 
14160031,0.5761192283673772 
14170011,0.5414669624648617 
14180025,0.5669195901891612 
14190042,0.5303408333736478 
14200011,0.5679490253299966 
14210011,0.5270610710440868 
14220038,0.5605442806878234 
14230049,0.544822545684709 
14240015,0.5763528492204962 
14250036,0.5995048260100979 
14260019,0.5539971127584596 
14270033,0.5825538973731662 
14280004,0.548536796834574 
14290024,0.5382803652902175 
14300016,0.5408816608598352 
14310016,0.5520455655782944 
14320021,0.559881881955896 
14330049,0.5596535954424904 
14340028,0.5566161405178135 
14350049,0.5513097696241217 
14360033,0.5535090622438208 
14370036,0.5603495263182598 
14380022,0.5621811774437825 
14390042,0.5653271109899815 
14400018,0.5523055106540894 
14410046,0.5702904230845407 
14420000,0.5557741530546706 
14430000,0.5445552346524745 
14440046,0.5628528564796381 
14450036,0.586377125392409 
14460012,0.5534813148423333 
14470014,0.5721087450592518 
14480043,0.527245292649428 
14490049,0.5702195380448335 
14500027,0.5627268516159668 
14510013,0.5293322474131203 
14520038,0.5783257686110763 
14530013,0.5602725454952314 
14540038,0.5643627035611294 
14550026,0.5590094390687422 
14560047,0.5910322852282317 
14570020,0.5468157853048388 
14580045,0.5142541224153343 
14590003,0.5572603332217441 
14600043,0.5623869662788953 
14610035,0.5562182655770499 
14620024,0.5503146962081897 
14630007,0.5764272725638753 
14640023,0.55912485323382 
14650042,0.5594119386505447 
14660030,0.5757204945263639 
14670041,0.5582574126527702 
14680026,0.5294616628172778 
14690002,0.5484857796272921 
14700029,0.5551535972255564 
14710045,0.5368759925644871 
14720045,0.5528663613926557 
14730028,0.5426376277006529 
14740006,0.564320103453705 
14750025,0.5504152702774776 
14760029,0.57910290897493 
14770044,0.523915104055622 
14780007,0.5933817191584383 
14790016,0.5544321092395511 
14800010,0.5686099147261244 
14810047,0.5674901684740128 
14820033,0.5684544603200409 
14830033,0.58557426244636 
14840046,0.5557781386437604 
14850026,0.5689788648145214 
14860009,0.5515267227550769 
14870031,0.5618161788185485 
14880038,0.5209625338545305 
14890023,0.519017549174879 
14900042,0.5361536598024411 
14910028,0.5591131248976698 
14920022,0.603669667810927 
14930037,0.5543123533568963 
14940013,0.5076427190181846 
14950004,0.5334136304094287 
14960031,0.5810646545287832 
14970014,0.5495200405232753 
14980004,0.49119307817706354 
14990010,0.6153962079658675 
15000020,0.5633151866731624 
15010046,0.5177036530952728 
15020003,0.5175270205816913 
15030016,0.5611724022362421 
15040004,0.5300109580032403 
15050043,0.5756937501466608 
15060011,0.5549293262776679 
15070015,0.5455100686170852 
15080049,0.5672151238869861 
15090003,0.5930779927673052 
15100040,0.574871546282375 
15110012,0.5461228124678257 
15120020,0.5604875979483532 
15130036,0.5729279094781086 
15140003,0.5246367473698097 
15150025,0.5960850378531637 
15160009,0.555414743405838 
15170037,0.5837035333410643 
15180039,0.5639854110580559 
15190026,0.5703027379178512 
15200008,0.5475155310150888 
15210049,0.568279487679479 
15220003,0.5545912085971743 
15230029,0.5528994760833159 
15240013,0.6033692833515565 
15250042,0.5552649891183725 
15260048,0.5740936034349887 
15270039,0.5887826129611573 
15280036,0.563004233568529 
15290030,0.5388954858626714 
15300002,0.5466881007811948 
15310012,0.5854337373093222 
15320027,0.528629671371268 
15330024,0.545353793081516 
15340033,0.5633051513361971 
15350048,0.5803186491600234 
15360040,0.5293848903606755 
15370006,0.5490121913690025 
15380031,0.5781795794894565 
15390043,0.5314560236474072 
15400007,0.5327968952148445 
15410038,0.5642176746049986 
15420008,0.5764261363403429 
15430039,0.5572053774671972 
15440018,0.5579511801702532 
15450035,0.5516503879765576 
15460031,0.5699139530935626 
15470018,0.5098631837635916 
15480015,0.5557733486506164 
15490001,0.5767016721781895 
15500000,0.5689829634943937 
15510017,0.5476290389237889 
15520005,0.5697910394193073 
15530006,0.5676850733947244 
15540003,0.5700516202263989 
15550020,0.5598952755655323 
15560000,0.5831940822120776 
15570045,0.5578978098422029 
15580001,0.5845483744929653 
15590012,0.5612855164791192 
15600048,0.5750560476021602 
15610023,0.5936682966301856 
15620022,0.5508336980856601 
15630018,0.5987149901836611 
15640005,0.5686376127203756 
15650034,0.5494942347568398 
15660016,0.5389141603558063 
15670047,0.5754734845423455 
15680010,0.5410623312834724 
15690030,0.5616860500280833 
15700022,0.584027503176074 
15710007,0.5464126530536659 
15720032,0.5424185470377494 
15730017,0.5375747758814454 
15740018,0.5749301182044422 
15750019,0.5909536477354534 
15760018,0.5822841572154789 
15770026,0.5654901931156235 
15780012,0.5305720198404673 
15790038,0.5856730990919455 
15800009,0.5881129585202318 
15810031,0.5648906666654018 
15820014,0.5679474442321649 
15830026,0.5741558143604322 
15840031,0.5690553787258014 
15850016,0.5899368832563492 
15860030,0.5649437091678708 
15870023,0.5469645090626559 
15880032,0.5403818480688286 
15890039,0.5890897649242383 
15900035,0.570035672561225 
15910039,0.5438484440795521 
15920011,0.5445364849740799 
15930007,0.5498367359645094 
15940014,0.5519744179309303 
15950030,0.5518711505758273 
15960005,0.5704477789639014 
15970047,0.554547366917768 
15980022,0.5459580481405647 
15990017,0.5410528961513039 
16000000,0.5375999598779612 
16010012,0.5766399487412345 
16020039,0.5544579368452172 
16030002,0.5504317458138273 
16040043,0.5256735090794044 
16050025,0.569146250520536 
16060044,0.5344670658821413 
16070002,0.5217976359872167 
16080031,0.5397138821609018 
16090043,0.5407019708472042 
16100003,0.5679166269952473 
16110001,0.5451543746075643 
16120023,0.5450630275200198 
16130013,0.5609559097099948 
16140015,0.5557967949116275 
16150026,0.57848984426467 
16160013,0.5394451299763611 
16170021,0.5481208077014339 
16180015,0.5482913724155373 
16190006,0.5812975603364998 
16200033,0.5598817758649306 
16210004,0.5642957312485356 
16220048,0.5257955909841139 
16230015,0.5524474004181905 
16240022,0.56435254099428 
16250000,0.555492325685167 
16260006,0.5206288331843272 
16270046,0.5831210020640818 
16280020,0.5476477182372314 
16290033,0.5923069695162718 
16300026,0.5525531939037214 
16310008,0.579118823561767 
16320016,0.5580878322803587 
16330022,0.5497856862380434 
16340039,0.5446175150901965 
16350038,0.559281645245649 
16360037,0.5515382986109957 
16370013,0.541023892929989 
16380040,0.5498281192000785 
16390045,0.5493089741525402 
16400026,0.5850796214987427 
16410024,0.5122973302307295 
16420015,0.5748952114277193 
16430040,0.5643608024549245 
16440013,0.5460451746420449 
16450028,0.5657462353116931 
16460034,0.6031381568501171 
16470044,0.5644947132848105 
16480005,0.558640652235581 
16490027,0.5558654800201682 
16500014,0.5458769131526038 
16510022,0.5723027710788021 
16520017,0.5376355349417797 
16530030,0.5898946288804519 
16540044,0.5908494200352286 
16550035,0.5477411730028398 
16560010,0.5811199940604074 
16570016,0.5775570118715774 
16580002,0.5536822672600329 
16590002,0.5324841453036996 
16600037,0.5599327549635348 
16610046,0.5623856076819828 
16620006,0.5581853212307168 
16630018,0.573671816631846 
16640048,0.5659044997299761 
16650017,0.5488837796353606 
16660002,0.5470574607936707 
16670013,0.5538529288839976 
16680029,0.5360204942578695 
16690002,0.5455165197392089 
16700015,0.5593305814963768 
16710035,0.5448874512981312 
16720007,0.5905935387322854 
16730027,0.5299289880707363 
16740031,0.5976109311585692 
16750025,0.5813996833145004 
16760000,0.5707233316159445 
16770034,0.5805171147037851 
16780018,0.5580374933343621 
16790032,0.5554376136214925 
16800009,0.5348295782410935 
16810025,0.5817356095005864 
16820014,0.5748508278267441 
16830003,0.5544222263525884 
16840000,0.5691103003150912 
16850005,0.5590686550455458 
16860027,0.5285196049691689 
16870028,0.5628039566125437 
16880047,0.5606264434038015 
16890031,0.57682150226162 
16900035,0.5711154681950042 
16910017,0.612654226086289 
16920008,0.5576528886392926 
16930027,0.5493763626330195 
16940040,0.5425138530837742 
16950020,0.5668743714895388 
16960019,0.5789060533345702 
16970005,0.5530702928060711 
16980009,0.5414239812612245 
16990015,0.5632086466784789 
17000014,0.5768785570728366 
17010047,0.5368580039610868 
17020005,0.5520016979682091 
17030048,0.5457426146421362 
17040000,0.5642866932462827 
17050011,0.5693775440786965 
17060013,0.5353308891805781 
17070033,0.592293604889022 
17080010,0.5440405730952783 
17090030,0.5641276491991548 
17100017,0.5805986596462872 
17110042,0.5431769100010628 
17120037,0.5560803597031041 
17130001,0.5538315937636785 
17140004,0.5726322007830302 
17150043,0.5270031131828027 
17160020,0.546828487247316 
17170025,0.5872504337282245 
17180022,0.5665553419083853 
17190026,0.5278111835093408 
17200003,0.5789257168195 
17210045,0.564310346299438 
17220016,0.5398184786497845 
17230004,0.5466136888278175 
17240013,0.5556434761210629 
17250014,0.6038899413280219 
17260047,0.5639220072371262 
17270010,0.5813879004532212 
17280021,0.5487311216507421 
17290012,0.5834057500114721 
17300046,0.5667311047782754 
17310031,0.5725416454147977 
17320039,0.5671700776644479 
17330026,0.5794798913688723 
17340036,0.5618537601929906 
17350002,0.5781183422460693 
17360003,0.5595916365386125 
17370021,0.5311598061504077 
17380046,0.5581119843633966 
17390004,0.5653484524494076 
17400039,0.5828122281757212 
17410027,0.5851419830916129 
17420012,0.6155487339731288 
17430032,0.5834553826233392 
17440026,0.5498367423892634 
17450008,0.5328530273121854 
17460007,0.5638239556867877 
17470017,0.572107865694517 
17480034,0.5717254347080108 
17490010,0.537998911812061 
17500042,0.5663042269342794 
17510010,0.535477470907496 
17520006,0.5279772831105206 
17530039,0.5743528483522624 
17540022,0.549959169758625 
17550016,0.5512558514062897 
17560014,0.5702763108502488 
17570036,0.5653593136077005 
17580012,0.593016298702331 
17590034,0.555441367238293 
17600004,0.5329434493338636 
17610029,0.5201571266718846 
17620022,0.6039771745643496 
17630011,0.5917463219397113 
17640044,0.5645003389223636 
17650022,0.5724560374567151 
17660042,0.5338195170931808 
17670001,0.564896618649042 
17680011,0.5470931662716528 
17690008,0.5261187790455814 
17700022,0.5361343795708036 
17710013,0.5810576898226272 
17720004,0.578850562396744 
17730016,0.5321605589878813 
17740035,0.5823890784003228 
17750039,0.5944395061733923 
17760021,0.564318430669954 
17770023,0.5642536404432908 
17780012,0.5743017495227123 
17790043,0.5158243855756018 
17800046,0.5573882422492489 
17810040,0.5959728817372372 
17820016,0.5466069976166744 
17830023,0.5983696517395488 
17840022,0.5511684757941945 
17850048,0.5902287682036738 
17860031,0.567971500358395 
17870017,0.5513147399386661 
17880005,0.5570308699554765 
17890009,0.5902498838750548 
17900049,0.5876114777699706 
17910008,0.5676883548767774 
17920013,0.579482963084517 
17930003,0.5770864091935891 
17940047,0.5730466536785336 
17950041,0.6003470297112746 
17960047,0.6070007028703427 
17970045,0.5673571524294282 
17980047,0.5941575894786548 
17990011,0.6071478322434495 
18000039,0.5448184062086517 
18010030,0.5710438149331692 
18020028,0.5883569880491905 
18030029,0.5928870466338967 
18040018,0.5860762695716616 
18050043,0.5873818396180781 
18060030,0.559604388162047 
18070012,0.5759511857584363 
18080040,0.5713544853060888 
18090041,0.5892574308192858 
18100032,0.615286755333834 
18110003,0.5564248312536034 
18120014,0.5865801863108935 
18130015,0.5464051894547974 
18140025,0.5457039025168997 
18150040,0.5659215903765089 
18160035,0.6216323169109547 
18170023,0.5698287792064667 
18180022,0.5702345959410016 
18190001,0.575025483332597 
18200009,0.5712705191460821 
18210011,0.5872745082456575 
18220008,0.5665453817150421 
18230045,0.580955235545489 
18240006,0.5843308624959571 
18250015,0.5790675376098255 
18260008,0.6064848821739863 
18270007,0.5746608662203176 
18280027,0.5530801702891701 
18290011,0.6107604396307688 
18300013,0.571436980699644 
18310035,0.6026216336163231 
18320036,0.5660586305631675 
18330009,0.5783830521125966 
18340020,0.6020468319074774 
18350016,0.5759473082179444 
18360030,0.6003239687406359 
18370043,0.5801297097769277 
18380036,0.5823700133845294 
18390025,0.566501291306353 
18400015,0.5721975123535523 
18410023,0.5749916601613859 
18420038,0.5708454774919243 
18430028,0.5879232286758528 
18440021,0.5763012973818288 
18450018,0.5801681493640958 
18460029,0.5329809042607345 
18470028,0.5669590000697806 
18480013,0.5320682509913145 
18490016,0.5586937129635177 
18500025,0.6075727660592857 
18510042,0.5876007104248292 
18520042,0.5415755382234514 
18530023,0.5771912899022482 
18540041,0.575925626342723 
18550002,0.5800667405448142 
18560016,0.5986368263968099 
18570024,0.5940015260973529 
18580007,0.5985640622004258 
18590003,0.5598374630225923 
18600047,0.5907704024200694 
18610029,0.5948041484829376 
18620045,0.5645792488472873 
18630040,0.565657596877087 
18640024,0.605098961964639 
18650016,0.5883882627448804 
18660035,0.6288374077465972 
18670018,0.5555419636363188 
18680007,0.5771815380788002 
18690041,0.5744671473225395 
18700029,0.5596404911851199 
18710034,0.5856210973688833 
18720008,0.5410343906027263 
18730042,0.5766327098953639 
18740011,0.6027628420864987 
18750012,0.5863105133631874 
18760010,0.60983216624277 
18770036,0.5986196314530937 
18780023,0.6023172751481125 
18790014,0.5475849956227044 
18800043,0.5820644228732464 
18810036,0.5963152621434356 
18820038,0.5738210904502574 
18830010,0.5774918085669366 
18840037,0.592194971880322 
18850047,0.6022661065510725 
18860016,0.5909630380401364 
18870030,0.5678002681284202 
18880044,0.5896920443866984 
18890029,0.5643964388374433 
18900002,0.5663539367168458 
18910037,0.6073575035113904 
18920018,0.5798286366149291 
18930000,0.5700468627822224 
18940028,0.5973773469346432 
18950023,0.599018275228696 
18960019,0.5937655949024861 
18970042,0.6268377196589271 
18980007,0.5820400446586637 
18990015,0.6082265355395456 
19000013,0.5648656831499242 
19010012,0.5559722900111205 
19020011,0.559590624651046 
19030035,0.5694224720927507 
19040025,0.6017271049898 
19050042,0.5911482441493087 
19060048,0.5891495722043849 
19070034,0.5899029226386038 
19080006,0.5761165644601468 
19090029,0.5631792861243871 
19100005,0.5672130948710763 
19110035,0.5984686091537696 
19120034,0.5387596515011158 
19130036,0.5783388670390925 
19140031,0.5875322208501575 
19150040,0.5264713531100086 
19160013,0.5701891991929896 
19170048,0.575501219425368 
19180038,0.6039431650393735 
19190029,0.5746282079236327 
19200036,0.5861828426594744 
19210020,0.603441566115187 
19220009,0.5596140787317259 
19230048,0.5950896641432808 
19240041,0.578077608298796 
19250024,0.5608541506788196 
19260023,0.5613769266069648 
19270017,0.5692375471697789 
19280008,0.5865299994637524 
19290024,0.6159384225560695 
19300018,0.5794367647006647 
19310027,0.6232131805816016 
19320038,0.5548921011835337 
19330013,0.5719827680796279 
19340022,0.5837955356842957 
19350013,0.5851425795760661 
19360037,0.5614602520186228 
19370025,0.5599937290943341 
19380006,0.5966141582509402 
19390022,0.5806169710082878 
19400045,0.5641662855134648 
19410003,0.6205373827043895 
19420039,0.6176622844854427 
19430033,0.5785722876064361 
19440040,0.5918793015597273 
19450000,0.5918042242797145 
19460020,0.6105438721150794 
19470019,0.5856019269715382 
19480027,0.6064492842584578 
19490034,0.5974500153468945 
19500034,0.5499939493868025 
19510017,0.6160083109849154 
19520002,0.6009721518868876 
19530006,0.598979403820683 
19540021,0.6112176366057085 
19550017,0.5706054972358777 
19560032,0.6059869807518456 
19570011,0.5703988141387305 
19580020,0.5836523541046029 
19590034,0.6052377815842156 
19600022,0.5648751766829022 
19610032,0.6333821964820416 
19620046,0.5787637167479954 
19630042,0.5857327159735262 
19640040,0.6450317671349916 
19650038,0.5745466877964942 
19660044,0.5524207408049212 
19670005,0.5983673166883952 
19680023,0.6120501584940671 
19690000,0.5686766066694902 
19700025,0.5963607226558372 
19710038,0.563910195653753 
19720000,0.5660481734376742 
19730049,0.6011408489015441 
19740038,0.6105799857923963 
19750035,0.6152321111610103 
19760029,0.6065117801199734 
19770006,0.5963886504011046 
19780042,0.597024363181484 
19790046,0.6021928927791044 
19800027,0.5715179927911226 
19810001,0.5944837212776279 
19820016,0.5954267447418131 
19830010,0.5864083239836125 
19840013,0.6114795112879746 
19850035,0.5976505694199333 
19860041,0.6047962306130071 
19870006,0.6197225033516667 
19880036,0.5501244395281802 
19890046,0.5964062559136566 
19900015,0.5875095170764356 
19910026,0.6109185660256993 
19920016,0.5620822421005397 
19930021,0.5835867090514525 
19940028,0.5658457666929189 
19950010,0.5867855016192612 
19960046,0.5494679327910169 
19970047,0.5930085213828163 
19980045,0.61081070664122 
19990037,0.5896318861279665 
20000011,0.6070553290388546 
20010026,0.6064507321542184 
20020010,0.5559432731075215 
20030046,0.566648890381566 
20040040,0.595159456418581 
20050036,0.5918203231299488 
20060035,0.6255629506932339 
20070014,0.5885178518568186 
20080035,0.5825779093500698 
20090001,0.5904812422607371 
20100045,0.584924379675756 
20110009,0.5920040665412828 
20120000,0.576150129676054 
20130026,0.5848349289472011 
20140005,0.5891821761064521 
20150045,0.5860489412325498 
20160013,0.5856888921995776 
20170031,0.5611092809389668 
20180018,0.60830865398713 
20190002,0.5764156159877594 
20200000,0.5996466906368866 
20210006,0.6143795560462806 
20220036,0.5966629725205789 
20230049,0.5407454524856303 
20240018,0.5949284770444271 
20250001,0.5917780394417445 
20260018,0.5916990292275356 
20270010,0.6407149719418549 
20280013,0.5683053866970057 
20290033,0.5865213168974995 
20300026,0.5794029408113974 
20310047,0.5906666469418708 
20320017,0.5946150996934803 
20330014,0.6218393000320245 
20340004,0.5865115987744072 
20350003,0.5841701584603668 
20360005,0.6180062246792314 
20370039,0.585483497890685 
20380046,0.5564447471633014 
20390025,0.5738959306558927 
20400030,0.5815520313420725 
20410015,0.5873016859297919 
20420049,0.5751848315278868 
20430039,0.5885956472274535 
20440040,0.6020626760838896 
20450020,0.5815212643706171 
20460004,0.5612986760441582 
20470028,0.6040998043484365 
20480026,0.6023544076482101 
20490029,0.580780457172926 
20500024,0.5944811002160425 
20510014,0.5665166004975793 
20520045,0.601269309171571 
20530007,0.5858800133960308 
20540017,0.5974782463373156 
20550000,0.6024966366878132 
20560041,0.574858539972839 
20570020,0.5875817148029988 
20580003,0.5769725528997551 
20590042,0.5647248327803884 
20600034,0.5998196454627052 
20610019,0.5981727014128728 
20620014,0.5686880386801912 
20630032,0.5813974857512008 
20640040,0.583718225818629 
20650042,0.5864069048504736 
20660039,0.6103682419084896 
20670036,0.5736183215568256 
20680013,0.5608582585206552 
20690024,0.6239216170151044 
20700045,0.5948826794491364 
20710039,0.553403582851867 
20720004,0.5840797425162751 
20730014,0.6017942017908746 
20740025,0.6109139522235078 
20750010,0.5900445200827583 
20760048,0.6111388361541699 
20770034,0.5459849012340842 
20780024,0.5925454276481968 
20790040,0.628724813537528 
20800017,0.5982073227091974 
20810036,0.6025505148183167 
20820003,0.5829501855643496 
20830042,0.6131846922331957 
20840020,0.5792364616870397 
20850017,0.5828256019106692 
20860017,0.6018560496737776 
20870017,0.5806804150333073 
20880009,0.5794737488054141 
20890030,0.6366512896207532 
20900003,0.5669986150300487 
20910002,0.5647577642720654 
20920046,0.591952224827612 
20930018,0.5811437752749139 
20940047,0.6054804632769758 
20950020,0.580573108160075 
20960020,0.5798249420319818 
20970007,0.619007850563717 
20980030,0.5751309268102482 
20990000,0.6116866193519984 
21000012,0.5659112483553724 
21010029,0.6181754668971459 
21020016,0.6107636818539719 
21030046,0.6040455358486929 
21040026,0.5592422925351862 
21050030,0.5931278697961592 
21060001,0.6225606692897575 
21070025,0.5444857654343277 
21080025,0.5552155683253114 
21090024,0.5767717548508331 
21100005,0.5763448595115649 
21110043,0.5745284587607205 
21120013,0.5792266030406449 
21130012,0.5758185867180395 
21140013,0.576522754751029 
21150035,0.5600695711317427 
21160027,0.5684711135058902 
21170007,0.5720708731832643 
21180043,0.5778990989650504 
21190044,0.6017197594718905 
21200021,0.5738525527346594 
21210006,0.5548158290224854 
21220040,0.5729161187149154 
21230017,0.5729638243919505 
21240009,0.560680442791067 
21250046,0.5734144369821244 
21260025,0.5906056143428381 
21270016,0.5813162324072036 
21280033,0.5768235760631361 
21290048,0.5602777247598459 
21300028,0.553322891371137 
21310003,0.5538788160527621 
21320044,0.5602541372135542 
21330036,0.5794596419152401 
21340019,0.5667753460776145 
21350043,0.590503456991771 
21360012,0.5651890571588714 
21370022,0.5646935086044517 
21380047,0.5956780453579741 
21390004,0.6032901521415239 
21400010,0.5580137049457291 
21410022,0.6129368462528275 
21420040,0.5788254260351223 
21430007,0.5753143169669003 
21440010,0.5736707797165314 
21450000,0.5893850806781828 
21460010,0.6019724233098263 
21470004,0.6075620202212775 
21480035,0.5664473358094301 
21490018,0.5758327801514124 
21500037,0.5569477698750941 
21510032,0.592611919570445 
21520044,0.6197129392756328 
21530023,0.5774823487641785 
21540002,0.5677681815508514 
21550024,0.5853101787234205 
21560001,0.575556406743542 
21570019,0.5764654343100374 
21580009,0.5509589164660157 
21590049,0.5758244910664092 
21600012,0.5820379835203263 
21610044,0.6164440658754915 
21620048,0.5583747697051391 
21630001,0.6175052621066555 
21640048,0.5761634715889561 
21650028,0.5851300706711032 
21660038,0.6256735626704666 
21670034,0.6059215213844117 
21680027,0.573016457484328 
21690015,0.5818125899444281 
21700032,0.6033302798930438 
21710030,0.6275636797725526 
21720046,0.5614912659390675 
21730049,0.6060653488743072 
21740020,0.5824140426463483 
21750019,0.592826523580415 
21760024,0.5707955055048278 
21770005,0.5840383098114035 
21780029,0.5762092647807846 
21790022,0.5806745239996296 
21800001,0.5856628880433649 
21810000,0.5579245815475647 
21820046,0.6219648385670058 
21830024,0.5896039637455831 
21840010,0.5992693540273428 
21850035,0.5797264362231911 
21860021,0.6078471226907618 
21870024,0.5749859493713279 
21880009,0.6092472723524865 
21890012,0.5831339454371766 
21900041,0.5678380070610793 
21910039,0.6214313148343076 
21920016,0.564621547573259 
21930034,0.5970370784436995 
21940004,0.5482611131105068 
21950025,0.5885531119755001 
21960010,0.5943567256414358 
21970008,0.5835988604410718 
21980047,0.5875740087304259 
21990024,0.6077048913661599 
22000043,0.5893343167622319 
22010037,0.6024002632867012 
22020005,0.6123411728567583 
22030048,0.5821362178353323 
22040036,0.5823810032973907 
22050032,0.6068301757909416 
22060000,0.5848877294032747 
22070020,0.5855034844990517 
22080015,0.5585343252286086 
22090014,0.581668651119008 
22100005,0.5889628439164043 
22110030,0.5772547851145847 
22120014,0.5640906239300202 
22130030,0.6168359198421118 
22140020,0.592102745701817 
22150029,0.6137987810781929 
22160011,0.6075529494624274 
22170035,0.6164976198613692 
22180003,0.5358193292365843 
22190038,0.5928076755058821 
22200021,0.5663498615887198 
22210008,0.6154580539050581 
22220035,0.6493398124493326 
22230047,0.5988405448247077 
22240046,0.5903922307636096 
22250020,0.6195998999964931 
22260022,0.6085571175995368 
22270019,0.6026984118090888 
22280028,0.5953386877113778 
22290012,0.6516007300826611 
22300015,0.5684408124374699 
22310044,0.6204144433509146 
22320048,0.5815628032371616 
22330019,0.5678278701891069 
22340026,0.5793920499563877 
22350006,0.595527329657806 
22360022,0.5949624152361499 
22370011,0.5716410229928246 
22380016,0.5592314638369315 
22390038,0.5545607932586752 
22400048,0.6039858406557324 
22410033,0.5872687078695472 
22420047,0.5693791765603332 
22430009,0.592036272366323 
22440044,0.6120194273783165 
22450019,0.5979693762530185 
22460036,0.5848469340922902 
22470004,0.5848703220456747 
22480036,0.5614093905140545 
22490046,0.549183066334082 
22500016,0.5905095506685744 
22510045,0.6095226235051057 
22520012,0.6039822446893484 
22530020,0.5783360517327021 
22540015,0.6043884815216013 
22550040,0.5769349732342274 
22560047,0.5808646076672642 
22570047,0.588992236137968 
22580024,0.5917097165100892 
22590011,0.6089394352955148 
22600025,0.5885395056435493 
22610001,0.595684313326601 
22620005,0.5785418549113538 
22630010,0.6190753211651044 
22640019,0.5659303353310732 
22650025,0.596394185801377 
22660023,0.61706211992296 
22670010,0.5980094487823775 
22680005,0.5899273323895328 
22690027,0.5755449119267227 
22700002,0.5884960729555614 
22710049,0.5904936903388917 
22720041,0.5988521684021664 
22730000,0.5900255499268391 
22740036,0.5882793950612495 
22750020,0.6001883498018928 
22760006,0.6041936904477754 
22770016,0.596295607344369 
22780019,0.5747949773991441 
22790002,0.5514167285662714 
22800015,0.5917349389331898 
22810043,0.5878952067067584 
22820000,0.5666880539929049 
22830015,0.575867695001246 
22840002,0.5805043342898182 
22850043,0.5745473211204458 
22860010,0.5343587791531348 
22870032,0.607307221788701 
22880036,0.5969776078087499 
22890027,0.6127119146559115 
22900014,0.5624832433761989 
22910038,0.5885798053621019 
22920000,0.6002522056147226 
22930039,0.575026378081003 
22940024,0.5828399036203946 
22950039,0.5756103888053928 
22960016,0.5646512704322411 
22970018,0.5850334221682605 
22980016,0.5690270987511361 
22990014,0.5548139623204403 
23000038,0.591953527786838 
23010031,0.5920288516242543 
23020004,0.620691939131638 
23030044,0.6094872045166163 
23040001,0.601373088022225 
23050037,0.6047115973634493 
23060019,0.599800188850077 
23070038,0.5673087246810157 
23080048,0.6074173039675284 
23090046,0.5849686212805938 
23100022,0.5920980140966579 
23110007,0.5785137602666787 
23120013,0.6199888803603973 
23130016,0.5783232566013481 
23140019,0.5945405109960359 
23150037,0.587583299824699 
23160008,0.5514493471606183 
23170028,0.554178331243084 
23180011,0.5951297689277917 
23190035,0.597073733149478 
23200026,0.5971311737327047 
23210032,0.607069245664271 
23220008,0.5668440094023814 
23230039,0.6046253761093334 
23240009,0.6067812843370471 
23250047,0.5819148931446637 
23260047,0.5914575089110927 
23270003,0.5486864899315143 
23280004,0.6040775827137775 
23290028,0.560928284932843 
23300043,0.6037577775837698 
23310040,0.6165320300223902 
23320014,0.5871619863259671 
23330015,0.5552326341347621 
23340032,0.5936468036893733 
23350019,0.6041688332129509 
23360018,0.606743085208021 
23370025,0.6181571588787756 
23380046,0.5865769155910806 
23390006,0.5702527804431614 
23400004,0.6026432689687333 
23410039,0.6039281988093329 
23420019,0.6230423181318353 
23430021,0.6130945946152367 
23440042,0.6268291048282433 
23450019,0.6009140953487957 
23460048,0.6281329362310192 
23470039,0.5965566389196068 
23480017,0.6088744993204469 
23490003,0.6194946500469806 
23500010,0.5887965854556889 
23510041,0.6230722223291537 
23520037,0.6276762414514222 
23530041,0.5685370706959099 
23540028,0.6001215794063608 
23550046,0.5733561301139961 
23560035,0.6067485707628294 
23570033,0.6071299513370805 
23580036,0.578875388690121 
23590027,0.6087077697575964 
