10000,0.66 
20000,0.82 
30000,0.865 
40000,0.91 
50000,1.085 
60000,0.935 
70000,1.09 
80000,1.01 
90000,0.905 
100000,0.97 
110000,1.255 
120000,0.715 
130000,0.96 
140000,1.27 
150000,1.52 
160000,1.15 
170000,1.55 
180000,1.5 
190000,1.43 
200000,1.635 
210000,1.58 
220000,1.885 
230000,1.705 
240000,1.925 
250000,1.95 
260000,2.11 
270000,1.745 
280000,2.125 
290000,2.1 
300000,2.32 
310000,2.22 
320000,2.31 
330000,2.32 
340000,2.385 
350000,2.54 
360000,2.425 
370000,2.74 
380000,2.535 
390000,2.75 
400000,2.55 
410000,2.665 
420000,2.605 
430000,2.52 
440000,2.845 
450000,2.89 
460000,2.87 
470044,3.1691542288557213 
480044,3.015 
490044,3.17 
500044,3.07 
510044,3.005 
520044,3.03 
530044,3.03 
540044,3.05 
550044,3.03 
560044,3.25 
570044,3.325 
580044,3.315 
590044,3.215 
600044,3.13 
610044,3.155 
620044,3.295 
630044,3.35 
640044,3.41 
650044,3.26 
660044,3.265 
670044,3.43 
680044,3.485 
690044,3.02 
700044,3.39 
710044,3.63 
720044,3.59 
730044,3.57 
740044,3.56 
750044,3.355 
760044,3.8 
770044,3.47 
780044,3.495 
790044,3.545 
800044,3.615 
810044,3.63 
820044,3.725 
830044,3.735 
840044,3.895 
850044,3.92 
860044,3.71 
870044,3.735 
880044,4.0 
890044,3.88 
900044,3.865 
910044,3.91 
920044,3.765 
930044,3.925 
940044,3.855 
950044,4.06 
960044,3.87 
970044,3.89 
980044,4.13 
990044,3.915 
1000044,3.98 
1010044,4.155 
1020044,3.97 
1030044,4.005 
1040044,4.055 
1050044,4.045 
1060044,4.33 
1070044,4.23 
1080044,4.095 
1090044,4.105 
1100044,4.15 
1110044,4.42 
1120044,4.29 
1130044,4.15 
1140044,4.395 
1150044,4.3 
1160044,4.36 
1170044,4.075 
1180044,4.43 
1190044,4.46 
1200044,4.145 
1210044,4.255 
1220044,4.285 
1230044,4.44 
1240044,4.65 
1250044,4.38 
1260044,4.275 
1270044,4.375 
1280044,4.455 
1290044,4.32 
1300044,4.41 
1310044,4.565 
1320044,4.415 
1330044,4.505 
1340044,4.645 
1350044,4.5 
1360044,4.635 
1370044,4.595 
1380044,4.59 
1390044,4.55 
1400044,4.525 
1410044,4.525 
1420044,4.695 
1430044,4.605 
1440044,4.595 
1450044,4.51 
1460018,4.66 
1470039,4.587064676616915 
1480039,4.515 
1490039,4.785 
1500039,4.715 
1510039,4.435 
1520039,4.67 
1530039,4.575 
1540039,4.945 
1550039,4.675 
1560019,4.585 
1570019,4.85 
1580019,4.645 
1590019,4.705 
1600019,4.725 
1610019,4.705 
1620019,4.5 
1630019,4.715 
1640019,4.515 
1650019,4.885 
1660019,4.79 
1670017,4.755 
1680017,4.675 
1690016,4.73 
1700016,4.76 
1710016,4.945 
1720008,4.72 
1730008,4.865 
1740008,4.59 
1750008,4.775 
1760008,4.805 
1770036,4.82089552238806 
1780036,5.03 
1790024,4.78 
1800024,5.075 
1810021,5.13 
1820016,4.925 
1830045,5.129353233830845 
1840043,5.155 
1850043,5.4 
1860043,5.165 
1870034,5.345 
1880011,5.14 
1890046,4.975124378109452 
1900021,5.37 
1910021,5.23 
1920021,5.285 
1930021,5.23 
1940021,5.11 
1950021,5.32 
1960021,5.44 
1970000,5.33 
1980032,5.696517412935323 
1990015,5.535 
2000015,5.51 
2010009,5.555 
2020043,5.522388059701493 
2030043,5.545 
2040007,5.905 
2050005,5.66 
2060035,5.661691542288557 
2070009,5.64 
2080033,5.333333333333333 
2090019,5.85 
2100008,6.045 
2110008,5.855 
2120021,6.1393034825870645 
2130000,6.04 
2140042,5.791044776119403 
2150024,5.885 
2160016,6.14 
2170047,6.379310344827586 
2180017,6.055 
2190034,6.3681592039801 
2200001,6.085 
2210022,6.282178217821782 
2220022,6.165 
2230030,6.348258706467662 
2240048,6.432835820895522 
2250005,6.125 
2260024,6.52970297029703 
2270027,6.014925373134329 
2280033,6.3861386138613865 
2290038,6.507462686567164 
2300029,6.353233830845771 
2310027,6.492537313432836 
2320002,6.351485148514851 
2330031,6.303482587064677 
2340039,6.8817733990147785 
2350049,6.702439024390244 
2360012,6.641791044776119 
2370001,6.544554455445544 
2380024,6.577114427860696 
2390008,6.9655172413793105 
2400023,6.773399014778325 
2410046,6.724137931034483 
2420016,7.044334975369458 
2430025,7.058536585365854 
2440046,6.857142857142857 
2450016,6.99009900990099 
2460004,7.181372549019608 
2470044,7.029268292682927 
2480026,6.945812807881773 
2490048,7.2227722772277225 
2500042,7.108374384236453 
2510008,7.083333333333333 
2520005,7.344660194174757 
2530030,7.121359223300971 
2540026,6.807881773399015 
2550034,6.950980392156863 
2560038,7.565853658536585 
2570038,7.407766990291262 
2580021,7.28921568627451 
2590049,7.2682926829268295 
2600019,7.246305418719212 
2610009,7.635922330097087 
2620015,7.269607843137255 
2630048,7.507317073170731 
2640009,7.407766990291262 
2650034,7.889952153110048 
2660017,7.63768115942029 
2670047,7.576923076923077 
2680013,7.755980861244019 
2690002,7.903846153846154 
2700026,7.871428571428571 
2710010,8.014285714285714 
2720044,7.851674641148326 
2730018,7.648780487804878 
2740041,7.8019323671497585 
2750023,8.052631578947368 
2760025,8.028571428571428 
2770021,7.746411483253588 
2780023,8.440758293838863 
2790023,8.206572769953052 
2800012,8.18095238095238 
2810036,8.148837209302325 
2820012,8.418604651162791 
2830048,8.238317757009346 
2840000,7.9 
2850036,8.369158878504672 
2860000,8.495327102803738 
2870029,8.42056074766355 
2880018,8.546728971962617 
2890035,8.744186046511627 
2900004,8.63425925925926 
2910002,8.38679245283019 
2920034,8.612903225806452 
2930007,8.454976303317535 
2940002,8.838709677419354 
2950023,8.630841121495328 
2960027,8.289099526066352 
2970005,8.7926267281106 
2980043,8.578703703703704 
2990046,8.694444444444445 
3000027,8.756880733944953 
3010021,8.55045871559633 
3020036,8.485981308411215 
3030039,8.857798165137615 
3040000,8.809302325581395 
3050026,8.922374429223744 
3060041,9.082191780821917 
3070031,8.833333333333334 
3080003,8.63888888888889 
3090037,8.700934579439252 
3100028,9.18918918918919 
3110005,9.313636363636364 
3120038,9.04954954954955 
3130029,9.188340807174887 
3140015,9.087155963302752 
3150002,8.895454545454545 
3160028,8.95 
3170015,9.704845814977974 
3180013,9.283185840707965 
3190007,9.538116591928251 
3200023,9.268722466960352 
3210025,9.68859649122807 
3220001,9.02803738317757 
3230019,9.225225225225225 
3240001,9.548672566371682 
3250049,9.629310344827585 
3260048,9.390134529147982 
3270003,9.427927927927929 
3280015,9.72 
3290023,9.930434782608696 
3300031,9.590308370044053 
3310020,9.734782608695653 
3320030,9.650442477876107 
3330020,9.787610619469026 
3340033,9.497797356828194 
3350026,9.844155844155845 
3360010,9.788546255506608 
3370034,9.647577092511014 
3380025,9.991266375545852 
3390014,9.720524017467248 
3400016,9.703056768558952 
3410001,9.262443438914028 
3420035,9.653508771929825 
3430022,10.106837606837606 
3440038,10.19831223628692 
3450004,9.653508771929825 
3460019,9.608695652173912 
3470012,9.85344827586207 
3480022,10.004366812227074 
3490029,10.231759656652361 
3500029,10.012987012987013 
3510011,9.913793103448276 
3520012,10.246753246753247 
3530006,10.161702127659574 
3540028,10.012875536480687 
3550041,10.28936170212766 
3560038,10.177215189873417 
3570030,9.982532751091703 
3580026,9.81304347826087 
3590035,10.30084745762712 
3600024,10.495762711864407 
3610017,10.397489539748953 
3620012,10.430379746835444 
3630008,9.782222222222222 
3640033,10.180257510729614 
3650019,10.098290598290598 
3660008,9.957446808510639 
3670045,10.186440677966102 
3680039,10.158798283261802 
3690021,10.311965811965813 
3700041,10.275423728813559 
3710045,10.533613445378151 
3720027,10.246808510638298 
3730003,9.97391304347826 
3740001,10.055555555555555 
3750028,10.427966101694915 
3760024,10.238493723849372 
3770039,10.276150627615063 
3780002,10.440677966101696 
3790034,10.372384937238493 
3800010,10.41025641025641 
3810018,10.884297520661157 
3820041,10.271966527196653 
3830037,10.334710743801653 
3840006,10.862348178137651 
3850017,10.539094650205762 
3860012,10.48945147679325 
3870046,10.685714285714285 
3880015,10.139830508474576 
3890046,10.45531914893617 
3900036,10.159663865546218 
3910021,10.588235294117647 
3920047,10.448132780082988 
3930034,10.843621399176955 
3940021,10.685714285714285 
3950000,10.489539748953975 
3960000,10.425619834710744 
3970036,10.787755102040816 
3980019,10.84274193548387 
3990049,10.345528455284553 
4000039,10.540650406504065 
4010007,10.588709677419354 
4020024,10.797520661157025 
4030027,10.518987341772151 
4040017,10.772727272727273 
4050022,10.510288065843621 
4060025,10.891129032258064 
4070036,10.687242798353909 
4080025,10.775510204081632 
4090011,10.450413223140496 
4100039,10.654471544715447 
4110011,10.847389558232932 
4120026,10.55 
4130032,10.93927125506073 
4140037,10.156378600823045 
4150004,11.112 
4160001,10.682926829268293 
4170014,11.330708661417322 
4180006,11.112903225806452 
4190020,10.771428571428572 
4200014,10.493723849372385 
4210030,11.16470588235294 
4220040,10.720647773279353 
4230024,10.681451612903226 
4240046,10.912350597609562 
4250011,10.954732510288066 
4260019,11.047430830039525 
4270034,11.008032128514056 
4280027,11.03238866396761 
4290023,10.633744855967079 
4300027,10.908730158730158 
4310022,10.97211155378486 
4320023,10.629032258064516 
4330028,11.148 
4340018,11.229249011857707 
4350044,11.09920634920635 
4360008,11.103585657370518 
4370015,10.996 
4380007,10.904 
4390038,11.265625 
4400024,11.308 
4410006,10.988 
4420021,11.3515625 
4430002,10.975708502024291 
4440039,11.186507936507937 
4450044,10.996 
4460008,11.146825396825397 
4470030,11.168582375478927 
4480043,10.705645161290322 
4490041,11.237154150197629 
4500000,11.263779527559056 
4510009,11.299610894941635 
4520008,11.248031496062993 
4530013,11.142292490118576 
4540005,11.202334630350194 
4550017,11.103585657370518 
4560007,10.869918699186991 
4570036,11.210116731517509 
4580008,10.93927125506073 
4590041,11.0 
4600024,11.24031007751938 
4610015,11.319066147859923 
4620031,11.424710424710424 
4630019,11.122529644268775 
4640024,11.494163424124514 
4650026,11.377431906614786 
4660025,11.305882352941177 
4670043,11.035573122529645 
4680024,11.38671875 
4690018,11.329501915708812 
4700016,11.311538461538461 
4710036,11.0968992248062 
4720038,11.31640625 
4730033,11.431297709923664 
4740014,11.266666666666667 
4750038,11.35632183908046 
4760014,11.137795275590552 
4770035,11.255813953488373 
4780009,11.153846153846153 
4790016,11.44015444015444 
4800015,11.054474708171206 
4810006,11.5 
4820014,11.467181467181467 
4830049,11.328185328185327 
4840016,11.136 
4850049,11.442307692307692 
4860014,11.22265625 
4870011,11.452107279693486 
4880016,11.435294117647059 
4890004,11.724528301886792 
4900031,11.392996108949417 
4910048,11.509803921568627 
4920037,11.371647509578544 
4930017,11.095238095238095 
4940000,11.261538461538462 
4950011,11.19140625 
4960018,11.453846153846154 
4970045,11.454545454545455 
4980005,10.8515625 
4990019,11.450757575757576 
5000019,11.460076045627376 
5010008,11.372623574144487 
5020006,11.257692307692308 
5030013,11.56439393939394 
5040029,11.449612403100776 
5050000,11.405405405405405 
5060006,11.43939393939394 
5070039,11.323308270676693 
5080007,11.488721804511279 
5090029,11.643939393939394 
5100008,11.51923076923077 
5110010,11.419847328244275 
5120013,11.700757575757576 
5130013,11.456603773584906 
5140048,11.762962962962963 
5150028,11.448275862068966 
5160022,11.591760299625468 
5170047,11.786764705882353 
5180008,11.592452830188678 
5190008,11.397003745318353 
5200043,11.513513513513514 
5210000,11.787313432835822 
5220023,11.242307692307692 
5230030,11.727272727272727 
5240025,11.571969696969697 
5250044,11.353383458646617 
5260019,11.333333333333334 
5270024,11.714828897338403 
5280035,11.731060606060606 
5290033,11.373584905660378 
5300001,11.677902621722847 
5310005,11.602230483271375 
5320019,11.422641509433962 
5330035,11.640151515151516 
5340011,11.376923076923077 
5350022,11.477443609022556 
5360032,11.736059479553903 
5370027,11.35820895522388 
5380029,11.585551330798479 
5390009,11.680297397769516 
5400002,11.708955223880597 
5410004,11.618867924528303 
5420042,11.581749049429657 
5430020,11.785714285714286 
5440014,11.666666666666666 
5450001,11.56060606060606 
5460017,11.743396226415094 
5470014,11.539622641509434 
5480034,11.293233082706767 
5490002,11.771863117870723 
5500023,11.675373134328359 
5510012,11.776119402985074 
5520026,11.430711610486892 
5530020,11.72962962962963 
5540005,11.720588235294118 
5550002,11.731617647058824 
5560034,11.49438202247191 
5570034,11.422053231939163 
5580010,11.916363636363636 
5590009,11.635338345864662 
5600041,11.911032028469752 
5610014,11.449056603773585 
5620013,11.561338289962825 
5630000,11.798479087452472 
5640026,11.306513409961687 
5650026,11.545112781954888 
5660027,11.592452830188678 
5670012,11.792592592592593 
5680010,11.89090909090909 
5690008,11.64179104477612 
5700036,11.749077490774908 
5710029,11.835164835164836 
5720002,11.885608856088561 
5730022,11.559259259259258 
5740003,11.681159420289855 
5750004,11.703703703703704 
5760015,11.696629213483146 
5770049,11.651851851851852 
5780030,11.570342205323193 
5790004,11.899253731343284 
5800024,11.753676470588236 
5810031,11.614814814814816 
5820001,11.644444444444444 
5830031,11.74169741697417 
5840010,11.835766423357665 
5850008,11.619047619047619 
5860018,11.691176470588236 
5870013,11.779783393501805 
5880011,11.838951310861423 
5890038,11.734545454545454 
5900023,11.658088235294118 
5910033,11.693430656934307 
5920023,11.848148148148148 
5930005,11.50187265917603 
5940006,11.8 
5950028,11.693726937269373 
5960017,11.638686131386862 
5970026,11.738007380073801 
5980020,11.879562043795621 
5990021,11.651851851851852 
6000003,11.912087912087912 
6010016,11.592452830188678 
6020012,11.723636363636365 
6030048,11.928571428571429 
6040007,11.80952380952381 
6050001,11.821818181818182 
6060012,11.682835820895523 
6070033,11.812274368231048 
6080013,11.740072202166065 
6090006,11.820143884892087 
6100020,11.917562724014337 
6110030,11.558490566037737 
6120034,12.157342657342657 
6130026,11.573529411764707 
6140014,12.133574007220217 
6150048,11.826086956521738 
6160017,11.698529411764707 
6170043,11.875457875457876 
6180000,11.68231046931408 
6190026,11.473684210526315 
6200010,11.610294117647058 
6210004,11.718978102189782 
6220016,12.046762589928058 
6230006,11.740072202166065 
6240030,11.806691449814126 
6250043,11.730627306273062 
6260028,11.660516605166052 
6270033,11.577777777777778 
6280017,11.583333333333334 
6290027,11.841328413284133 
6300035,11.889285714285714 
6310020,11.833333333333334 
6320037,11.80952380952381 
6330007,11.793478260869565 
6340019,11.672727272727272 
6350012,11.544117647058824 
6360017,11.57037037037037 
6370012,11.916363636363636 
6380028,11.7 
6390029,11.660377358490566 
6400006,11.776556776556777 
6410003,11.937956204379562 
6420012,11.773381294964029 
6430013,12.027681660899654 
6440037,11.675182481751825 
6450013,12.060714285714285 
6460002,11.514705882352942 
6470043,11.814946619217082 
6480035,11.621722846441948 
6490010,11.8 
6500049,11.896428571428572 
6510010,11.894160583941606 
6520027,11.725 
6530036,12.098591549295774 
6540027,11.821428571428571 
6550035,11.909090909090908 
6560005,11.647940074906368 
6570013,11.96415770609319 
6580001,11.688172043010752 
6590020,11.826714801444043 
6600034,11.844202898550725 
6610015,11.809352517985612 
6620024,11.939929328621908 
6630036,12.192857142857143 
6640012,11.603703703703705 
6650028,11.69927536231884 
6660031,11.77037037037037 
6670006,11.683453237410072 
6680020,11.865942028985508 
6690024,11.897526501766784 
6700002,11.75 
6710019,11.943262411347519 
6720040,11.762589928057555 
6730037,11.9 
6740006,12.028673835125447 
6750002,11.661764705882353 
6760024,11.874125874125873 
6770022,11.957295373665481 
6780035,12.137809187279151 
6790027,12.010714285714286 
6800038,12.017667844522968 
6810014,11.771739130434783 
6820002,11.956043956043956 
6830009,11.693430656934307 
6840013,12.028571428571428 
6850003,12.173758865248226 
6860001,12.0 
6870020,11.885714285714286 
6880020,12.138790035587188 
6890006,12.02826855123675 
6900001,11.96140350877193 
6910019,11.855123674911662 
6920026,11.810714285714285 
6930040,12.053003533568905 
6940017,11.855633802816902 
6950004,12.141843971631205 
6960016,11.967625899280575 
6970012,11.757142857142858 
6980014,12.20701754385965 
6990034,12.070921985815604 
7000026,12.010600706713781 
7010025,11.911032028469752 
7020022,11.754578754578755 
7030041,11.690647482014388 
7040040,12.137809187279151 
7050002,11.827956989247312 
7060000,11.765342960288809 
7070011,11.892857142857142 
7080039,11.95373665480427 
7090007,11.840579710144928 
7100015,12.154121863799283 
7110030,11.985865724381625 
7120017,11.676363636363636 
7130021,11.924731182795698 
7140042,12.042402826855124 
7150014,12.248275862068965 
7160004,11.816546762589928 
7170031,12.073426573426573 
7180002,11.88086642599278 
7190017,12.067375886524824 
7200005,12.042553191489361 
7210023,11.778169014084508 
7220024,12.00361010830325 
7230002,12.32404181184669 
7240003,11.807971014492754 
7250002,12.04626334519573 
7260030,11.896797153024911 
7270021,11.789090909090909 
7280026,11.924731182795698 
7290020,12.166666666666666 
7300037,11.799283154121865 
7310038,12.066666666666666 
7320006,11.96085409252669 
7330023,12.061643835616438 
7340029,11.985915492957746 
7350021,11.83754512635379 
7360012,11.906810035842295 
7370019,11.777385159010601 
7380013,11.664285714285715 
7390035,11.89605734767025 
7400037,12.095070422535212 
7410015,12.08185053380783 
7420024,11.971223021582734 
7430025,11.93661971830986 
7440015,11.98581560283688 
7450026,12.01056338028169 
7460044,11.808664259927799 
7470020,11.796363636363637 
7480039,12.090909090909092 
7490019,11.846153846153847 
7500001,12.13888888888889 
7510029,11.904929577464788 
7520021,12.136986301369863 
7530029,11.888086642599278 
7540025,12.079310344827586 
7550018,12.263698630136986 
7560008,11.992831541218639 
7570013,12.307692307692308 
7580040,11.821428571428571 
7590022,11.802120141342757 
7600022,11.862676056338028 
7610026,11.866197183098592 
7620017,11.887323943661972 
7630017,12.060070671378092 
7640018,12.034965034965035 
7650020,11.98943661971831 
7660003,11.768683274021353 
7670001,11.843971631205674 
7680008,11.868794326241135 
7690002,12.091228070175438 
7700031,11.711678832116789 
7710001,11.848920863309353 
7720010,11.996503496503497 
7730029,12.066666666666666 
7740023,12.010600706713781 
7750018,11.633093525179856 
7760039,11.965277777777779 
7770031,11.853571428571428 
7780011,11.878571428571428 
7790029,12.03859649122807 
7800012,11.838709677419354 
7810047,11.932142857142857 
7820032,12.080701754385965 
7830026,11.65090909090909 
7840017,11.912891986062718 
7850005,12.088737201365188 
7860012,12.069204152249135 
7870024,11.712230215827338 
7880046,12.041237113402062 
7890002,11.908759124087592 
7900000,11.816849816849818 
7910027,11.727598566308243 
7920018,11.841328413284133 
7930020,11.971830985915492 
7940017,12.092783505154639 
7950031,12.091872791519435 
7960021,12.020979020979022 
7970031,11.872340425531915 
7980001,12.035335689045937 
7990013,11.929078014184396 
8000042,12.080701754385965 
8010030,11.936842105263159 
8020025,12.03191489361702 
8030004,12.15625 
8040010,12.05226480836237 
8050010,12.260416666666666 
8060010,12.112280701754386 
8070009,11.97887323943662 
8080016,11.814285714285715 
8090001,11.97153024911032 
8100002,12.072916666666666 
8110002,11.968531468531468 
8120022,11.975524475524475 
8130035,12.146258503401361 
8140007,11.918727915194346 
8150009,12.285714285714286 
8160004,12.167832167832168 
8170002,12.183050847457627 
8180000,11.993031358885018 
8190008,12.154109589041095 
8200019,12.069686411149826 
8210034,12.108391608391608 
8220012,12.13588850174216 
8230013,11.954225352112676 
8240008,12.213559322033898 
8250014,11.964028776978417 
8260026,11.840989399293287 
8270032,11.867595818815332 
8280025,11.904593639575971 
8290023,11.904929577464788 
8300017,11.884615384615385 
8310027,12.322807017543859 
8320017,12.261904761904763 
8330015,11.968531468531468 
8340038,11.859154929577464 
8350020,11.841549295774648 
8360001,12.030821917808218 
8370048,12.038062283737025 
8380001,12.073684210526316 
8390022,12.013745704467354 
8400002,12.010309278350515 
8410005,12.031578947368422 
8420004,11.905263157894737 
8430034,12.058823529411764 
8440022,11.971929824561403 
8450011,12.024390243902438 
8460008,12.277397260273972 
8470012,12.187074829931973 
8480015,12.048780487804878 
8490025,12.083916083916083 
8500021,12.197231833910035 
8510027,12.052631578947368 
8520011,12.248322147651006 
8530004,12.248275862068965 
8540023,11.993055555555555 
8550018,12.084507042253522 
8560006,11.790780141843971 
8570024,12.053191489361701 
8580025,12.006944444444445 
8590023,12.250847457627119 
8600033,11.835087719298246 
8610009,11.795774647887324 
8620016,12.042105263157895 
8630011,12.31864406779661 
8640005,12.262237762237762 
8650040,12.267796610169492 
8660006,12.270833333333334 
8670011,12.082758620689654 
8680028,12.156996587030717 
8690032,12.13588850174216 
8700021,12.192439862542955 
8710027,12.181506849315069 
8720037,11.760714285714286 
8730006,11.919014084507042 
8740041,12.215017064846416 
8750015,11.907216494845361 
8760011,11.627659574468085 
8770028,12.24406779661017 
8780043,11.982698961937716 
8790006,12.037414965986395 
8800003,12.111498257839722 
8810014,11.87900355871886 
8820027,12.151515151515152 
8830010,11.96808510638298 
8840001,11.839160839160838 
8850003,12.059233449477352 
8860019,12.03448275862069 
8870005,12.146853146853147 
8880000,12.193103448275862 
8890006,12.07638888888889 
8900020,12.103806228373703 
8910011,12.18815331010453 
8920040,11.858131487889274 
8930041,12.204152249134948 
8940000,12.037800687285223 
8950028,12.42 
8960008,12.10204081632653 
8970016,12.068965517241379 
8980008,12.180555555555555 
8990023,12.170648464163822 
9000045,12.062717770034844 
9010012,12.211805555555555 
9020000,12.021052631578947 
9030000,11.992957746478874 
9040011,12.027972027972028 
9050019,11.954703832752614 
9060003,12.159322033898306 
9070024,12.348684210526315 
9080015,12.195205479452055 
9090029,12.189655172413794 
9100016,11.855172413793104 
9110001,12.248275862068965 
9120006,12.240677966101694 
9130025,12.17013888888889 
9140020,12.091228070175438 
9150027,12.08904109589041 
9160013,12.085034013605442 
9170021,12.260135135135135 
9180006,11.872852233676976 
9190025,12.379661016949152 
9200023,12.010344827586207 
9210010,12.024390243902438 
9220026,12.298657718120806 
9230039,12.038062283737025 
9240018,12.240677966101694 
9250009,11.918088737201366 
9260007,12.006920415224913 
9270005,11.908450704225352 
9280019,12.006944444444445 
9290041,12.205479452054794 
9300027,12.191489361702128 
9310029,11.975609756097562 
9320037,11.97212543554007 
9330001,12.038327526132404 
9340018,12.213058419243985 
9350022,12.119047619047619 
9360019,12.08135593220339 
9370031,12.173010380622838 
9380033,12.333333333333334 
9390028,12.120805369127517 
9400019,12.146757679180887 
9410009,12.061855670103093 
9420003,12.357142857142858 
9430001,12.055363321799309 
9440011,12.336700336700337 
9450012,11.96830985915493 
9460048,12.26072607260726 
9470025,11.958620689655172 
9480026,11.918727915194346 
9490027,11.787769784172662 
9500020,12.126279863481228 
9510033,11.982394366197184 
9520014,11.647887323943662 
9530032,11.708185053380783 
9540022,11.911971830985916 
9550017,12.017301038062284 
9560031,12.051194539249147 
9570015,12.316326530612244 
9580000,12.24406779661017 
9590012,11.986348122866895 
9600028,12.026936026936028 
9610020,12.072413793103449 
9620003,11.86909090909091 
9630005,11.986013986013987 
9640009,11.884615384615385 
9650040,12.034602076124568 
9660008,12.318936877076412 
9670020,12.091836734693878 
9680017,12.073170731707316 
9690001,12.159010600706713 
9700003,12.279310344827586 
9710014,12.156462585034014 
9720006,12.031578947368422 
9730014,12.300341296928327 
9740020,12.160409556313994 
9750025,12.193771626297577 
9760004,11.986301369863014 
9770000,12.088339222614842 
9780000,12.010135135135135 
9790025,12.332236842105264 
9800030,11.971929824561403 
9810008,11.777777777777779 
9820000,12.15358361774744 
9830017,12.099315068493151 
9840009,12.16326530612245 
9850017,12.170648464163822 
9860027,11.84452296819788 
9870018,12.102389078498293 
9880025,12.188552188552189 
9890026,12.17605633802817 
9900016,11.992982456140352 
9910015,12.049122807017543 
9920023,12.316498316498317 
9930033,12.107266435986158 
9940009,12.227891156462585 
9950007,12.310344827586206 
9960032,12.146341463414634 
9970018,12.113013698630137 
9980001,12.253472222222221 
9990022,12.183050847457627 
10000020,12.079037800687285 
10010001,12.174657534246576 
10020049,11.976109215017065 
10030043,11.901754385964912 
10040031,12.17123287671233 
10050002,12.175675675675675 
10060033,12.177257525083611 
10070008,12.1280276816609 
10080022,12.241258741258742 
10090033,12.32996632996633 
10100002,11.93127147766323 
10110039,11.958188153310104 
10120022,12.221453287197232 
10130026,12.227586206896552 
10140021,12.092783505154639 
10150020,12.255892255892256 
10160008,12.238095238095237 
10170026,12.210884353741497 
10180021,12.034602076124568 
10190008,12.135135135135135 
10200007,12.243243243243244 
10210008,11.924398625429554 
10220004,12.239864864864865 
10230010,12.051724137931034 
10240033,12.168965517241379 
10250022,12.006968641114982 
10260043,12.25328947368421 
10270010,12.10580204778157 
10280027,12.463333333333333 
10290037,12.27946127946128 
10300024,12.206185567010309 
10310044,11.914383561643836 
10320032,12.126712328767123 
10330010,11.976430976430976 
10340016,12.137457044673539 
10350004,12.293515358361775 
10360027,11.98961937716263 
10370022,12.2560553633218 
10380033,12.037931034482758 
10390007,11.911262798634812 
10400005,12.205479452054794 
10410009,12.061855670103093 
10420031,12.159468438538205 
10430010,12.049295774647888 
10440027,12.072916666666666 
10450008,11.878892733564014 
10460030,11.95138888888889 
10470034,12.14527027027027 
10480024,11.924657534246576 
10490005,12.36949152542373 
10500030,12.224489795918368 
10510017,12.164948453608247 
10520030,12.433333333333334 
10530011,12.190635451505017 
10540017,12.212837837837839 
10550017,12.177257525083611 
10560013,12.086805555555555 
10570048,12.061224489795919 
10580017,12.376666666666667 
10590021,12.155405405405405 
10600006,12.021052631578947 
10610012,12.047945205479452 
10620033,12.068493150684931 
10630006,12.214532871972319 
10640011,12.193103448275862 
10650018,12.15986394557823 
10660021,12.068493150684931 
10670007,12.017182130584192 
10680009,12.162711864406779 
10690024,12.37828947368421 
10700024,11.913793103448276 
10710049,12.207357859531772 
10720020,12.251724137931035 
10730016,12.184300341296929 
10740018,12.187074829931973 
10750014,11.892733564013842 
10760015,12.09375 
10770013,12.017182130584192 
10780019,11.985915492957746 
10790010,12.155932203389831 
10800021,12.404682274247492 
10810022,12.224832214765101 
10820004,11.940766550522648 
10830030,12.17687074829932 
10840023,12.0893470790378 
10850005,12.328813559322034 
10860023,12.159322033898306 
10870018,12.217391304347826 
10880019,12.215753424657533 
10890027,12.088737201365188 
10900036,12.107266435986158 
10910010,12.054607508532424 
10920003,12.29 
10930015,12.284745762711864 
10940036,12.105610561056105 
10950040,12.104166666666666 
10960012,12.222222222222221 
10970017,12.39016393442623 
10980013,12.173469387755102 
10990009,12.113793103448275 
11000026,12.254966887417218 
11010021,11.972318339100346 
11020007,12.204152249134948 
11030003,12.405940594059405 
11040003,12.553398058252426 
11050026,12.145762711864407 
11060001,12.024221453287197 
11070001,12.358803986710964 
11080031,12.258389261744966 
11090003,12.255813953488373 
11100035,12.11986301369863 
11110035,12.351170568561873 
11120034,12.117241379310345 
11130003,12.137931034482758 
11140012,12.177852348993289 
11150021,12.224489795918368 
11160038,12.156996587030717 
11170015,12.267796610169492 
11180012,12.11986301369863 
11190016,12.010204081632653 
11200006,12.272108843537415 
11210020,12.14765100671141 
11220027,12.157534246575343 
11230033,12.139372822299652 
11240038,12.118055555555555 
11250007,12.154109589041095 
11260006,12.192439862542955 
11270025,12.318936877076412 
11280044,12.044982698961938 
11290018,12.19 
11300002,12.098591549295774 
11310020,12.020833333333334 
11320022,12.224832214765101 
11330032,12.131756756756756 
11340006,12.271523178807946 
11350019,12.294314381270903 
11360010,12.058419243986254 
11370002,12.303630363036303 
11380009,12.085324232081911 
11390007,12.168384879725085 
11400013,12.408783783783784 
11410003,12.191275167785236 
11420032,12.216216216216216 
11430011,12.183673469387756 
11440024,12.106529209621993 
11450008,12.10344827586207 
11460001,12.097972972972974 
11470002,12.332191780821917 
11480015,12.070707070707071 
11490015,12.045296167247386 
11500010,12.076666666666666 
11510004,12.068027210884354 
11520003,12.28135593220339 
11530001,12.168384879725085 
11540035,12.055172413793104 
11550004,12.063333333333333 
11560018,12.25085910652921 
11570015,12.223333333333333 
11580018,12.057627118644067 
11590028,12.353535353535353 
11600021,12.23793103448276 
11610048,12.324414715719064 
11620020,12.317567567567568 
11630043,12.253472222222221 
11640012,12.040816326530612 
11650003,12.261016949152543 
11660013,12.208609271523178 
11670022,12.141891891891891 
11680002,12.138983050847457 
11690010,12.020477815699659 
11700007,12.156666666666666 
11710007,12.232323232323232 
11720018,12.130584192439862 
11730000,12.103806228373703 
11740025,12.122923588039868 
11750003,12.017182130584192 
11760012,11.937282229965156 
11770012,12.156666666666666 
11780019,12.108474576271187 
11790000,12.194539249146757 
11800010,12.128472222222221 
11810009,12.39202657807309 
11820004,12.051546391752577 
11830012,11.931034482758621 
11840003,12.110367892976589 
11850009,12.17607973421927 
11860002,11.933098591549296 
11870029,11.825174825174825 
11880019,12.478547854785479 
11890039,12.241721854304636 
11900020,12.286666666666667 
11910025,12.27364864864865 
11920021,12.27891156462585 
11930043,12.0 
11940018,12.155172413793103 
11950014,11.961937716262975 
11960022,12.122448979591837 
11970027,12.17123287671233 
11980014,12.18 
11990004,12.142384105960264 
12000011,12.297029702970297 
12010020,12.303030303030303 
12020002,12.337837837837839 
12030032,12.249190938511326 
12040020,12.064625850340136 
12050017,12.204697986577182 
12060043,12.225165562913908 
12070002,12.171717171717171 
12080032,12.177474402730375 
12090027,12.222602739726028 
12100013,11.975609756097562 
12110026,12.199324324324325 
12120028,12.284280936454849 
12130035,11.833910034602075 
12140022,12.256756756756756 
12150023,12.267558528428093 
12160009,12.242320819112628 
12170029,12.086206896551724 
12180022,12.208609271523178 
12190023,11.944827586206896 
12200033,12.19047619047619 
12210014,12.044520547945206 
12220014,12.247457627118644 
12230004,12.150501672240802 
12240022,12.020408163265307 
12250018,12.003472222222221 
12260031,12.207357859531772 
12270024,12.374149659863946 
12280008,11.950877192982457 
12290019,12.119453924914676 
12300026,12.31772575250836 
12310017,12.368770764119601 
12320024,12.129251700680273 
12330042,12.096551724137932 
12340018,12.138513513513514 
12350019,12.121212121212121 
12360001,12.116438356164384 
12370033,12.095563139931741 
12380009,12.235294117647058 
12390028,12.072164948453608 
12400019,12.238907849829351 
12410008,12.19047619047619 
12420015,12.06060606060606 
12430023,12.265100671140939 
12440025,12.17687074829932 
12450024,12.030508474576271 
12460022,12.181208053691275 
12470037,12.111864406779661 
12480005,12.3042071197411 
12490015,12.305369127516778 
12500005,12.08445945945946 
12510017,12.225589225589225 
12520047,12.03061224489796 
12530018,12.111486486486486 
12540005,12.043771043771043 
12550009,12.15 
12560007,12.101694915254237 
12570001,12.372093023255815 
12580048,12.24671052631579 
12590016,12.435215946843854 
12600021,12.013651877133105 
12610025,12.10204081632653 
12620002,12.12624584717608 
12630014,11.958620689655172 
12640002,12.508250825082508 
12650037,11.857142857142858 
12660011,12.304635761589404 
12670012,12.16891891891892 
12680014,12.037671232876713 
12690004,12.358803986710964 
12700018,12.14236111111111 
12710018,12.37248322147651 
12720033,11.965986394557824 
12730024,12.066666666666666 
12740026,12.393939393939394 
12750022,12.013793103448275 
12760000,12.220338983050848 
12770018,12.27457627118644 
12780034,12.35016835016835 
12790024,11.993174061433447 
12800016,12.058219178082192 
12810004,12.163879598662207 
12820002,12.303030303030303 
12830038,12.158249158249157 
12840002,11.934256055363322 
12850007,12.206779661016949 
12860000,12.391304347826088 
12870043,12.368770764119601 
12880010,12.043624161073826 
12890003,11.983050847457626 
12900026,12.29391891891892 
12910015,12.160535117056856 
12920022,12.29 
12930014,12.2 
12940019,12.05944055944056 
12950020,12.105084745762712 
12960029,12.067340067340067 
12970029,12.382059800664452 
12980006,12.13448275862069 
12990021,12.06418918918919 
13000019,12.181818181818182 
13010026,12.20890410958904 
13020009,12.348684210526315 
13030015,12.353535353535353 
13040011,12.204697986577182 
13050018,12.334437086092715 
13060000,12.186440677966102 
13070029,12.177852348993289 
13080030,12.155405405405405 
13090040,12.051369863013699 
13100008,12.223728813559323 
13110040,12.061643835616438 
13120005,11.979522184300341 
13130009,12.119047619047619 
13140007,12.123333333333333 
13150023,12.138983050847457 
13160046,12.20401337792642 
13170000,12.350819672131147 
13180033,12.193333333333333 
13190001,12.385906040268456 
13200018,12.241610738255034 
13210009,12.150170648464163 
13220014,12.104026845637584 
13230010,12.342105263157896 
13240001,12.276666666666667 
13250015,12.4375 
13260009,12.403973509933774 
13270037,12.14765100671141 
13280013,12.003424657534246 
13290035,12.485342019543975 
13300014,12.45364238410596 
13310018,12.2 
13320038,12.152542372881356 
13330009,12.636363636363637 
13340020,12.196666666666667 
13350031,12.266666666666667 
13360017,12.233333333333333 
13370001,12.304347826086957 
13380008,12.291390728476822 
13390013,11.982935153583618 
13400014,12.231543624161073 
13410000,12.14527027027027 
13420020,12.233108108108109 
13430025,11.917525773195877 
13440003,12.34 
13450023,12.177474402730375 
13460020,12.165562913907285 
13470002,12.451827242524917 
13480000,12.168350168350168 
13490025,12.430868167202572 
13500017,12.200680272108844 
13510022,12.189830508474577 
13520046,12.273927392739274 
13530030,12.187074829931973 
13540002,12.027303754266212 
13550014,12.275409836065574 
13560011,12.239057239057239 
13570019,12.307692307692308 
13580035,12.177852348993289 
13590026,12.406040268456376 
13600014,12.210702341137123 
13610000,11.949832775919733 
13620020,12.178451178451178 
13630019,12.353135313531354 
13640004,12.406040268456376 
13650042,12.137123745819398 
13660036,12.272108843537415 
13670013,12.202020202020202 
13680031,12.15358361774744 
13690023,12.236666666666666 
13700022,12.227118644067797 
13710037,11.996632996632997 
13720013,12.255892255892256 
13730006,12.346938775510203 
13740020,12.285714285714286 
13750002,12.235494880546074 
13760026,12.461538461538462 
13770024,12.172297297297296 
13780018,12.202614379084967 
13790036,12.176666666666666 
13800028,11.91186440677966 
13810010,12.194630872483222 
13820007,12.321311475409836 
13830009,12.255737704918033 
13840026,12.272108843537415 
13850012,12.306666666666667 
13860014,11.972318339100346 
13870022,12.395424836601308 
13880004,12.145762711864407 
13890018,12.325581395348838 
13900001,12.302013422818792 
13910021,12.332214765100671 
13920043,12.493377483443709 
13930007,12.144329896907216 
13940015,12.310679611650485 
13950005,12.324414715719064 
13960022,12.398692810457517 
13970005,12.285714285714286 
13980010,12.352159468438538 
13990035,11.948805460750853 
14000014,11.931034482758621 
14010011,12.163333333333334 
14020010,12.31270358306189 
14030019,12.139931740614335 
14040022,12.459546925566343 
14050014,12.04026845637584 
14060022,12.42258064516129 
14070002,12.230508474576272 
14080007,12.16326530612245 
14090021,12.232323232323232 
14100026,12.313333333333333 
14110028,12.211604095563139 
14120014,12.20748299319728 
14130014,12.103092783505154 
14140027,12.106164383561644 
14150010,12.123333333333333 
14160002,12.171717171717171 
14170031,12.296296296296296 
14180025,12.0893470790378 
14190040,12.217687074829932 
14200029,12.235099337748345 
14210014,12.172881355932203 
14220005,12.272131147540984 
14230033,12.2876254180602 
14240027,12.218120805369127 
14250010,12.061433447098976 
14260005,12.254125412541255 
14270010,12.5 
14280032,12.473856209150327 
14290023,12.288135593220339 
14300034,12.273333333333333 
14310007,12.272425249169435 
14320027,12.179661016949153 
14330036,12.233676975945016 
14340016,12.197986577181208 
14350017,12.235690235690235 
14360012,12.242424242424242 
14370005,12.286666666666667 
14380025,12.297658862876254 
14390013,12.384868421052632 
14400009,12.356902356902356 
14410006,12.126279863481228 
14420001,12.327868852459016 
14430000,12.324414715719064 
14440030,12.256578947368421 
14450014,12.302013422818792 
14460014,12.027491408934708 
14470009,12.17361111111111 
14480026,12.254237288135593 
14490044,12.367892976588628 
14500016,12.062717770034844 
14510048,12.164983164983164 
14520028,12.264214046822742 
14530001,12.173010380622838 
14540026,12.250836120401338 
14550004,12.182432432432432 
14560022,12.26158940397351 
14570030,12.340983606557376 
14580034,12.290429042904291 
14590010,12.311688311688311 
14600005,12.149006622516556 
14610024,12.316666666666666 
14620007,12.394039735099337 
14630014,12.187919463087248 
14640024,12.013559322033899 
14650014,12.23920265780731 
14660020,12.209302325581396 
14670002,12.461279461279462 
14680002,12.281879194630873 
14690017,12.192691029900333 
14700007,12.266666666666667 
14710032,12.040816326530612 
14720025,12.289115646258503 
14730005,12.129692832764505 
14740019,12.501661129568106 
14750013,12.475247524752476 
14760019,12.051724137931034 
14770014,12.132890365448505 
14780019,12.255737704918033 
14790008,12.222972972972974 
14800002,12.336601307189543 
14810017,12.392156862745098 
14820011,12.22972972972973 
14830004,12.428571428571429 
14840001,12.37953795379538 
14850012,12.164429530201343 
14860010,12.304635761589404 
14870011,12.245847176079733 
14880029,11.83617747440273 
14890025,12.202702702702704 
14900026,12.276872964169382 
14910036,12.112627986348123 
14920024,12.330033003300331 
14930013,12.200668896321071 
14940028,12.347682119205299 
14950023,12.218120805369127 
14960012,12.054982817869416 
14970037,12.181208053691275 
14980028,12.203389830508474 
14990017,12.09688581314879 
15000024,12.242424242424242 
15010002,12.195286195286196 
15020017,12.197952218430034 
15030016,12.238255033557047 
15040025,12.237113402061855 
15050017,12.22108843537415 
15060012,12.183946488294314 
15070024,12.324324324324325 
15080031,12.013605442176871 
15090039,12.341059602649006 
15100030,12.338870431893687 
15110000,12.158415841584159 
15120019,12.271186440677965 
15130022,12.35 
15140003,12.303514376996805 
15150033,12.419354838709678 
15160022,12.280821917808218 
15170035,12.280936454849499 
15180005,12.158783783783784 
15190011,12.326732673267326 
15200015,12.291803278688525 
15210033,12.448051948051948 
15220041,12.324590163934426 
15230019,12.283333333333333 
15240016,12.14765100671141 
15250008,12.308196721311475 
15260001,12.202702702702704 
15270044,12.321311475409836 
15280011,12.08135593220339 
15290022,12.37037037037037 
15300031,12.21523178807947 
15310013,12.383333333333333 
15320032,12.056140350877193 
15330005,12.323333333333334 
15340019,12.363036303630363 
15350017,11.993079584775087 
15360022,12.074324324324325 
15370009,11.976109215017065 
15380002,12.166666666666666 
15390020,12.248344370860927 
15400013,11.986254295532646 
15410023,12.208609271523178 
15420027,12.058823529411764 
15430024,12.16611295681063 
15440029,12.25418060200669 
15450036,12.179401993355482 
15460042,12.273037542662117 
15470002,12.206666666666667 
15480004,12.37171052631579 
15490019,12.306397306397306 
15500008,12.385135135135135 
15510015,12.264900662251655 
15520021,12.228956228956228 
15530004,12.268456375838927 
15540031,12.367549668874172 
15550020,12.027397260273972 
15560034,12.45928338762215 
15570033,12.198653198653199 
15580003,12.192567567567568 
15590035,12.262295081967213 
15600007,12.245791245791246 
15610003,12.023809523809524 
15620046,12.356435643564357 
15630021,12.275409836065574 
15640040,12.357859531772576 
15650019,12.164429530201343 
15660012,12.288590604026846 
15670011,12.334426229508196 
15680022,12.1875 
15690008,12.318936877076412 
15700021,12.410596026490067 
15710008,12.343137254901961 
15720033,12.436065573770492 
15730014,12.372937293729374 
15740045,12.263333333333334 
15750020,12.157190635451505 
15760020,12.294117647058824 
15770002,12.05685618729097 
15780022,12.36156351791531 
15790010,12.203947368421053 
15800002,12.064846416382252 
15810011,12.306188925081432 
15820021,12.298360655737705 
15830031,12.392739273927393 
15840044,12.298305084745763 
15850017,12.41914191419142 
15860025,12.406040268456376 
15870001,12.172297297297296 
15880013,12.197368421052632 
15890028,12.188118811881187 
15900020,12.101694915254237 
15910021,12.266447368421053 
15920017,12.188552188552189 
15930014,11.932432432432432 
15940000,12.341137123745819 
15950010,12.17056856187291 
15960003,12.436482084690553 
15970012,12.429967426710098 
15980019,12.290429042904291 
15990032,12.21523178807947 
16000003,11.923076923076923 
16010024,12.193220338983052 
16020013,12.443365695792881 
16030035,12.37704918032787 
16040024,12.376237623762377 
16050016,12.237458193979933 
16060000,12.156146179401993 
16070036,12.414012738853502 
16080023,12.241610738255034 
16090026,12.453074433656958 
16100012,12.291390728476822 
16110035,12.463576158940397 
16120004,12.35483870967742 
16130012,12.327868852459016 
16140015,12.375415282392026 
16150045,12.366336633663366 
16160010,12.235880398671096 
16170038,12.126279863481228 
16180038,12.065068493150685 
16190020,12.276872964169382 
16200017,12.3421926910299 
16210024,12.183946488294314 
16220039,12.222972972972974 
16230000,12.356666666666667 
16240012,12.428104575163399 
16250023,12.070707070707071 
16260003,12.27450980392157 
16270001,12.20890410958904 
16280012,12.298360655737705 
16290016,12.113333333333333 
16300027,12.113013698630137 
16310016,12.3421926910299 
16320019,12.41914191419142 
16330022,12.298360655737705 
16340011,12.225913621262459 
16350000,12.2987012987013 
16360011,12.335504885993485 
16370013,12.268456375838927 
16380001,12.179054054054054 
16390010,12.136212624584717 
16400021,12.192567567567568 
16410017,12.3672131147541 
16420034,12.321311475409836 
16430021,12.4640522875817 
16440011,12.282894736842104 
16450010,12.520900321543408 
16460021,12.081632653061224 
16470020,12.125423728813558 
16480014,12.170648464163822 
16490004,12.143333333333333 
16500002,12.166666666666666 
16510046,12.324414715719064 
16520005,12.255892255892256 
16530014,12.506493506493506 
16540011,12.384364820846905 
16550017,12.183946488294314 
16560023,12.144262295081967 
16570008,12.345394736842104 
16580016,12.08813559322034 
16590021,12.285714285714286 
16600037,11.965753424657533 
16610027,12.264406779661018 
16620001,12.486666666666666 
16630022,12.111864406779661 
16640036,12.363036303630363 
16650019,12.044982698961938 
16660023,12.321070234113712 
16670014,12.327922077922079 
16680001,12.227118644067797 
16690007,12.264026402640264 
16700019,12.433224755700326 
16710024,11.982876712328768 
16720037,12.317307692307692 
16730044,12.35064935064935 
16740016,12.003389830508475 
16750048,12.352159468438538 
16760022,12.091525423728813 
16770023,12.211221122112212 
16780023,12.331168831168831 
16790009,12.10472972972973 
16800001,12.255892255892256 
16810001,12.171140939597315 
16820021,12.013333333333334 
16830020,12.292763157894736 
16840015,12.060402684563758 
16850004,12.241830065359476 
16860025,12.303630363036303 
16870004,12.311475409836065 
16880005,12.35064935064935 
16890001,12.01010101010101 
16900015,12.272131147540984 
16910025,12.344370860927153 
16920014,12.350819672131147 
16930009,12.321311475409836 
16940028,12.054607508532424 
16950024,12.151515151515152 
16960005,12.229508196721312 
16970004,12.225165562913908 
16980045,12.266447368421053 
16990049,12.20401337792642 
17000002,12.163879598662207 
17010044,12.14527027027027 
17020009,12.311258278145695 
17030026,12.278145695364238 
17040020,12.365131578947368 
17050004,12.429042904290428 
17060015,12.231270358306189 
17070022,12.223728813559323 
17080013,12.412541254125413 
17090027,12.504854368932039 
17100001,12.225255972696246 
17110025,12.222222222222221 
17120014,12.365448504983389 
17130013,12.220064724919094 
17140025,12.434504792332268 
17150031,12.407766990291263 
17160017,12.415032679738562 
17170039,12.357377049180329 
17180009,12.250825082508252 
17190009,12.259016393442623 
17200040,12.115646258503402 
17210044,12.131147540983607 
17220001,12.389830508474576 
17230035,12.270903010033445 
17240033,12.141891891891891 
17250004,12.396039603960396 
17260014,12.278688524590164 
17270024,12.345394736842104 
17280031,12.269480519480519 
17290006,12.508361204013378 
17300038,12.276666666666667 
17310012,12.382838283828383 
17320008,12.42384105960265 
17330022,12.256666666666666 
17340013,12.25752508361204 
17350006,11.979452054794521 
17360010,12.457792207792208 
17370004,11.95945945945946 
17380020,12.211409395973154 
17390009,12.351170568561873 
17400022,12.433774834437086 
17410015,12.151724137931035 
17420004,12.211221122112212 
17430004,12.223684210526315 
17440012,12.485436893203884 
17450001,12.382838283828383 
17460018,12.256666666666666 
17470012,12.310580204778157 
17480023,12.318791946308725 
17490007,12.070234113712374 
17500014,12.171052631578947 
17510031,12.14864864864865 
17520024,12.243333333333334 
17530036,12.247524752475247 
17540020,12.183333333333334 
17550024,12.471337579617835 
17560038,12.32 
17570033,12.174657534246576 
17580012,12.21523178807947 
17590033,12.294314381270903 
17600000,12.204081632653061 
17610014,12.357142857142858 
17620005,12.383386581469649 
17630006,12.267326732673267 
17640026,12.426229508196721 
17650037,12.351791530944626 
17660006,12.343434343434344 
17670017,12.194719471947195 
17680001,12.127868852459017 
17690013,12.311688311688311 
17700017,12.12828947368421 
17710015,12.166101694915254 
17720006,12.326860841423947 
17730008,12.382636655948554 
17740015,12.2317880794702 
17750007,12.230263157894736 
17760025,12.250814332247558 
17770023,12.407166123778502 
17780033,12.33 
17790039,12.261980830670927 
17800027,12.268852459016394 
17810030,12.39672131147541 
17820035,12.064406779661017 
17830007,12.146757679180887 
17840013,12.344370860927153 
17850014,12.437086092715232 
17860031,12.277027027027026 
17870026,12.380794701986755 
17880016,12.421221864951768 
17890000,12.476666666666667 
17900012,12.306188925081432 
17910017,12.216393442622952 
17920015,12.225806451612904 
17930030,12.397394136807817 
17940033,12.323333333333334 
17950009,12.125412541254125 
17960026,12.357377049180329 
17970031,12.14569536423841 
17980013,12.275747508305647 
17990026,12.41904761904762 
18000022,12.187290969899665 
18010010,12.39413680781759 
18020024,12.344262295081966 
18030030,12.226229508196722 
18040024,12.402640264026402 
18050021,12.11371237458194 
18060016,12.278145695364238 
18070012,12.197278911564625 
18080006,12.282392026578073 
18090004,12.346666666666666 
18100038,12.34006734006734 
18110006,12.32 
18120027,12.04513888888889 
18130002,12.478688524590163 
18140024,12.313915857605178 
18150005,12.267973856209151 
18160026,11.996563573883162 
18170022,12.2 
18180016,12.322368421052632 
18190025,12.182432432432432 
18200034,12.226973684210526 
18210041,12.259016393442623 
18220011,12.177474402730375 
18230014,12.417763157894736 
18240002,12.532894736842104 
18250040,12.17687074829932 
18260020,12.26578073089701 
18270033,12.073825503355705 
18280008,12.302631578947368 
18290003,12.289902280130294 
18300028,12.14046822742475 
18310016,12.548076923076923 
18320040,12.292763157894736 
18330004,12.300653594771243 
18340013,12.256578947368421 
18350018,12.400651465798045 
18360042,12.331189710610932 
18370034,12.282958199356914 
18380020,12.03 
18390009,12.07516339869281 
18400011,12.143333333333333 
