10000,-77.74167468711755 
20000,-64.79338830825188 
10000,-213.5099267897939 
30000,-63.08829088510038 
40000,-55.1464385799361 
50000,-42.93449201981117 
60000,-26.48165770625876 
70000,17.83264992428511 
80000,72.37141360404563 
90000,132.33832082828442 
100000,174.32515174433357 
110000,203.147647147673 
120000,221.07730954835642 
130000,227.5974076269128 
140000,231.58282433381058 
150000,236.46488398832338 
160000,238.9009116084603 
170000,237.94560534066122 
180000,234.84486973245802 
190000,236.69913263577152 
200000,232.53658879445547 
210000,237.89368744458525 
220000,236.2306710974778 
230000,237.9083574581704 
240000,234.12053395798128 
250000,236.10885917856592 
260000,233.82925526052043 
270000,233.5910100435359 
280000,233.24956451190593 
290000,234.6765564692641 
300000,232.087547222073 
310000,237.75452827988897 
320000,235.61843257953552 
330000,235.67541827182743 
340000,234.5876642277499 
350000,238.8650922059507 
360000,238.77527897041173 
370000,232.41252626647483 
380000,236.43900687414302 
390000,233.8325620300624 
400000,238.14330642033943 
410000,232.71957078133033 
420000,235.30721590152928 
430000,236.05274376857156 
440000,233.60304823365342 
450000,234.93219772910578 
460000,233.91274763360306 
470000,232.78464842825778 
480000,235.17394423171027 
490000,232.82658306369402 
500000,234.83521720224806 
510000,235.00444990517244 
520000,232.3205023532334 
530000,235.58873439586802 
540000,236.91884639781267 
550000,235.39210979829005 
560000,233.53249042506613 
570000,234.31679891146882 
580000,238.36811411334995 
590000,233.93698496391676 
600000,241.36794331667522 
610000,235.0047197314395 
620000,236.50164559664998 
630000,237.93974430597098 
640000,238.59566268520356 
650000,234.48200576124384 
660000,234.3967091755563 
670000,235.52028850028017 
680000,237.91999908941173 
690000,234.33852825297353 
700000,236.84174972443645 
710000,232.92934256469977 
720000,234.30885619782967 
730000,237.1079385591553 
740000,239.03016207189427 
750000,235.85119955398903 
760000,234.52323218108705 
770000,239.87273320939155 
780000,235.42138739114517 
790000,239.14341830066056 
800000,235.77902764378538 
810000,236.52603835864204 
820000,233.85060021005796 
830000,235.58632990365072 
840000,237.2726176811479 
850000,236.5724520357696 
860000,234.82918656367167 
870000,238.0683633188323 
880000,236.5366019112885 
890000,233.19079396398757 
900000,239.46993519957206 
910000,240.01822022746265 
920000,238.09946879528871 
930000,239.8577883489492 
940000,238.0163327804695 
950000,235.72035448933005 
960000,236.63696071985723 
970000,235.77566693872302 
980000,239.2985586761763 
990000,239.36744084805272 
1000000,234.40879493973392 
1010000,234.31689251941748 
1020000,237.73665539755703 
1030000,233.1762886741822 
1040000,236.66882222719775 
1050000,234.81570345566047 
1060000,235.10798468366377 
1070000,240.93269295572225 
1080000,238.98902759857302 
1090000,237.5543144124085 
1100000,236.48640823720808 
1110000,238.76693868983278 
1120000,237.30834935621561 
1130000,238.10914077526743 
1140000,237.96838191998256 
1150000,235.77184738334225 
1160000,235.76285654246328 
1170000,235.3857670506776 
1180000,235.69749558603712 
1190000,236.72613689430173 
1200000,235.71902228364672 
1210000,235.45822133325703 
1220000,237.8703872458711 
1230000,235.9378277286072 
1240000,235.38804806695742 
1250000,232.95371644362737 
1260000,237.27472659917424 
1270000,235.42180600631073 
1280000,234.0458068433478 
1290000,235.5688609852842 
1300000,232.34571646525654 
1310000,239.0243887091161 
1320000,236.61082011646482 
1330000,237.59150149003392 
1340000,234.49945216008123 
1350000,232.6294380510175 
1360000,234.8675962748877 
1370000,235.10530725615536 
1380000,237.77956511976316 
1390000,234.45939697782472 
1400000,235.90523882676382 
1410000,231.25946699269048 
1420000,235.41892859698754 
1430000,234.58797723950426 
1440000,238.3524985343461 
1450000,234.55464541412985 
1460000,234.10909668165516 
1470000,237.6653269638468 
1480000,234.8725401869985 
1490000,232.9004240912183 
1500000,231.51475827031354 
1510000,234.1881533743524 
1520000,235.3972916694426 
1530000,233.3647204846624 
1540000,235.07728906415414 
1550000,235.01988306266895 
1560000,240.03089080529557 
1570000,238.0019329682774 
1580000,236.12951508811477 
1590000,239.1566315423999 
1600000,233.53650210093028 
1610000,235.49134804989927 
1620000,232.35571101633053 
1630000,232.9398315715308 
1640000,233.67726354999115 
1650000,236.65386801497124 
1660000,234.09342461825042 
1670000,235.72671878303507 
1680000,238.33490008231252 
1690000,234.84743746312517 
1700000,239.30155379495383 
1710000,237.93487404954718 
1720000,233.75743169111536 
1730000,237.1623433277051 
1740000,234.13919848431658 
1750000,234.43640823016932 
1760000,234.05041218338317 
1770000,236.57813716017728 
1780000,234.1990870961637 
1790000,233.59151355218992 
1800000,234.59791297228483 
1810000,237.75464541696962 
1820000,235.30044310711412 
1830000,234.57608210854963 
1840000,235.50573693486024 
1850000,232.70015053962504 
1860000,235.74336044808362 
1870000,235.24534179209476 
1880000,234.84523935616875 
1890000,240.04519589925084 
1900000,230.30666994524785 
1910000,236.88130991924066 
1920000,242.5218766503012 
1930000,232.411500773949 
1940000,235.02767141597928 
1950000,232.69791140548827 
1960000,235.0819045583168 
1970000,235.34059314341383 
1980000,234.95233627109826 
1990000,234.06702226147988 
2000000,237.82414081926566 
2010000,237.05375749249015 
2020000,232.52104232159084 
2030000,239.0248051790624 
2040000,234.77225257325253 
2050000,234.33102109770573 
2060000,235.28787501643134 
2070000,233.76535534475704 
2080000,233.47188785793008 
2090000,234.7294715131072 
2100000,235.01836436099006 
2110000,234.3386368025619 
2120000,233.7817265981008 
2130000,234.95931584903195 
2140000,239.33352649371963 
2150000,235.817374989753 
2160000,234.82925023920978 
2170000,235.54702256083223 
2180000,238.59703178299984 
2190000,236.48156749346796 
2200000,240.8561467596181 
2210000,231.96698648179867 
2220000,231.60907658222683 
2230000,235.97037972801715 
2240000,237.62927811910504 
2250000,235.46533434451428 
2260000,238.31807072226263 
2270000,237.82876989746873 
2280000,233.62427959398744 
2290000,238.73681164609155 
2300000,236.71345872105357 
2310000,236.20540479871852 
2320000,237.40505414253036 
2330000,231.15240841928448 
2340000,234.46501552548528 
2350000,233.7959285142355 
2360000,235.47994614613933 
2370000,232.88871300157854 
2380000,238.884677180487 
2390000,240.75760977650148 
2400000,237.5736848676402 
2410000,234.4356574625655 
2420000,236.1228005818944 
2430000,236.43281293805288 
2440000,234.60317072721563 
2450000,232.78774557470643 
2460000,236.8198001049272 
2470000,237.4075704510061 
2480000,234.4530899714987 
2490000,235.34648784709753 
2500000,236.79012820295603 
2510000,232.10481743199068 
2520000,238.77165242821567 
2530000,237.18477242501606 
2540000,235.41017843367453 
2550000,235.6364749762287 
2560000,236.14983557976782 
2570000,235.76280471407918 
2580000,233.88680098242276 
2590000,233.26292303514762 
2600000,240.88931068269088 
2610000,232.45683522440794 
2620000,238.21214035957746 
2630000,238.1595924966636 
2640000,235.27692823638975 
2650000,231.95493739651334 
2660000,233.13464457957824 
2670000,234.1917663446354 
2680000,235.43277122996972 
2690000,234.89197459724122 
2700000,230.6383688645749 
2710000,235.74947476657638 
2720000,233.70916801182 
2730000,234.69464493904368 
2740000,233.7148848004495 
2750000,233.26668323043924 
2760000,234.33407606517656 
2770000,235.54590382866576 
2780000,236.60331584011237 
2790000,230.55503261259534 
2800000,236.14451962830208 
2810000,233.07164988854262 
2820000,237.3082980577874 
2830000,229.98096305249885 
2840000,234.62180692757013 
2850000,237.85252428659405 
2860000,238.85196808057634 
2870000,235.96009828965254 
2880000,234.89982923645186 
2890000,236.40769387586587 
2900000,235.01537316682987 
2910000,239.18099717767785 
2920000,236.98329549343114 
2930000,238.92745736616388 
2940000,236.1988906192546 
2950000,237.1209451424467 
2960000,237.95201697191348 
2970000,235.2131340660421 
2980000,238.9296846599249 
2990000,238.0640442060757 
3000000,234.40358376354183 
3010000,237.934602526563 
3020000,236.4010217461977 
3030000,235.69451549351706 
3040000,238.5921793782468 
3050000,238.20604567041354 
3060000,236.53531727928953 
3070000,234.6231808679422 
3080000,237.29704307303706 
3090000,237.11748917852114 
3100000,236.21645104683012 
3110000,237.93332971031538 
3120000,235.8137306615442 
3130000,233.3067270137286 
3140000,231.14240826615082 
3150000,233.67850243454464 
3160000,237.71031277011556 
3170000,238.8614528710827 
3180000,238.4359623456278 
3190000,235.67839938664957 
3200000,236.93432469195125 
3210000,234.08592679266064 
3220000,235.95821997932572 
3230000,234.11648370431539 
3240000,236.48545144403076 
3250000,233.7895725902493 
3260000,233.310795573047 
3270000,237.72730650099066 
3280000,234.84376386741494 
3290000,234.2299858040252 
3300000,237.83897821534512 
3310000,236.60185958373302 
3320000,230.56437779225348 
3330000,238.34935054373003 
3340000,234.41528545285007 
3350000,238.88732877823932 
3360000,238.7350845345445 
3370000,237.06273610586268 
3380000,233.91696836578168 
3390000,239.16987252901635 
3400000,235.37608187048795 
3410000,233.83956792514945 
3420000,231.65853961012755 
3430000,234.81510979591548 
3440000,232.09898219866162 
3450000,235.3453736414716 
3460000,235.12333971406576 
3470000,230.74361482269924 
3480000,232.48906875610777 
3490000,235.96308633160336 
3500000,236.6080933136812 
3510000,232.37631431480543 
3520000,234.74833799818697 
3530000,238.00165631513647 
3540000,234.01874231714723 
3550000,235.29132615194052 
3560000,234.7882072468726 
3570000,233.58790012510804 
3580000,237.0022098799287 
3590000,237.0415656556777 
3600000,236.27741955718412 
3610000,235.14142214225328 
3620000,237.4069192214869 
3630000,233.29184209330597 
3640000,238.4627081065293 
3650000,236.51560323954655 
3660000,235.5730551110563 
3670000,234.73245407216783 
3680000,236.3574769120674 
3690000,235.251974957208 
3700000,235.04053888627226 
3710000,234.83516511293084 
3720000,233.58420360508148 
3730000,234.47925807806394 
3740000,232.94703646720313 
3750000,234.71389771376255 
3760000,233.25163457065074 
3770000,238.36131526749168 
3780000,241.49556358625085 
3790000,238.04353322922552 
3800000,233.51917311903927 
3810000,233.62860170129082 
3820000,238.15695077056583 
3830000,235.82923418486925 
3840000,234.8593933475126 
3850000,233.48067526193347 
3860000,230.42621996931942 
3870000,238.11324630999397 
3880000,233.1201257150011 
3890000,236.47604446063357 
3900000,234.41356961681066 
3910000,234.77447386730313 
3920000,236.35363709527795 
3930000,231.1082937082622 
3940000,232.36075486257678 
3950000,236.76190315253555 
3960000,232.74872921230835 
3970000,234.42102675641127 
3980000,239.4838176964926 
3990000,236.69899978729038 
4000000,232.73020027295507 
