10000,-81.79317474365234 
20000,-71.3302001953125 
930000,-46.396663665771484 
30000,-74.6378402709961 
40000,-71.018310546875 
940000,-60.19395065307617 
50000,-75.0879135131836 
60000,-70.1816635131836 
950000,-41.866912841796875 
70000,-63.158241271972656 
80000,-77.22677612304688 
960000,-45.95491027832031 
90000,-70.48314666748047 
100000,-69.40312194824219 
970000,-45.97043991088867 
110000,-69.25263214111328 
120000,-68.93528747558594 
130000,-66.20468139648438 
980000,-48.07896041870117 
140000,-70.58108520507812 
150000,-66.9684829711914 
990000,-39.57633972167969 
160000,-66.87625885009766 
170000,-66.96854400634766 
1000000,-51.138431549072266 
180000,-67.04574584960938 
190000,-68.52005004882812 
1010000,-52.608699798583984 
200000,-70.01664733886719 
210000,-73.6299057006836 
1020000,-25.59612464904785 
220000,-64.82028198242188 
230000,-66.70297241210938 
1030000,-49.7158317565918 
240000,-64.24064636230469 
250000,-71.28535461425781 
1040000,-46.1535758972168 
260000,-70.6888198852539 
270000,-57.31694030761719 
1050000,-40.85676574707031 
280000,-72.3993148803711 
290000,-67.7034683227539 
1060000,-43.576568603515625 
300000,-72.08779907226562 
310000,-63.418243408203125 
1070000,-47.39385223388672 
320000,-65.96826934814453 
330000,-69.12291717529297 
1080000,-37.458248138427734 
340000,-67.22613525390625 
350000,-66.1480484008789 
1090000,-56.06072235107422 
360000,-67.06846618652344 
370000,-67.59111022949219 
1100000,-40.7123908996582 
380000,-63.95680236816406 
390000,-65.92581176757812 
1110000,-34.91179656982422 
400000,-62.0775260925293 
410000,-64.91312408447266 
1120000,-29.465715408325195 
420000,-70.91229248046875 
430000,-65.41104125976562 
1130000,-28.353689193725586 
440000,-63.98934555053711 
450000,-64.90567016601562 
1140000,-34.254608154296875 
460000,-65.29827880859375 
1150000,-35.089717864990234 
470000,-60.50352096557617 
480000,-65.63592529296875 
1160000,-58.05428695678711 
490000,-68.3095703125 
500000,-62.043758392333984 
1170000,-36.575401306152344 
510000,-63.924034118652344 
1180000,-26.960588455200195 
520000,-63.8505859375 
530000,-63.187049865722656 
1190000,-34.09663391113281 
540000,-62.634063720703125 
550000,-63.604618072509766 
1200000,-30.759790420532227 
560000,-57.822940826416016 
1210000,-24.438634872436523 
570000,-53.63405227661133 
580000,-60.03691101074219 
1220000,-27.876270294189453 
590000,-66.14073944091797 
1230000,-17.858802795410156 
600000,-63.9765625 
610000,-63.136863708496094 
1240000,-35.127159118652344 
620000,-58.11033630371094 
1250000,-49.450897216796875 
630000,-62.958248138427734 
640000,-61.33417892456055 
1260000,-29.6546630859375 
650000,-57.4683837890625 
1270000,-48.43500518798828 
660000,-58.33973693847656 
670000,-61.827728271484375 
1280000,-33.47146224975586 
680000,-55.335182189941406 
1290000,-27.618732452392578 
690000,-58.5014533996582 
700000,-59.07780838012695 
1300000,-5.3569817543029785 
710000,-53.98807144165039 
1310000,-30.896282196044922 
720000,-55.22797775268555 
730000,-55.13896942138672 
1320000,-25.47653579711914 
740000,-54.77281188964844 
1330000,-22.4749698638916 
750000,-53.19599533081055 
1340000,-23.836469650268555 
760000,-57.26701736450195 
770000,-52.8152961730957 
1350000,-17.28634262084961 
780000,-54.459327697753906 
1360000,-37.23008346557617 
790000,-54.1435432434082 
1370000,-20.405227661132812 
800000,-55.58067321777344 
1380000,-37.3988037109375 
810000,-48.68878936767578 
820000,-51.752891540527344 
1390000,-12.979540824890137 
830000,-48.697288513183594 
1400000,-29.789087295532227 
840000,-51.52584457397461 
1410000,-33.057376861572266 
850000,-45.70112228393555 
1420000,-25.25680160522461 
860000,-50.78536605834961 
870000,-53.392704010009766 
1430000,-20.901594161987305 
880000,-44.584686279296875 
1440000,-37.0971565246582 
890000,-49.31962585449219 
1450000,-24.581378936767578 
900000,-43.0518913269043 
1460000,-41.788124084472656 
910000,-54.867942810058594 
1470000,-16.862485885620117 
920000,-42.613033294677734 
1480000,-18.538150787353516 
930000,-50.86146545410156 
1490000,-21.258869171142578 
940000,-51.750457763671875 
950000,-47.124900817871094 
1500000,-21.959321975708008 
960000,-47.31070327758789 
1510000,-42.084083557128906 
970000,-41.592411041259766 
1520000,-24.52149200439453 
980000,-38.7451057434082 
1530000,-16.33136558532715 
990000,-38.95095443725586 
1540000,-34.586124420166016 
1000000,-43.42359924316406 
1550000,-12.164156913757324 
1010000,-46.60975646972656 
1560000,-15.785680770874023 
1020000,-48.8254280090332 
1570000,-24.21491050720215 
1030000,-44.419044494628906 
1580000,-9.982605934143066 
1040000,-43.23538589477539 
1590000,-27.429977416992188 
1050000,-44.5283317565918 
1600000,-24.805099487304688 
1610000,-31.043363571166992 
1060000,-45.92607498168945 
1620000,-11.98568344116211 
1070000,-42.34713363647461 
1630000,-24.240419387817383 
1080000,-36.17103576660156 
1640000,-10.7103910446167 
1090000,-36.44756317138672 
1650000,-2.8436009883880615 
1100000,-43.480167388916016 
1660000,-9.214672088623047 
1110000,-43.3851203918457 
1670000,-12.186978340148926 
1120000,-42.59833908081055 
1680000,-23.817110061645508 
1130000,-41.037296295166016 
1690000,-3.215489387512207 
1140000,-44.069244384765625 
1700000,-15.041616439819336 
1150000,-46.1519775390625 
1710000,-3.0891659259796143 
1160000,-44.607322692871094 
1720000,-23.35124969482422 
1170000,-39.50411605834961 
1730000,10.1637544631958 
1180000,-38.97909164428711 
1740000,-11.514108657836914 
1190000,-38.662498474121094 
1750000,-10.328176498413086 
1200000,-32.30226135253906 
1760000,4.252071380615234 
1210000,-36.198753356933594 
1770000,-18.721057891845703 
1220000,-40.8111686706543 
1780000,-15.109993934631348 
1230000,-43.50113296508789 
1790000,-22.456748962402344 
1240000,-44.25385665893555 
1800000,-25.353618621826172 
1250000,-38.12142562866211 
1810000,-9.475541114807129 
1260000,-31.215986251831055 
1820000,5.274490833282471 
1270000,-48.36518859863281 
1830000,-1.741593599319458 
1840000,0.3219030797481537 
1280000,-44.46742248535156 
1850000,1.5812671184539795 
1290000,-41.266300201416016 
1860000,-3.102433443069458 
1300000,-42.58778762817383 
1870000,-29.9874324798584 
1310000,-43.71685028076172 
1880000,-9.17251968383789 
1320000,-41.08928298950195 
1890000,-19.33684730529785 
1330000,-47.16609191894531 
1900000,-20.18096351623535 
1340000,-47.236610412597656 
1910000,33.86936950683594 
1350000,-43.660560607910156 
1920000,8.849954605102539 
1360000,-47.83674240112305 
1930000,4.245872974395752 
1370000,-41.94801712036133 
1940000,-15.095013618469238 
1380000,-46.386146545410156 
1950000,28.843921661376953 
1390000,-40.23218536376953 
1960000,27.129173278808594 
1400000,-44.140995025634766 
1970000,-3.1831653118133545 
1980000,28.2786922454834 
1410000,-46.755699157714844 
1990000,29.55681800842285 
1420000,-45.97536087036133 
2000000,4.2494096755981445 
1430000,-47.686275482177734 
2010000,21.245328903198242 
1440000,-52.39336013793945 
2020000,19.827329635620117 
1450000,-50.902069091796875 
2030000,38.23042297363281 
1460000,-51.50282669067383 
2040000,22.821565628051758 
1470000,-54.43692398071289 
2050000,22.421377182006836 
1480000,-45.49797821044922 
2060000,16.59685516357422 
1490000,-47.949607849121094 
2070000,-0.09721923619508743 
1500000,-49.481937408447266 
2080000,0.020664062350988388 
2090000,23.1915225982666 
1510000,-49.863468170166016 
2100000,16.397001266479492 
1520000,-50.36832046508789 
2110000,20.213552474975586 
1530000,-49.369232177734375 
2120000,24.996389389038086 
1540000,-52.709808349609375 
2130000,9.057609558105469 
1550000,-45.33028793334961 
2140000,12.709895133972168 
1560000,-45.35672378540039 
2150000,10.506936073303223 
1570000,-54.00371170043945 
2160000,7.523288726806641 
1580000,-55.6935920715332 
2170000,8.623000144958496 
1590000,-52.10118103027344 
2180000,0.15482909977436066 
1600000,-47.88478469848633 
2190000,11.073680877685547 
1610000,-48.721839904785156 
2200000,29.722572326660156 
1620000,-48.60930633544922 
2210000,21.776988983154297 
1630000,-53.67044448852539 
2220000,24.68722152709961 
1640000,-52.78211975097656 
2230000,13.562217712402344 
1650000,-48.76653289794922 
2240000,21.938940048217773 
1660000,-51.54535675048828 
2250000,18.910240173339844 
1670000,-57.3492317199707 
2260000,-24.746932983398438 
1680000,-43.9384880065918 
2270000,53.51347351074219 
1690000,-56.342952728271484 
2280000,28.936752319335938 
2290000,9.969880104064941 
1700000,-51.556278228759766 
2300000,12.531729698181152 
1710000,-42.1476936340332 
2310000,38.857479095458984 
1720000,-51.53230285644531 
2320000,33.27452850341797 
1730000,-46.88692855834961 
2330000,23.944595336914062 
1740000,-47.94534683227539 
2340000,48.37522888183594 
1750000,-51.092529296875 
2350000,12.748147010803223 
1760000,-41.250118255615234 
2360000,5.7441558837890625 
1770000,-53.8249397277832 
2370000,41.22013854980469 
1780000,-47.90047836303711 
2380000,33.54810333251953 
1790000,-44.74666976928711 
2390000,39.99934005737305 
1800000,-47.062164306640625 
2400000,39.04887390136719 
1810000,-46.27351379394531 
2410000,49.41557312011719 
1820000,-50.014713287353516 
2420000,14.71169662475586 
1830000,-57.055782318115234 
2430000,31.196420669555664 
1840000,-54.453338623046875 
2440000,44.540611267089844 
1850000,-47.35728454589844 
2450000,33.93690872192383 
1860000,-50.84596633911133 
2460000,43.49883270263672 
1870000,-54.23322296142578 
2470000,64.32522583007812 
1880000,-49.72515106201172 
2480000,43.13080596923828 
1890000,-49.6940803527832 
2490000,63.735416412353516 
1900000,-45.34495162963867 
2500000,50.794551849365234 
1910000,-43.96269607543945 
2510000,19.317907333374023 
1920000,-45.230648040771484 
2520000,83.3464584350586 
1930000,-49.275482177734375 
2530000,51.0541877746582 
1940000,-51.303775787353516 
2540000,60.277767181396484 
1950000,-52.18037414550781 
2550000,44.88372039794922 
1960000,-52.030799865722656 
2560000,27.03896713256836 
1970000,-50.613868713378906 
2570000,38.52879333496094 
1980000,-45.11115646362305 
1990000,-41.23397445678711 
2580000,42.71235275268555 
2590000,53.904441833496094 
2000000,-45.37953186035156 
2600000,26.417394638061523 
2010000,-53.19144058227539 
2020000,-50.97481918334961 
2610000,61.84819030761719 
2030000,-40.90035629272461 
2620000,64.79290008544922 
2040000,-45.00733947753906 
2630000,44.55203628540039 
2640000,52.28230285644531 
2050000,-44.90682601928711 
2650000,86.2111587524414 
2060000,-49.019779205322266 
2660000,50.73428726196289 
2070000,-46.990089416503906 
2670000,43.37480545043945 
2080000,-47.963409423828125 
2680000,62.731231689453125 
2090000,-45.110538482666016 
2690000,50.963233947753906 
2100000,-44.56874084472656 
2700000,57.637939453125 
2110000,-39.7786979675293 
2710000,80.8250961303711 
2120000,-55.321319580078125 
2720000,58.64714431762695 
2130000,-45.7684326171875 
2730000,66.19241333007812 
2140000,-44.40354919433594 
2740000,65.09192657470703 
2150000,-51.48149108886719 
2750000,38.04779815673828 
2160000,-47.755802154541016 
2760000,72.497802734375 
2170000,-45.999481201171875 
2770000,65.82486724853516 
2180000,-45.424739837646484 
2780000,81.37291717529297 
2190000,-48.188167572021484 
2790000,75.04243469238281 
2200000,-48.684486389160156 
2800000,65.45316314697266 
2210000,-40.68974304199219 
2810000,59.104976654052734 
2220000,-45.03742599487305 
2820000,76.80087280273438 
2230000,-47.08229446411133 
2830000,54.20567321777344 
2240000,-48.33159637451172 
2840000,67.3408203125 
2250000,-44.19850158691406 
2850000,100.559814453125 
2260000,-38.57177734375 
2860000,55.93876647949219 
2270000,-50.941871643066406 
2870000,63.3929557800293 
2280000,-42.29267883300781 
2880000,68.03120422363281 
2290000,-47.07809066772461 
2890000,93.54339599609375 
2300000,-40.919639587402344 
2900000,66.6329574584961 
2910000,60.1313362121582 
2310000,-47.65801239013672 
2920000,91.661865234375 
2320000,-45.60493087768555 
2930000,69.9041519165039 
2330000,-42.815433502197266 
2940000,53.878658294677734 
2340000,-46.675079345703125 
2950000,73.84820556640625 
2350000,-42.24232482910156 
2960000,82.02649688720703 
2360000,-47.01178741455078 
2970000,68.63592529296875 
2370000,-35.591487884521484 
2980000,116.40172576904297 
2380000,-40.774112701416016 
2990000,105.61831665039062 
2390000,-42.574249267578125 
3000000,81.93653106689453 
2400000,-44.6754035949707 
3010000,84.79663848876953 
2410000,-46.85626983642578 
3020000,75.2134780883789 
3030000,93.19258117675781 
2420000,-46.200958251953125 
3040000,98.69158172607422 
2430000,-41.885902404785156 
3050000,97.67605590820312 
2440000,-49.018775939941406 
3060000,93.61088562011719 
2450000,-43.087913513183594 
3070000,99.92585754394531 
2460000,-41.73521041870117 
3080000,95.8388900756836 
2470000,-54.85251998901367 
3090000,91.86419677734375 
3100000,69.99551391601562 
2480000,-36.26970291137695 
3110000,62.4406852722168 
2490000,-47.75592803955078 
3120000,96.01885986328125 
2500000,-40.05436706542969 
3130000,92.95145416259766 
2510000,-44.637901306152344 
3140000,110.79820251464844 
2520000,-50.174339294433594 
3150000,90.3237075805664 
2530000,-46.2786750793457 
3160000,103.11349487304688 
2540000,-43.50714874267578 
3170000,78.21258544921875 
2550000,-44.86049270629883 
3180000,94.89502716064453 
2560000,-40.874671936035156 
3190000,59.98040008544922 
2570000,-37.163795471191406 
3200000,78.6614761352539 
2580000,-40.72869873046875 
3210000,64.58077239990234 
2590000,-44.96534729003906 
3220000,88.53145599365234 
2600000,-43.62397384643555 
3230000,103.8006362915039 
2610000,-39.992618560791016 
3240000,86.63440704345703 
2620000,-45.171730041503906 
3250000,104.00792694091797 
3260000,61.62360382080078 
2630000,-40.00384521484375 
3270000,63.1871337890625 
2640000,-36.31557083129883 
3280000,102.59967803955078 
2650000,-46.9439582824707 
3290000,72.77307891845703 
2660000,-27.34505844116211 
2670000,-32.77925109863281 
3300000,75.6827163696289 
2680000,-37.53823471069336 
3310000,122.13642883300781 
2690000,-39.07463073730469 
3320000,82.53309631347656 
2700000,-30.94515609741211 
3330000,55.271217346191406 
2710000,-39.377296447753906 
3340000,102.3339614868164 
2720000,-31.672060012817383 
3350000,93.13618469238281 
2730000,-38.20958709716797 
3360000,132.44219970703125 
2740000,-42.02188491821289 
3370000,118.23680877685547 
2750000,-32.474884033203125 
3380000,118.1944808959961 
2760000,-44.0124626159668 
3390000,81.82107543945312 
2770000,-37.41584777832031 
3400000,98.78192138671875 
2780000,-42.662044525146484 
3410000,102.57504272460938 
2790000,-33.26652526855469 
3420000,101.29876708984375 
2800000,-36.11274719238281 
3430000,98.90290069580078 
2810000,-37.051517486572266 
3440000,87.16556549072266 
2820000,-38.65717315673828 
3450000,111.08416748046875 
2830000,-31.903217315673828 
3460000,95.42805480957031 
2840000,-45.64662170410156 
3470000,99.73928833007812 
2850000,-38.759029388427734 
3480000,93.81863403320312 
2860000,-37.46677017211914 
2870000,-34.90999984741211 
3490000,114.548828125 
2880000,-41.6865119934082 
3500000,125.65100860595703 
2890000,-43.9304084777832 
3510000,90.65349578857422 
2900000,-40.83523941040039 
3520000,89.72561645507812 
2910000,-28.00390625 
3530000,117.7525405883789 
2920000,-40.220638275146484 
3540000,146.2333526611328 
2930000,-34.884674072265625 
3550000,154.35446166992188 
2940000,-35.330196380615234 
3560000,122.05874633789062 
2950000,-39.42317199707031 
3570000,100.84222412109375 
2960000,-37.29087829589844 
3580000,124.765869140625 
2970000,-40.07405090332031 
3590000,131.70094299316406 
2980000,-34.82587814331055 
3600000,94.52388763427734 
2990000,-31.10757827758789 
3610000,143.16685485839844 
3000000,-35.225650787353516 
3620000,140.47793579101562 
3010000,-35.05607604980469 
3630000,130.56292724609375 
3020000,-37.13413619995117 
3640000,155.33282470703125 
3030000,-33.28984451293945 
3650000,135.17681884765625 
3040000,-42.92121505737305 
3660000,135.81666564941406 
3050000,-40.035823822021484 
3670000,136.41192626953125 
3060000,-37.08366012573242 
3680000,103.07215118408203 
3070000,-37.30730056762695 
3690000,130.03836059570312 
3080000,-35.72705841064453 
3700000,106.73845672607422 
3090000,-39.018577575683594 
3710000,124.5614242553711 
3100000,-41.1616325378418 
3720000,110.06798553466797 
3110000,-46.33502960205078 
3730000,121.8406753540039 
3120000,-34.625240325927734 
3740000,91.61031341552734 
3130000,-48.883419036865234 
3750000,78.0731201171875 
3140000,-42.624046325683594 
3760000,81.78549194335938 
3150000,-31.846498489379883 
3770000,93.16954803466797 
3160000,-29.496631622314453 
3780000,74.01949310302734 
3170000,-42.1341552734375 
3790000,98.84262084960938 
3180000,-43.022987365722656 
3800000,87.40950012207031 
3190000,-45.78746032714844 
3810000,40.07061004638672 
3200000,-51.16814422607422 
3820000,93.94055938720703 
3210000,-27.888166427612305 
3830000,82.74246215820312 
3220000,-40.15153503417969 
3840000,86.69799041748047 
3230000,-39.990501403808594 
3850000,77.01514434814453 
3240000,-38.522708892822266 
3860000,74.97924041748047 
3250000,-42.286590576171875 
3870000,88.65235137939453 
3260000,-29.99978256225586 
3880000,75.09098815917969 
3270000,-43.01255798339844 
3890000,51.023101806640625 
3280000,-41.142250061035156 
3900000,77.8031997680664 
3290000,-32.89780807495117 
3910000,91.07308959960938 
3300000,-32.007049560546875 
3920000,93.71233367919922 
3930000,63.460662841796875 
3310000,-46.50856018066406 
3940000,90.98949432373047 
3320000,-36.562503814697266 
3950000,92.07862091064453 
3330000,-39.60725402832031 
3960000,97.34545135498047 
3340000,-36.712162017822266 
3970000,95.77869415283203 
3350000,-38.817752838134766 
3980000,103.3582534790039 
3360000,-34.10450744628906 
3990000,94.53860473632812 
3370000,-38.22221374511719 
4000000,86.760986328125 
3380000,-34.24501037597656 
4010000,107.4660873413086 
3390000,-44.97759246826172 
4020000,94.59842681884766 
3400000,-40.659568786621094 
4030000,81.07168579101562 
3410000,-38.90008544921875 
4040000,72.39722442626953 
3420000,-47.783409118652344 
4050000,98.68482208251953 
3430000,-41.00421905517578 
4060000,87.31759643554688 
3440000,-33.75080490112305 
4070000,83.6015853881836 
3450000,-40.165504455566406 
4080000,125.7657241821289 
4090000,102.68225860595703 
3460000,-36.10515213012695 
4100000,121.19729614257812 
3470000,-34.76777267456055 
4110000,118.16705322265625 
3480000,-32.63335037231445 
4120000,127.05011749267578 
3490000,-33.79004669189453 
4130000,122.75444030761719 
3500000,-39.710655212402344 
4140000,106.66783905029297 
3510000,-34.06801986694336 
4150000,125.81382751464844 
3520000,-34.83049011230469 
4160000,124.35570526123047 
3530000,-37.47198486328125 
4170000,103.68616485595703 
3540000,-42.97700119018555 
4180000,83.28579711914062 
3550000,-32.978004455566406 
4190000,105.00004577636719 
3560000,-32.838504791259766 
4200000,105.89851379394531 
3570000,-27.514314651489258 
4210000,122.70304870605469 
3580000,-35.58912658691406 
4220000,90.7594985961914 
3590000,-34.995277404785156 
4230000,107.28083038330078 
3600000,-42.44654846191406 
4240000,84.00243377685547 
3610000,-41.811058044433594 
4250000,90.0724868774414 
3620000,-36.521209716796875 
4260000,118.2487564086914 
3630000,-38.976139068603516 
4270000,88.64839935302734 
3640000,-37.79487228393555 
4280000,123.6832504272461 
3650000,-34.79243087768555 
4290000,107.1110610961914 
3660000,-34.639137268066406 
4300000,99.79679870605469 
3670000,-31.06279754638672 
4310000,95.34078979492188 
3680000,-28.412931442260742 
4320000,119.19781494140625 
3690000,-34.863372802734375 
4330000,92.15402221679688 
3700000,-33.133216857910156 
4340000,95.43840789794922 
3710000,-37.122833251953125 
4350000,105.13949584960938 
3720000,-40.40044021606445 
4360000,97.40119934082031 
3730000,-30.255922317504883 
4370000,70.00180053710938 
3740000,-40.3209342956543 
4380000,74.212158203125 
3750000,-23.135725021362305 
4390000,84.3850326538086 
3760000,-31.056386947631836 
4400000,99.36310577392578 
3770000,-30.524927139282227 
4410000,53.96535110473633 
3780000,-34.27124786376953 
4420000,67.77550506591797 
3790000,-39.19239044189453 
4430000,92.413818359375 
3800000,-31.321636199951172 
4440000,88.44834899902344 
3810000,-38.72914505004883 
4450000,86.1825942993164 
3820000,-33.510215759277344 
4460000,85.63587951660156 
3830000,-41.47516632080078 
4470000,70.17511749267578 
3840000,-24.36154556274414 
4480000,93.86146545410156 
3850000,-31.576704025268555 
4490000,71.2992935180664 
3860000,-36.519962310791016 
4500000,89.9542007446289 
3870000,-24.742734909057617 
4510000,75.13363647460938 
3880000,-31.147167205810547 
4520000,78.73796081542969 
3890000,-27.01620101928711 
4530000,94.64157104492188 
3900000,-28.037841796875 
4540000,85.95797729492188 
3910000,-21.357797622680664 
4550000,97.68682861328125 
3920000,-25.821300506591797 
3930000,-24.972333908081055 
4560000,74.40503692626953 
3940000,-32.887332916259766 
4570000,91.89495849609375 
3950000,-24.201282501220703 
4580000,66.15379333496094 
3960000,-22.590782165527344 
4590000,82.43164825439453 
3970000,-24.87350082397461 
4600000,68.46900177001953 
3980000,-19.88741111755371 
4610000,95.21746826171875 
3990000,-25.874122619628906 
4620000,92.62763977050781 
4000000,-20.141342163085938 
4630000,75.94042205810547 
4010000,-23.893104553222656 
4640000,82.33834838867188 
4020000,-30.29775619506836 
4650000,97.6874008178711 
4030000,-29.94272232055664 
4660000,66.12329864501953 
4040000,-17.46695327758789 
4670000,118.71627044677734 
4050000,-16.183765411376953 
4680000,81.24376678466797 
4060000,-22.97542953491211 
4690000,118.74909973144531 
4070000,-18.131210327148438 
4700000,72.90548706054688 
4080000,-26.749988555908203 
4710000,100.01101684570312 
4090000,-19.39410400390625 
4720000,85.03201293945312 
4100000,-14.935651779174805 
4730000,73.86627197265625 
4110000,-15.627458572387695 
4740000,113.34831237792969 
4120000,-17.309307098388672 
4750000,115.38906860351562 
4130000,-27.183347702026367 
4760000,95.19625091552734 
4140000,-12.821171760559082 
4770000,90.80701446533203 
4150000,-28.687301635742188 
4780000,141.6180877685547 
4160000,-23.37506675720215 
4790000,97.98291015625 
4170000,-10.95743179321289 
4800000,95.42581176757812 
4180000,-31.977638244628906 
4810000,95.72705078125 
4190000,-17.399974822998047 
4820000,119.8143081665039 
4830000,131.57785034179688 
4200000,-19.338462829589844 
4840000,96.985595703125 
4210000,-32.10871505737305 
4850000,123.25332641601562 
4220000,-24.09200668334961 
4860000,90.4081802368164 
4230000,-19.058629989624023 
4870000,124.61752319335938 
4240000,-17.613862991333008 
4880000,95.2328872680664 
4250000,-22.288328170776367 
4890000,110.75177764892578 
4260000,-29.254377365112305 
4900000,140.60752868652344 
4270000,-25.949243545532227 
4910000,113.7172622680664 
4280000,-17.956632614135742 
4920000,92.93519592285156 
4290000,-27.485187530517578 
4930000,108.61188507080078 
4300000,-36.91966247558594 
4940000,116.140869140625 
4310000,-16.069541931152344 
4950000,111.5346450805664 
4320000,-30.736318588256836 
4960000,108.09239196777344 
4330000,-19.58385467529297 
4970000,61.813480377197266 
4340000,-27.916858673095703 
4980000,91.96659088134766 
4350000,-14.56416130065918 
4990000,75.70256042480469 
4360000,-20.67322540283203 
5000000,78.17952728271484 
5010000,97.0443344116211 
4370000,-28.748428344726562 
5020000,78.51396179199219 
4380000,-23.05325698852539 
5030000,63.39910125732422 
4390000,-27.478313446044922 
5040000,74.22858428955078 
4400000,-20.296466827392578 
5050000,49.853294372558594 
4410000,-22.147249221801758 
5060000,79.7771224975586 
4420000,-19.192615509033203 
5070000,40.7857780456543 
4430000,-30.12664031982422 
5080000,44.30533218383789 
4440000,-27.971534729003906 
5090000,35.266944885253906 
4450000,-23.756641387939453 
5100000,20.3292293548584 
4460000,-20.088071823120117 
5110000,53.81208419799805 
4470000,-18.489879608154297 
5120000,48.868778228759766 
4480000,-18.588356018066406 
5130000,4.575435638427734 
4490000,-21.371816635131836 
5140000,56.82411193847656 
4500000,-8.52314281463623 
5150000,39.54375076293945 
4510000,-18.769800186157227 
5160000,32.46736145019531 
5170000,28.858192443847656 
4520000,-29.114660263061523 
5180000,57.603580474853516 
4530000,-21.79961395263672 
5190000,29.923917770385742 
4540000,-23.576820373535156 
5200000,77.3481216430664 
4550000,-16.578330993652344 
5210000,100.59605407714844 
4560000,-25.9677677154541 
5220000,68.46198272705078 
4570000,-18.8642635345459 
5230000,67.25232696533203 
4580000,-18.765031814575195 
5240000,88.03572082519531 
4590000,-20.649824142456055 
5250000,87.44297790527344 
4600000,-18.089643478393555 
5260000,112.00996398925781 
4610000,-21.609891891479492 
5270000,47.23392105102539 
4620000,-20.036195755004883 
5280000,30.329851150512695 
4630000,-24.658447265625 
5290000,77.20344543457031 
4640000,-8.837693214416504 
5300000,67.09651184082031 
4650000,-18.65472412109375 
5310000,47.62653732299805 
4660000,-27.883817672729492 
5320000,80.32257080078125 
4670000,-20.6752986907959 
5330000,58.11551284790039 
4680000,-22.666017532348633 
5340000,84.29510498046875 
4690000,-30.865074157714844 
5350000,72.09614562988281 
4700000,-27.382404327392578 
5360000,63.75022888183594 
4710000,-22.37476348876953 
5370000,46.170406341552734 
4720000,-8.810442924499512 
5380000,74.37716674804688 
4730000,-20.874530792236328 
5390000,63.51374053955078 
4740000,-12.911075592041016 
5400000,49.376102447509766 
4750000,-9.544073104858398 
5410000,78.4952163696289 
4760000,-8.33541202545166 
5420000,75.92657470703125 
4770000,-14.676288604736328 
5430000,76.35871887207031 
4780000,-20.548200607299805 
5440000,97.42631530761719 
4790000,-3.662163019180298 
5450000,78.8990249633789 
4800000,-13.474230766296387 
5460000,56.611473083496094 
4810000,-22.304567337036133 
5470000,47.37655258178711 
4820000,-23.2885684967041 
5480000,34.212127685546875 
4830000,-9.118590354919434 
5490000,22.39627456665039 
4840000,-19.110864639282227 
5500000,-3.4469153881073 
4850000,-17.065521240234375 
5510000,52.51914978027344 
4860000,-23.53530502319336 
5520000,54.85441589355469 
4870000,-19.417734146118164 
4880000,-14.784521102905273 
5530000,57.426815032958984 
4890000,-20.486825942993164 
5540000,40.4462776184082 
4900000,-27.706401824951172 
5550000,41.814857482910156 
4910000,-28.473176956176758 
5560000,57.72203063964844 
4920000,-17.698884963989258 
5570000,38.92508316040039 
4930000,-17.853084564208984 
5580000,57.892967224121094 
4940000,-33.10334777832031 
5590000,26.56304168701172 
4950000,-29.59152603149414 
5600000,49.55467224121094 
4960000,-14.18423080444336 
5610000,35.23675537109375 
4970000,-22.929676055908203 
5620000,42.963783264160156 
4980000,-21.90765953063965 
5630000,40.148311614990234 
4990000,-24.320466995239258 
5640000,49.816776275634766 
5000000,-22.983959197998047 
5650000,3.3562097549438477 
5010000,-12.170559883117676 
5660000,47.8375358581543 
5020000,-19.26634979248047 
5670000,39.8513069152832 
5030000,-23.250749588012695 
5680000,40.022300720214844 
5040000,-28.6561222076416 
5690000,2.68768310546875 
5050000,-24.374988555908203 
5700000,29.176156997680664 
5060000,-19.855186462402344 
5710000,30.48004722595215 
5070000,-28.44342041015625 
5720000,20.151220321655273 
5080000,-20.65057945251465 
5730000,33.116268157958984 
5090000,-28.299428939819336 
5740000,57.0733528137207 
5100000,-25.337169647216797 
5750000,41.574764251708984 
5110000,-30.136425018310547 
5760000,48.942779541015625 
5120000,-22.041257858276367 
5770000,44.55670928955078 
5130000,-20.715906143188477 
5780000,59.882415771484375 
5140000,-27.60580062866211 
5790000,72.82461547851562 
5150000,-25.648635864257812 
5800000,58.30415344238281 
5160000,-22.467121124267578 
5810000,44.252784729003906 
5170000,-30.471940994262695 
5820000,82.67369842529297 
5830000,64.3158950805664 
5180000,-24.842687606811523 
5840000,76.31776428222656 
5190000,-32.48628234863281 
5850000,61.469852447509766 
5200000,-25.824750900268555 
5860000,98.45794677734375 
5210000,-15.511762619018555 
5870000,71.19445037841797 
5220000,-18.54732894897461 
5880000,76.14722442626953 
5230000,-22.601099014282227 
5890000,85.83676147460938 
5240000,-13.849570274353027 
5900000,67.52659606933594 
5250000,-16.381155014038086 
5910000,79.03816223144531 
5260000,-23.784936904907227 
5920000,73.80774688720703 
5270000,-18.4758358001709 
5930000,86.9377212524414 
5280000,-18.854360580444336 
5940000,84.72122192382812 
5290000,-18.8084774017334 
5950000,86.05386352539062 
5300000,-26.712848663330078 
5960000,84.6807632446289 
5310000,-18.556631088256836 
5970000,80.1086654663086 
5320000,-15.605940818786621 
5980000,97.51136016845703 
5330000,-19.084177017211914 
5990000,81.31371307373047 
5340000,-21.207109451293945 
6000000,79.65665435791016 
5350000,-24.035144805908203 
6010000,95.32878875732422 
6020000,117.7275161743164 
5360000,-19.111539840698242 
6030000,84.62971496582031 
5370000,-25.765554428100586 
6040000,82.82185363769531 
5380000,-27.454591751098633 
6050000,106.3737564086914 
5390000,-26.753494262695312 
6060000,87.44757843017578 
5400000,-24.711488723754883 
6070000,86.38843536376953 
5410000,-28.074811935424805 
6080000,59.30240249633789 
5420000,-29.959482192993164 
6090000,60.96247863769531 
5430000,-39.68731689453125 
6100000,80.79585266113281 
5440000,-30.46871566772461 
6110000,106.18460083007812 
5450000,-24.403135299682617 
6120000,93.75853729248047 
5460000,-33.50004959106445 
6130000,56.106163024902344 
5470000,-23.352582931518555 
6140000,45.869293212890625 
6150000,44.512691497802734 
5480000,-31.90656280517578 
6160000,22.26038360595703 
5490000,-35.972049713134766 
6170000,43.90129470825195 
5500000,-23.665361404418945 
6180000,21.76483726501465 
5510000,-25.0836124420166 
6190000,91.06580352783203 
5520000,-23.82712173461914 
6200000,46.308799743652344 
5530000,-27.44988250732422 
6210000,48.710487365722656 
5540000,-35.618797302246094 
6220000,61.8170166015625 
5550000,-17.75299835205078 
6230000,-8.119470596313477 
5560000,-17.701801300048828 
6240000,39.91490936279297 
5570000,-25.580270767211914 
6250000,-3.3644609451293945 
5580000,-22.714677810668945 
6260000,-2.694161891937256 
5590000,-32.419273376464844 
6270000,-3.604872465133667 
5600000,-25.411846160888672 
6280000,7.806276321411133 
5610000,-26.234731674194336 
6290000,-12.420266151428223 
5620000,-27.891687393188477 
6300000,1.0858465433120728 
5630000,-12.087211608886719 
6310000,-27.919410705566406 
5640000,-1.1207072734832764 
6320000,17.19607925415039 
5650000,-32.770206451416016 
6330000,4.501556873321533 
5660000,-25.80282974243164 
6340000,13.055089950561523 
5670000,-12.9580717086792 
6350000,25.633893966674805 
5680000,-25.41708755493164 
6360000,21.544300079345703 
5690000,-24.442276000976562 
6370000,39.920082092285156 
5700000,-19.213449478149414 
6380000,10.018322944641113 
5710000,-17.669313430786133 
6390000,8.550619125366211 
5720000,-27.056251525878906 
6400000,3.5738706588745117 
5730000,-19.610380172729492 
6410000,42.51960372924805 
5740000,-12.174517631530762 
6420000,45.98073196411133 
5750000,-17.44894790649414 
6430000,55.618408203125 
5760000,-19.016311645507812 
6440000,70.36725616455078 
5770000,-18.9356689453125 
6450000,49.4873046875 
6460000,37.843597412109375 
6470000,34.63302993774414 
6480000,34.33436965942383 
6490000,62.866973876953125 
6500000,63.440467834472656 
6510000,68.76360321044922 
6520000,64.70101928710938 
6530000,30.461816787719727 
6540000,81.76239013671875 
6550000,80.82781982421875 
6560000,100.06887817382812 
6570000,101.06218719482422 
6580000,63.51701736450195 
6590000,64.877197265625 
6600000,110.11984252929688 
6610000,89.82476806640625 
6620000,120.4393081665039 
6630000,125.80388641357422 
6640000,122.33377075195312 
6650000,92.11492919921875 
6660000,93.29774475097656 
6670000,100.04833984375 
6680000,97.4655532836914 
6690000,118.25376892089844 
6700000,103.91858673095703 
6710000,140.8631134033203 
6720000,114.6098403930664 
6730000,132.1051788330078 
6740000,119.45829010009766 
6750000,112.26200103759766 
6760000,114.9406967163086 
6770000,92.40419006347656 
6780000,82.13475799560547 
6790000,98.20740509033203 
6800000,115.6769790649414 
6810000,109.40775299072266 
6820000,72.78569793701172 
6830000,132.76361083984375 
6840000,123.74727630615234 
6850000,68.5730972290039 
6860000,89.66531372070312 
6870000,85.66854858398438 
6880000,35.32957458496094 
6890000,68.2210464477539 
6900000,79.4482192993164 
6910000,42.574119567871094 
6920000,34.348045349121094 
6930000,60.412357330322266 
6940000,36.91721725463867 
6950000,43.71623229980469 
6960000,12.13003158569336 
6970000,19.389745712280273 
6980000,33.80009841918945 
6990000,5.001727104187012 
7000000,36.39000701904297 
7010000,-6.090369701385498 
7020000,30.545513153076172 
7030000,12.152295112609863 
7040000,32.341766357421875 
7050000,40.42006301879883 
7060000,39.390785217285156 
7070000,45.661808013916016 
7080000,25.25582504272461 
7090000,57.14076232910156 
7100000,50.54731750488281 
7110000,69.4473648071289 
7120000,54.93614196777344 
7130000,73.76189422607422 
7140000,65.11255645751953 
7150000,96.9897689819336 
7160000,42.628387451171875 
7170000,75.7613296508789 
7180000,77.46660614013672 
7190000,92.01416015625 
7200000,82.33903503417969 
7210000,94.01876831054688 
7220000,110.04906463623047 
7230000,145.09091186523438 
7240000,119.1021957397461 
7250000,120.62777709960938 
7260000,82.00558471679688 
7270000,100.34794616699219 
7280000,119.96331787109375 
7290000,98.5926742553711 
7300000,107.42710876464844 
7310000,124.08527374267578 
7320000,89.8027114868164 
7330000,105.66441345214844 
7340000,109.90081787109375 
7350000,92.49689483642578 
7360000,118.40314483642578 
7370000,124.41783142089844 
7380000,124.04032897949219 
7390000,129.20574951171875 
7400000,124.55130767822266 
7410000,140.8311004638672 
7420000,132.89682006835938 
7430000,110.19821166992188 
7440000,125.6071548461914 
7450000,121.30488586425781 
7460000,123.42703247070312 
7470000,132.56129455566406 
7480000,133.58465576171875 
7490000,179.83908081054688 
7500000,138.407470703125 
7510000,82.36953735351562 
7520000,106.05262756347656 
7530000,106.45834350585938 
7540000,97.54403686523438 
7550000,85.58216094970703 
7560000,65.72358703613281 
7570000,75.37591552734375 
7580000,93.6278305053711 
7590000,104.39879608154297 
7600000,78.33423614501953 
7610000,83.39535522460938 
7620000,94.54862213134766 
7630000,85.20195007324219 
7640000,71.11019897460938 
7650000,91.52918243408203 
7660000,82.2555923461914 
7670000,101.4081039428711 
7680000,99.18557739257812 
7690000,108.75334167480469 
7700000,98.47472381591797 
7710000,41.6010856628418 
7720000,92.5206069946289 
7730000,84.32069396972656 
7740000,51.26445388793945 
7750000,96.951904296875 
7760000,88.14215850830078 
7770000,77.12789916992188 
7780000,83.43464660644531 
7790000,84.7945327758789 
7800000,83.72590637207031 
7810000,87.98298645019531 
7820000,79.10291290283203 
7830000,98.49209594726562 
7840000,80.85131072998047 
7850000,115.18956756591797 
7860000,118.29237365722656 
7870000,101.88501739501953 
7880000,106.01092529296875 
7890000,138.54312133789062 
7900000,86.9408187866211 
7910000,107.95008850097656 
7920000,99.21383666992188 
7930000,136.07342529296875 
7940000,106.66057586669922 
7950000,128.51602172851562 
7960000,112.13836669921875 
7970000,120.6322250366211 
7980000,124.4293441772461 
7990000,118.79286193847656 
8000000,123.32899475097656 
8010000,115.25801086425781 
8020000,114.23542022705078 
8030000,125.56631469726562 
8040000,82.73566436767578 
8050000,111.19189453125 
8060000,113.14191436767578 
8070000,105.10662841796875 
8080000,126.7426986694336 
8090000,109.34440612792969 
8100000,155.39634704589844 
8110000,139.68231201171875 
8120000,115.60696411132812 
8130000,131.0746307373047 
8140000,118.39810180664062 
8150000,137.90701293945312 
8160000,126.95126342773438 
8170000,103.47789764404297 
8180000,133.58375549316406 
8190000,110.75879669189453 
8200000,185.4169158935547 
8210000,122.07412719726562 
8220000,115.99848937988281 
8230000,132.6509246826172 
8240000,114.21174621582031 
8250000,174.51531982421875 
8260000,179.32554626464844 
8270000,142.6816864013672 
8280000,125.48220825195312 
8290000,119.51753234863281 
8300000,139.1114044189453 
8310000,117.8418197631836 
8320000,152.75360107421875 
8330000,148.5822296142578 
8340000,101.43760681152344 
8350000,140.61180114746094 
8360000,109.87523651123047 
8370000,118.54244232177734 
8380000,121.50352478027344 
8390000,137.80581665039062 
8400000,121.73360443115234 
8410000,118.92052459716797 
8420000,84.4369888305664 
8430000,100.95962524414062 
8440000,104.60565185546875 
8450000,76.48783874511719 
8460000,82.76083374023438 
8470000,117.45783233642578 
8480000,99.23200988769531 
8490000,45.827117919921875 
8500000,35.92914962768555 
8510000,61.43382263183594 
8520000,44.884552001953125 
8530000,43.026851654052734 
8540000,43.261619567871094 
8550000,4.501617908477783 
8560000,63.924285888671875 
8570000,63.8495979309082 
8580000,32.857276916503906 
8590000,71.42501068115234 
8600000,61.78239822387695 
8610000,65.5840072631836 
8620000,53.58024597167969 
8630000,53.32801818847656 
8640000,87.26314544677734 
8650000,75.26525115966797 
8660000,59.56910705566406 
8670000,73.2663803100586 
8680000,65.22777557373047 
8690000,105.88264465332031 
8700000,89.19568634033203 
8710000,68.51681518554688 
8720000,93.56246185302734 
8730000,86.2868881225586 
8740000,66.8869857788086 
8750000,106.55325317382812 
8760000,104.27388000488281 
8770000,66.89157104492188 
8780000,55.912837982177734 
8790000,49.686012268066406 
8800000,86.78731536865234 
8810000,117.21421813964844 
8820000,102.59147644042969 
8830000,77.8526611328125 
8840000,79.53666687011719 
8850000,114.70368194580078 
8860000,117.8348617553711 
8870000,102.00944519042969 
8880000,103.0759048461914 
8890000,124.38985443115234 
8900000,86.98426055908203 
8910000,74.93331146240234 
8920000,131.36228942871094 
8930000,101.12884521484375 
8940000,110.16529083251953 
8950000,79.41413879394531 
8960000,109.7443618774414 
8970000,75.66019439697266 
8980000,81.896240234375 
8990000,77.78247833251953 
9000000,41.126853942871094 
9010000,29.447568893432617 
9020000,-10.099830627441406 
9030000,-5.347568988800049 
9040000,11.742182731628418 
9050000,49.61824035644531 
9060000,30.640731811523438 
9070000,27.574657440185547 
9080000,61.82734298706055 
9090000,28.998979568481445 
9100000,24.834278106689453 
9110000,12.162256240844727 
