10000,0.029807893559336662 
20000,0.030875246971845627 
30000,0.051872629672288895 
40000,0.03549839183688164 
50000,0.0499965064227581 
60000,0.04683421924710274 
70000,0.04580746963620186 
80000,0.04942590743303299 
90000,0.048868328332901 
100000,0.05231804400682449 
110000,0.04677082970738411 
120000,0.04975929111242294 
130000,0.05091686174273491 
140000,0.061381421983242035 
150000,0.05887501686811447 
160000,0.05491653084754944 
170000,0.06143666431307793 
180000,0.04602165147662163 
190000,0.07369651645421982 
200000,0.04994373396039009 
210000,0.06383316963911057 
220000,0.06841794401407242 
230000,0.04796886816620827 
240000,0.06840208172798157 
250000,0.07452525943517685 
260000,0.06363991647958755 
270000,0.07401417195796967 
280000,0.06246696412563324 
290000,0.0679415836930275 
300000,0.06690230965614319 
310000,0.074777752161026 
320000,0.07350409030914307 
330000,0.049233488738536835 
340047,0.05445459857583046 
350047,0.05812430754303932 
360012,0.06744885444641113 
370049,0.07142110913991928 
380049,0.07131848484277725 
390049,0.057846516370773315 
400049,0.05746299400925636 
410049,0.06820643693208694 
420049,0.07179301977157593 
430049,0.06675377488136292 
440049,0.08282031863927841 
450049,0.051344241946935654 
460049,0.08782612532377243 
470049,0.05519632250070572 
480049,0.0718013122677803 
490049,0.09804834425449371 
500049,0.07021401077508926 
510049,0.06865851581096649 
520049,0.0394572913646698 
530049,0.06918560713529587 
540049,0.035831838846206665 
550049,0.06056581810116768 
560049,0.07705578207969666 
570049,0.0635235384106636 
580049,0.06140614673495293 
590049,0.0538678802549839 
600049,0.07777576893568039 
610033,0.06436935067176819 
620033,0.05416489765048027 
630023,0.1075088307261467 
640023,0.07635122537612915 
650023,0.0839318111538887 
660023,0.06408097594976425 
670023,0.1028742715716362 
680023,0.07724989205598831 
690023,0.08022696524858475 
700023,0.06451354920864105 
710023,0.07214242964982986 
720013,0.07180051505565643 
730013,0.08013453334569931 
740039,0.10950817912817001 
750039,0.07756045460700989 
760039,0.08106240630149841 
770039,0.08446314930915833 
780039,0.08116307854652405 
790039,0.1110488772392273 
800039,0.08756871521472931 
810039,0.08011125773191452 
820026,0.10198111832141876 
830026,0.11116161197423935 
840003,0.08713565021753311 
850003,0.07277363538742065 
860003,0.07087941467761993 
870036,0.10173371434211731 
880024,0.07733061164617538 
890037,0.11026781052350998 
900037,0.0810827910900116 
910037,0.08418304473161697 
920037,0.10913897305727005 
930037,0.09566562622785568 
940037,0.09264033287763596 
950023,0.09194320440292358 
960023,0.09542985260486603 
970023,0.10921803116798401 
980023,0.05874742567539215 
990023,0.09338387846946716 
1000023,0.08961380273103714 
1010023,0.08813580870628357 
1020023,0.09866119176149368 
1030043,0.07512610405683517 
1040029,0.08907144516706467 
1050029,0.07395020127296448 
1060029,0.09430108964443207 
1070040,0.12413757294416428 
1080011,0.0957842618227005 
1090045,0.09582464396953583 
1100014,0.10358070582151413 
1110014,0.08441641926765442 
1120014,0.11028658598661423 
1130047,0.09741329401731491 
1140047,0.0893121063709259 
1150047,0.12022093683481216 
1160047,0.08469121903181076 
1170047,0.1318494826555252 
1180034,0.11659874022006989 
1190008,0.08522836863994598 
1200008,0.12944237887859344 
1210008,0.09677880257368088 
1220034,0.10945984721183777 
1230030,0.10301283001899719 
1240030,0.09895747900009155 
1250008,0.08030902594327927 
1260008,0.09222468733787537 
1270008,0.08098919689655304 
1280043,0.10326342284679413 
1290043,0.1017361581325531 
1300043,0.09397853910923004 
1310043,0.11259501427412033 
1320043,0.09915392100811005 
1330042,0.12580955028533936 
1340010,0.1079971194267273 
1350010,0.1100434884428978 
1360026,0.1319274753332138 
1370026,0.12433545291423798 
1380026,0.11570189148187637 
1390008,0.1157388985157013 
1400036,0.10130038857460022 
1410036,0.11621960997581482 
1420025,0.1301419585943222 
1430025,0.09843944758176804 
1440041,0.1123410239815712 
1450037,0.1425168812274933 
1460003,0.12782955169677734 
1470003,0.09991693496704102 
1480020,0.12770146131515503 
1490020,0.14823441207408905 
1500020,0.1319127380847931 
1510020,0.12106748670339584 
1520047,0.1341225504875183 
1530047,0.10178259760141373 
1540020,0.13161149621009827 
1550020,0.12641368806362152 
1560008,0.14851464331150055 
1570048,0.10119124501943588 
1580048,0.10869619250297546 
1590048,0.08770796656608582 
1600036,0.15087687969207764 
1610036,0.12323042005300522 
1620010,0.16637200117111206 
1630003,0.16041716933250427 
1640037,0.1373923271894455 
1650029,0.12403080612421036 
1660021,0.1132827028632164 
1670004,0.11242228746414185 
1680037,0.1493753045797348 
1690038,0.10295779258012772 
1700009,0.15756377577781677 
1710045,0.1547003984451294 
1720015,0.1455562263727188 
1730015,0.14122003316879272 
1740005,0.14143656194210052 
1750005,0.16582700610160828 
1760034,0.12636257708072662 
1770034,0.14456816017627716 
1780034,0.16059818863868713 
1790003,0.159189835190773 
1800026,0.11387328058481216 
1810012,0.15308816730976105 
1820048,0.14747102558612823 
1830023,0.15366779267787933 
1840023,0.11705844849348068 
1850002,0.14266183972358704 
1860032,0.13376012444496155 
1870032,0.14260199666023254 
1880016,0.1839524805545807 
1890042,0.13396646082401276 
1900022,0.14670853316783905 
1910002,0.16279159486293793 
1920002,0.12893587350845337 
1930042,0.1598377227783203 
1940039,0.16926643252372742 
1950039,0.14894220232963562 
1960021,0.16243280470371246 
1970021,0.15492549538612366 
1980039,0.1454067826271057 
1990039,0.1575084924697876 
2000013,0.16254471242427826 
2010015,0.1612592488527298 
2020012,0.17445333302021027 
2030046,0.12788642942905426 
2040032,0.15262004733085632 
2050022,0.19064323604106903 
2060009,0.18693344295024872 
2070039,0.18868038058280945 
2080019,0.1594572365283966 
2090000,0.15091532468795776 
2100010,0.1527884155511856 
2110047,0.19139805436134338 
2120017,0.16220290958881378 
2130042,0.199650377035141 
2140022,0.1954091638326645 
2150009,0.14678235352039337 
2160043,0.21567781269550323 
2170012,0.19977456331253052 
2180023,0.12818793952465057 
2190023,0.13756915926933289 
2200040,0.1824491173028946 
2210027,0.1705588549375534 
2220036,0.15562376379966736 
2230015,0.2209346443414688 
2240022,0.22111843526363373 
2250007,0.2090136557817459 
2260022,0.15287546813488007 
2270026,0.2966233193874359 
2280001,0.17361190915107727 
2290013,0.19321885704994202 
2300004,0.1649504452943802 
2310010,0.1814294457435608 
2320011,0.18006779253482819 
2330000,0.1959947794675827 
2340031,0.22269128262996674 
2350038,0.1778542846441269 
2360005,0.20447418093681335 
2370027,0.23692575097084045 
2380009,0.274107426404953 
2390033,0.1866641640663147 
2400039,0.18445341289043427 
2410027,0.23524509370326996 
2420013,0.1526452749967575 
2430016,0.1808624267578125 
2440007,0.24405083060264587 
2450014,0.1778213530778885 
2460038,0.22087912261486053 
2470009,0.2437603622674942 
2480027,0.17701086401939392 
2490037,0.20329470932483673 
2500005,0.19880855083465576 
2510022,0.18116775155067444 
2520026,0.19565807282924652 
2530039,0.23385018110275269 
2540016,0.2396862655878067 
2550037,0.19881339371204376 
2560001,0.20760120451450348 
2570025,0.16016490757465363 
2580014,0.23363013565540314 
2590031,0.19727610051631927 
2600022,0.2525978982448578 
2610044,0.25918591022491455 
2620042,0.18852736055850983 
2630047,0.2479388266801834 
2640004,0.24306465685367584 
2650029,0.17721237242221832 
2660011,0.2638707458972931 
2670001,0.19617578387260437 
2680048,0.23979175090789795 
2690019,0.21585988998413086 
2700009,0.20903006196022034 
2710030,0.21744120121002197 
2720020,0.2357807755470276 
2730044,0.220506951212883 
2740039,0.19522203505039215 
2750025,0.17696286737918854 
2760027,0.24085737764835358 
2770012,0.24211114645004272 
2780025,0.29731494188308716 
2790011,0.2271900177001953 
2800016,0.286460280418396 
2810022,0.2538146674633026 
2820014,0.1863846629858017 
2830001,0.24332299828529358 
2840048,0.25540873408317566 
2850001,0.253352552652359 
2860021,0.2569243907928467 
2870015,0.2285166233778 
2880038,0.22704780101776123 
2890039,0.24030861258506775 
2900016,0.23467569053173065 
2910045,0.29267793893814087 
2920028,0.187967911362648 
2930011,0.218805730342865 
2940048,0.22668197751045227 
2950040,0.2539137601852417 
2960025,0.26409608125686646 
2970023,0.23245850205421448 
2980040,0.27106887102127075 
2990000,0.30854761600494385 
3000011,0.29818448424339294 
3010024,0.2555595338344574 
3020030,0.27572035789489746 
3030018,0.2302808314561844 
3040005,0.25114384293556213 
3050003,0.2814723253250122 
3060028,0.24776388704776764 
3070003,0.2315414398908615 
3080047,0.2335861623287201 
3090036,0.21924428641796112 
3100011,0.23143592476844788 
3110019,0.22638115286827087 
3120041,0.26349934935569763 
3130041,0.2983803153038025 
3140013,0.24545568227767944 
3150009,0.2248881757259369 
3160026,0.2585557997226715 
3170022,0.26259392499923706 
3180001,0.30744126439094543 
3190010,0.238145649433136 
3200023,0.22856087982654572 
3210027,0.244409441947937 
3220021,0.2655719518661499 
3230024,0.25395554304122925 
3240025,0.2587383985519409 
3250008,0.23907653987407684 
3260024,0.27257218956947327 
3270013,0.25502076745033264 
3280048,0.29284507036209106 
3290003,0.255373477935791 
3300026,0.2932238280773163 
3310034,0.2163163423538208 
3320033,0.2851978540420532 
3330010,0.27518990635871887 
3340006,0.299880713224411 
3350047,0.3019527792930603 
3360044,0.22335284948349 
3370011,0.21915999054908752 
3380008,0.2088044285774231 
3390033,0.26144686341285706 
3400011,0.22685298323631287 
3410015,0.28314486145973206 
3420008,0.2725595235824585 
3430024,0.2544931173324585 
3440029,0.28103265166282654 
3450003,0.26844242215156555 
3460030,0.3102780282497406 
3470043,0.23293527960777283 
3480028,0.29738765954971313 
3490045,0.32282108068466187 
3500015,0.28437814116477966 
3510015,0.24562060832977295 
3520024,0.275757759809494 
3530036,0.2897319197654724 
3540027,0.3060983717441559 
3550040,0.27305710315704346 
3560009,0.3142388164997101 
3570038,0.353941947221756 
3580035,0.3373468518257141 
3590004,0.28961458802223206 
3600000,0.2270064502954483 
3610001,0.260428249835968 
3620024,0.2930487394332886 
3630043,0.3028440475463867 
3640012,0.2805173397064209 
3650041,0.39223358035087585 
3660039,0.3368943929672241 
3670030,0.2747995853424072 
3680003,0.2572764456272125 
3690002,0.3311155438423157 
3700029,0.31621941924095154 
3710034,0.28560206294059753 
3720049,0.3512001037597656 
3730022,0.29283663630485535 
3740026,0.24218259751796722 
3750016,0.3620569109916687 
3760037,0.2907375991344452 
3770020,0.25767144560813904 
3780018,0.31425338983535767 
3790008,0.32262465357780457 
3800012,0.27559801936149597 
3810048,0.35262516140937805 
3820028,0.36196500062942505 
3830000,0.356245756149292 
3840016,0.3387964963912964 
3850025,0.30897021293640137 
3860045,0.32795292139053345 
3870025,0.2826443612575531 
3880040,0.34339022636413574 
3890031,0.3550666570663452 
3900027,0.31372031569480896 
3910009,0.3107130527496338 
3920028,0.31043121218681335 
3930026,0.39248621463775635 
3940027,0.2979277968406677 
3950034,0.2909245789051056 
3960004,0.3341359794139862 
3970011,0.32705745100975037 
3980047,0.32481178641319275 
3990031,0.29458075761795044 
4000025,0.34258732199668884 
4010003,0.34221893548965454 
4020015,0.34378063678741455 
4030009,0.2833101153373718 
4040006,0.32170259952545166 
4050005,0.3322543799877167 
4060047,0.27975890040397644 
4070021,0.3596431016921997 
4080001,0.2505514323711395 
4090038,0.34461018443107605 
4100012,0.29535457491874695 
4110045,0.3389122784137726 
4120000,0.3048635423183441 
4130038,0.3530946671962738 
4140012,0.34780198335647583 
4150015,0.32469990849494934 
4160041,0.3505679666996002 
4170010,0.3248472511768341 
4180025,0.3486625552177429 
4190036,0.31790459156036377 
4200037,0.37710580229759216 
4210013,0.3449898064136505 
4220003,0.372792512178421 
4230019,0.3122759163379669 
4240041,0.31850919127464294 
4250039,0.27312806248664856 
4260026,0.35885125398635864 
4270001,0.3986753821372986 
4280018,0.3746022880077362 
4290024,0.33180564641952515 
4300002,0.32924628257751465 
4310016,0.3507251739501953 
4320026,0.4151454567909241 
4330030,0.3486480414867401 
4340040,0.35620635747909546 
4350001,0.3454384207725525 
4360029,0.3758705258369446 
4370010,0.3363894522190094 
4380001,0.37705716490745544 
4390011,0.38700053095817566 
4400029,0.374566912651062 
4410009,0.361148476600647 
4420021,0.3479714095592499 
4430041,0.4296312630176544 
4440023,0.36892977356910706 
4450000,0.3596169352531433 
4460035,0.37568023800849915 
4470010,0.3442472219467163 
4480030,0.3711968958377838 
4490039,0.3431209921836853 
4500029,0.41804051399230957 
4510010,0.39203307032585144 
4520022,0.3597603142261505 
4530027,0.31773412227630615 
4540033,0.3422294855117798 
4550017,0.3360636532306671 
4560037,0.3666723966598511 
4570007,0.3338106870651245 
4580024,0.4136711359024048 
4590009,0.41855061054229736 
4600004,0.4057120084762573 
4610036,0.3384029269218445 
4620025,0.3423503041267395 
4630017,0.35208311676979065 
4640004,0.38765454292297363 
4650031,0.3566507399082184 
4660006,0.41737979650497437 
4670045,0.3489241898059845 
4680038,0.38981422781944275 
4690047,0.3711058497428894 
4700033,0.39591464400291443 
4710048,0.33473533391952515 
4720019,0.3871251940727234 
4730032,0.4329230487346649 
4740033,0.32487383484840393 
4750005,0.3525627553462982 
4760009,0.363606721162796 
4770002,0.4432165026664734 
4780006,0.3401931822299957 
4790016,0.40638402104377747 
4800016,0.4189344346523285 
4810007,0.40790995955467224 
4820006,0.4490047097206116 
4830017,0.38217929005622864 
4840015,0.4779995083808899 
4850036,0.4357095956802368 
4860040,0.3998453617095947 
4870033,0.3427902162075043 
4880016,0.45631787180900574 
4890013,0.37362247705459595 
4900017,0.42291203141212463 
4910043,0.42085129022598267 
4920042,0.3444799780845642 
4930015,0.47305336594581604 
4940004,0.42520004510879517 
4950039,0.4172494411468506 
4960014,0.3957030177116394 
4970015,0.41043007373809814 
4980020,0.4022839665412903 
4990001,0.40298447012901306 
5000027,0.4143410623073578 
5010024,0.40913641452789307 
5020012,0.4118518829345703 
5030020,0.4531635344028473 
5040041,0.4039629399776459 
5050013,0.4783875644207001 
5060039,0.37765586376190186 
5070020,0.48087120056152344 
5080044,0.3834175169467926 
5090014,0.4105777442455292 
5100022,0.3488512337207794 
5110048,0.4109875559806824 
5120023,0.4852190315723419 
5130011,0.4361889660358429 
5140016,0.40067267417907715 
5150007,0.3859695494174957 
5160008,0.4729093611240387 
5170027,0.3643895089626312 
5180034,0.3877210319042206 
5190012,0.46517741680145264 
5200018,0.4688059687614441 
5210009,0.3654109835624695 
5220009,0.39029189944267273 
5230027,0.4367598295211792 
5240048,0.4285275340080261 
5250033,0.45361754298210144 
5260015,0.3955664038658142 
5270037,0.40736809372901917 
5280041,0.3857368230819702 
5290009,0.39261817932128906 
5300043,0.39473360776901245 
5310004,0.3617021143436432 
5320005,0.4068334996700287 
5330040,0.4204387366771698 
5340025,0.38931038975715637 
5350008,0.47083890438079834 
5360001,0.3832715153694153 
5370015,0.4586370587348938 
5380014,0.43373364210128784 
5390039,0.46669673919677734 
5400030,0.39902442693710327 
5410008,0.4657832384109497 
5420016,0.4021296799182892 
5430012,0.47302764654159546 
5440046,0.3636808395385742 
5450011,0.4000096023082733 
5460040,0.34175315499305725 
5470021,0.38455408811569214 
5480043,0.37484946846961975 
5490022,0.45279911160469055 
5500011,0.38616734743118286 
5510006,0.37127816677093506 
5520028,0.377544641494751 
5530010,0.3995170295238495 
5540012,0.41053345799446106 
5550017,0.48189499974250793 
5560002,0.42134445905685425 
5570030,0.4950527846813202 
5580023,0.38539010286331177 
5590032,0.45057663321495056 
5600018,0.4965069591999054 
5610005,0.3853076100349426 
5620027,0.4052127003669739 
5630031,0.4189858138561249 
5640046,0.38655486702919006 
5650029,0.4101632833480835 
5660019,0.5000459551811218 
5670003,0.45461583137512207 
5680030,0.4491416811943054 
5690038,0.4469850957393646 
5700001,0.4618609547615051 
5710030,0.463960200548172 
5720036,0.3879648447036743 
5730010,0.43261733651161194 
5740038,0.3930357098579407 
5750008,0.45120957493782043 
5760009,0.4867567718029022 
5770045,0.4194229245185852 
5780047,0.4345659017562866 
5790039,0.36654913425445557 
5800025,0.45935139060020447 
5810030,0.4585379660129547 
5820017,0.45360827445983887 
5830033,0.4456745982170105 
5840007,0.49612557888031006 
5850048,0.37417343258857727 
5860005,0.45719361305236816 
5870038,0.4699036777019501 
5880040,0.4402020573616028 
5890012,0.3751002252101898 
5900005,0.43587738275527954 
5910013,0.5065567493438721 
5920021,0.38397860527038574 
5930046,0.4303760528564453 
5940004,0.46482110023498535 
5950001,0.4950738847255707 
5960040,0.4630259573459625 
5970016,0.48953545093536377 
5980019,0.5130541324615479 
5990024,0.4701177477836609 
6000024,0.3860324025154114 
6010013,0.4840044677257538 
6020013,0.44024980068206787 
6030002,0.4413352906703949 
6040015,0.5615758299827576 
6050012,0.495417058467865 
6060008,0.42772307991981506 
6070030,0.5245181322097778 
6080014,0.5558174848556519 
6090000,0.4122411608695984 
6100016,0.5033339262008667 
6110033,0.44695571064949036 
6120036,0.4980708062648773 
6130035,0.4201756715774536 
6140013,0.4793719947338104 
6150035,0.46308696269989014 
6160007,0.5320470929145813 
6170003,0.45199212431907654 
6180011,0.4601459503173828 
6190018,0.44999808073043823 
6200047,0.453872948884964 
6210013,0.43309250473976135 
6220036,0.4555800259113312 
6230035,0.5102195739746094 
6240043,0.5269071459770203 
6250033,0.5223591327667236 
6260029,0.4212966859340668 
6270044,0.5020474195480347 
6280023,0.5446469783782959 
6290021,0.4677463471889496 
6300013,0.5106733441352844 
6310037,0.4930797517299652 
6320015,0.46520501375198364 
6330000,0.45584696531295776 
6340036,0.47326651215553284 
6350021,0.44875404238700867 
6360005,0.4075803756713867 
6370040,0.4831041395664215 
6380006,0.443971186876297 
6390031,0.49893665313720703 
6400045,0.4464268982410431 
6410015,0.5378426909446716 
6420049,0.4776231050491333 
6430048,0.44198840856552124 
6440029,0.5366955399513245 
6450037,0.4234244227409363 
6460044,0.4941243827342987 
6470049,0.4874686300754547 
6480040,0.4487622082233429 
6490005,0.5174054503440857 
6500044,0.4854992926120758 
6510046,0.5020855665206909 
6520004,0.4692925214767456 
6530011,0.5138811469078064 
6540037,0.5292947292327881 
6550046,0.49219536781311035 
6560015,0.4879128336906433 
6570042,0.5015426874160767 
6580040,0.47679299116134644 
6590005,0.5264655947685242 
6600049,0.5064663887023926 
6610001,0.4880233108997345 
6620009,0.510002851486206 
6630004,0.5474912524223328 
6640002,0.5512511730194092 
6650010,0.43753138184547424 
6660022,0.49038583040237427 
6670024,0.47773224115371704 
6680007,0.4987984895706177 
6690043,0.5970432758331299 
6700009,0.5610783696174622 
6710007,0.5277712345123291 
6720009,0.5330690145492554 
6730011,0.584219753742218 
6740027,0.579317569732666 
6750035,0.44562050700187683 
6760005,0.4909173548221588 
6770014,0.5248957872390747 
6780014,0.4844357669353485 
6790025,0.5597043037414551 
6800037,0.49832218885421753 
6810011,0.46988993883132935 
6820044,0.44985780119895935 
6830016,0.5518353581428528 
6840040,0.4830465018749237 
6850026,0.5361315011978149 
6860004,0.4346475899219513 
6870023,0.5797715783119202 
6880009,0.512866199016571 
6890012,0.5556466579437256 
6900000,0.5139480233192444 
6910047,0.4927140474319458 
6920008,0.46847838163375854 
6930008,0.5487800240516663 
6940036,0.49946826696395874 
6950035,0.5210777521133423 
6960028,0.5467706322669983 
6970049,0.480193555355072 
6980007,0.4895974099636078 
6990026,0.5483323335647583 
7000031,0.5550323724746704 
7010028,0.4613528549671173 
7020017,0.5100117325782776 
7030045,0.48973098397254944 
7040013,0.579505443572998 
7050031,0.5071494579315186 
7060000,0.5482458472251892 
7070019,0.5144411325454712 
7080034,0.4575515687465668 
7090007,0.4723888635635376 
7100004,0.4939127266407013 
7110046,0.4357714056968689 
7120030,0.48776352405548096 
7130034,0.5506932139396667 
7140024,0.5501909852027893 
7150047,0.5207040905952454 
7160015,0.46613961458206177 
7170017,0.5032418966293335 
7180024,0.4808993637561798 
7190030,0.5402727723121643 
7200005,0.5542339086532593 
7210028,0.5182375907897949 
7220049,0.563784658908844 
7230007,0.5292855501174927 
7240023,0.5200849771499634 
7250011,0.5384991765022278 
7260017,0.5541059374809265 
7270011,0.5812456607818604 
7280002,0.5724223256111145 
7290006,0.5205549001693726 
7300036,0.583638072013855 
7310021,0.5204992890357971 
7320030,0.5666438937187195 
7330016,0.4289144277572632 
7340017,0.5042412281036377 
7350021,0.5741786956787109 
7360002,0.6388757824897766 
7370037,0.6019019484519958 
7380013,0.5258609652519226 
7390022,0.5445542931556702 
7400001,0.4961966574192047 
7410021,0.5714485049247742 
7420011,0.5275900959968567 
7430035,0.5565656423568726 
7440004,0.6139171123504639 
7450027,0.558700680732727 
7460009,0.6168352961540222 
7470036,0.5500197410583496 
7480013,0.4742129445075989 
7490048,0.5751187801361084 
7500034,0.4893782436847687 
7510005,0.5479264259338379 
7520019,0.5734506845474243 
7530029,0.5296623706817627 
7540024,0.5796288847923279 
7550021,0.47685688734054565 
7560010,0.46285316348075867 
7570003,0.5418900847434998 
7580016,0.530517041683197 
7590004,0.5106850266456604 
7600030,0.52400803565979 
7610017,0.6125213503837585 
7620033,0.5376084446907043 
7630006,0.49411189556121826 
7640003,0.5227769613265991 
7650035,0.5561837553977966 
7660004,0.5164216160774231 
7670040,0.4766051471233368 
7680027,0.5762104988098145 
7690033,0.5371140837669373 
7700020,0.5227766633033752 
7710032,0.46850454807281494 
7720029,0.5258080363273621 
7730023,0.5749433636665344 
7740047,0.5763827562332153 
7750036,0.4585910737514496 
7760031,0.6336201429367065 
7770027,0.5149667263031006 
7780004,0.6002869606018066 
7790034,0.6107516288757324 
7800016,0.5211210250854492 
7810037,0.520342230796814 
7820007,0.5481709837913513 
7830004,0.5740697383880615 
7840018,0.5686407685279846 
7850014,0.5235933065414429 
7860005,0.5515223145484924 
7870014,0.6329693794250488 
7880006,0.5799627304077148 
7890003,0.601457417011261 
7900016,0.553331196308136 
7910003,0.477502703666687 
7920014,0.5932445526123047 
7930030,0.5169869065284729 
7940022,0.596022367477417 
7950033,0.5781599879264832 
7960018,0.5836543440818787 
7970006,0.6213343143463135 
7980000,0.5809937119483948 
7990047,0.5572049617767334 
8000000,0.5380495190620422 
8010021,0.5772426724433899 
8020003,0.591496467590332 
8030016,0.5636448860168457 
8040024,0.5798004269599915 
8050004,0.5599768161773682 
8060010,0.5948876738548279 
8070015,0.5388460755348206 
8080034,0.6098381876945496 
8090010,0.55201256275177 
8100005,0.5915803909301758 
8110016,0.5649682283401489 
8120043,0.6140543818473816 
8130016,0.6196722984313965 
8140026,0.5037319660186768 
8150015,0.509948194026947 
8160011,0.5351687073707581 
8170013,0.5981652736663818 
8180031,0.5317926406860352 
8190008,0.6071087121963501 
8200040,0.5319303870201111 
8210047,0.5967861413955688 
8220019,0.5798976421356201 
8230026,0.5922631621360779 
8240003,0.5177085399627686 
8250023,0.6363379955291748 
8260041,0.48613426089286804 
8270006,0.5534370541572571 
8280010,0.6119319796562195 
8290020,0.5826026797294617 
8300033,0.5517717599868774 
8310039,0.5376300811767578 
8320034,0.44347313046455383 
8330039,0.6123254299163818 
8340038,0.5781710147857666 
8350039,0.5845191478729248 
8360006,0.5767449736595154 
8370025,0.6445797681808472 
8380045,0.5963613986968994 
8390002,0.6137372851371765 
8400035,0.5879440307617188 
8410013,0.5536361932754517 
8420002,0.5415794253349304 
8430035,0.4934558570384979 
8440043,0.5870296955108643 
8450031,0.550955593585968 
8460025,0.6117111444473267 
8470042,0.5648828744888306 
8480032,0.6086875200271606 
8490035,0.4896956980228424 
8500034,0.5457108020782471 
8510038,0.6139906048774719 
8520024,0.5426708459854126 
8530044,0.5953232645988464 
8540042,0.6000221371650696 
8550011,0.5329563021659851 
8560034,0.540527880191803 
8570012,0.5454347133636475 
8580007,0.5171536803245544 
8590010,0.622460126876831 
8600015,0.5768886804580688 
8610034,0.6230573654174805 
8620004,0.5979495048522949 
8630028,0.5732399225234985 
8640022,0.577445387840271 
8650022,0.5079352855682373 
8660005,0.5211309194564819 
8670024,0.5855922102928162 
8680029,0.6638283729553223 
8690043,0.6101201772689819 
8700023,0.6341776847839355 
8710049,0.6115503907203674 
8720016,0.6059018969535828 
8730040,0.5966957211494446 
8740018,0.6068924069404602 
8750015,0.5257633328437805 
8760045,0.642295241355896 
8770033,0.5769078731536865 
8780009,0.66961669921875 
8790028,0.5660504698753357 
8800000,0.5512667298316956 
8810005,0.6822600364685059 
8820004,0.6116867661476135 
8830001,0.61470627784729 
8840043,0.6155129075050354 
8850030,0.6058499217033386 
8860011,0.6072384119033813 
8870024,0.5549722909927368 
8880005,0.5735037922859192 
8890003,0.5902084112167358 
8900018,0.5657367706298828 
8910029,0.4910356402397156 
8920035,0.6440295577049255 
8930009,0.5966572761535645 
8940038,0.6286956667900085 
8950044,0.6549171209335327 
8960043,0.6023887991905212 
8970026,0.6384634375572205 
8980044,0.6485470533370972 
8990013,0.6316354870796204 
9000003,0.6283212900161743 
9010004,0.5382589101791382 
9020025,0.6583374738693237 
9030005,0.5307908654212952 
9040049,0.6066410541534424 
9050008,0.6400391459465027 
9060011,0.5253462791442871 
9070010,0.5949466824531555 
9080031,0.6790381669998169 
9090026,0.5643528699874878 
9100009,0.544247567653656 
9110007,0.6161637902259827 
9120003,0.6020705699920654 
9130020,0.6331713795661926 
9140039,0.604942798614502 
9150001,0.5585328936576843 
