10000,-196.6 
20000,-194.8 
30000,-194.55 
40000,-193.85 
50000,-191.95 
60000,-191.3 
70000,-188.9 
80000,-188.25 
90000,-189.35 
100000,-186.7 
110000,-186.95 
120000,-192.45 
130000,-195.65 
140000,-201.1 
150000,-198.2 
160000,-193.95 
170000,-194.95 
180049,-190.62686567164178 
190049,-187.6 
200049,-185.65 
210049,-187.7 
220049,-185.4 
230049,-186.6 
240049,-183.6 
250049,-182.8 
260049,-185.1 
270038,-178.53 
280038,-179.5 
290038,-178.6 
300034,-176.62 
310011,-175.49 
320011,-178.65 
330011,-174.3 
340011,-174.6 
350001,-172.85 
360001,-173.1 
370001,-173.8 
380001,-173.85 
390001,-171.05 
400001,-171.65 
410001,-171.95 
420001,-172.8 
430048,-169.044776119403 
440048,-172.9 
450035,-170.84 
460035,-170.1 
470035,-170.35 
480033,-170.26 
490018,-167.15 
500018,-170.65 
510033,-167.2636815920398 
520033,-168.2 
530030,-169.29 
540030,-168.45 
550011,-168.97 
560003,-166.80597014925374 
570016,-165.08457711442787 
580017,-166.5870646766169 
590034,-162.86138613861385 
600042,-165.03482587064676 
610035,-166.56 
620026,-161.7029702970297 
630038,-163.6218905472637 
640038,-165.75 
650024,-164.47 
660042,-166.22885572139305 
670000,-163.44278606965173 
680042,-162.5024630541872 
690049,-165.56218905472636 
700049,-167.15 
710007,-160.45771144278606 
720003,-165.67 
730039,-165.54228855721394 
740041,-163.97014925373134 
750015,-161.02487562189054 
760028,-159.96039603960395 
770020,-159.94059405940595 
780017,-163.65346534653466 
790024,-161.82178217821783 
800031,-163.37313432835822 
810021,-162.6865671641791 
820036,-161.9900497512438 
830008,-162.02985074626866 
840029,-161.30693069306932 
850013,-156.15686274509804 
860042,-161.40886699507388 
870030,-162.1492537313433 
880044,-158.0591133004926 
890015,-158.0891089108911 
900000,-162.72277227722773 
910011,-159.1822660098522 
920048,-164.76616915422886 
930002,-161.76237623762376 
940010,-160.10837438423644 
950016,-163.0891089108911 
960034,-167.3233830845771 
970028,-160.27722772277227 
980048,-163.28358208955223 
990000,-159.54455445544554 
1000024,-158.94581280788177 
1010017,-162.44776119402985 
1020035,-158.6305418719212 
1030009,-159.53465346534654 
1040039,-158.32512315270935 
1050043,-160.12871287128712 
1060023,-160.79207920792078 
1070016,-161.00497512437812 
1080049,-159.17241379310346 
1090027,-154.66666666666666 
1100016,-159.88118811881188 
1110028,-157.42857142857142 
1120048,-159.26108374384236 
1130030,-159.2970297029703 
1140042,-159.79207920792078 
1150009,-149.50485436893203 
1160046,-156.31372549019608 
1170027,-155.41176470588235 
1180012,-152.59803921568627 
1190047,-151.17073170731706 
1200002,-157.02970297029702 
1210041,-158.20689655172413 
1220045,-146.95609756097562 
1230049,-160.02970297029702 
1240005,-157.2970297029703 
1250041,-151.14146341463416 
1260037,-153.32019704433498 
1270044,-154.7450980392157 
1280011,-148.18536585365854 
1290042,-151.18446601941747 
1300016,-150.61764705882354 
1310035,-149.6390243902439 
1320020,-152.15686274509804 
1330010,-148.53658536585365 
1340040,-146.03864734299518 
1350002,-143.71014492753622 
1360028,-150.55609756097562 
1370029,-144.1256038647343 
1380015,-152.61764705882354 
1390019,-150.80975609756098 
1400017,-153.6551724137931 
1410030,-154.05853658536586 
1420027,-144.46153846153845 
1430027,-150.0 
1440049,-153.51960784313727 
1450044,-149.65853658536585 
1460019,-140.96618357487924 
1470037,-148.60194174757282 
1480031,-145.44390243902438 
1490039,-144.9855072463768 
1500014,-142.5242718446602 
1510008,-143.41062801932367 
1520038,-138.47619047619048 
1530000,-147.55121951219513 
1540027,-145.0144927536232 
1550023,-139.73205741626793 
1560011,-144.93719806763286 
1570040,-147.6990291262136 
1580023,-139.52884615384616 
1590038,-135.2132701421801 
1600029,-140.8846153846154 
1610007,-145.85507246376812 
1620038,-144.8252427184466 
1630029,-138.2488038277512 
1640046,-136.6095238095238 
1650032,-137.4354066985646 
1660047,-130.093896713615 
1670027,-148.0487804878049 
1680017,-136.17224880382776 
1690047,-139.33014354066987 
1700002,-137.98076923076923 
1710004,-135.74528301886792 
1720046,-131.87735849056602 
1730037,-135.47368421052633 
1740000,-143.2621359223301 
1750041,-135.66507177033492 
1760034,-140.4927536231884 
1770000,-135.80861244019138 
1780029,-129.88785046728972 
1790018,-135.14691943127963 
1800025,-127.65420560747664 
1810014,-127.35211267605634 
1820046,-131.1643192488263 
1830038,-127.59624413145539 
1840002,-126.9478672985782 
1850034,-137.55023923444975 
1860030,-143.7391304347826 
1870027,-122.54883720930232 
1880029,-113.82648401826484 
1890011,-130.1809523809524 
1900045,-122.67906976744186 
1910030,-127.9245283018868 
1920032,-119.20370370370371 
1930029,-120.12962962962963 
1940000,-124.22429906542057 
1950027,-123.82242990654206 
1960036,-110.43243243243244 
1970008,-124.68544600938966 
1980024,-121.26851851851852 
1990040,-122.24074074074075 
2000038,-117.31506849315069 
2010024,-116.83870967741936 
2020032,-120.24074074074075 
2030034,-120.95852534562212 
2040046,-113.5068493150685 
2050012,-114.94930875576037 
2060039,-112.8868778280543 
2070027,-115.46788990825688 
2080020,-111.18552036199095 
2090008,-120.14814814814815 
2100035,-109.9 
2110005,-112.4090909090909 
2120004,-111.16363636363636 
2130003,-102.16 
2140024,-102.06222222222222 
2150030,-114.44748858447488 
2160028,-101.83928571428571 
2170047,-109.61990950226244 
2180022,-95.83333333333333 
2190016,-115.0958904109589 
2200016,-104.31111111111112 
2210012,-108.53153153153153 
2220024,-98.75221238938053 
2230048,-105.88288288288288 
2240017,-100.42666666666666 
2250023,-104.29729729729729 
2260002,-99.05309734513274 
2270025,-95.46724890829694 
2280039,-99.45132743362832 
2290031,-95.23348017621146 
2300018,-103.30973451327434 
2310001,-91.30172413793103 
2320030,-94.08733624454149 
2330028,-91.84279475982532 
2340034,-92.85589519650655 
2350025,-102.02678571428571 
2360007,-92.0 
2370046,-100.02643171806167 
2380022,-89.79912663755458 
2390004,-90.94782608695652 
2400042,-92.25 
2410027,-87.5 
2420010,-85.35344827586206 
2430033,-96.76315789473684 
2440026,-98.74235807860262 
2450016,-92.25108225108225 
2460029,-88.4206008583691 
2470034,-86.75324675324676 
2480037,-90.74458874458874 
2490011,-81.72765957446809 
2500027,-89.54506437768241 
2510003,-85.38197424892704 
2520005,-80.54008438818565 
2530013,-92.08658008658008 
2540038,-76.86192468619247 
2550014,-80.52320675105486 
2560002,-78.25833333333334 
2570032,-79.49579831932773 
2580019,-80.88510638297872 
2590019,-81.65957446808511 
2600008,-69.73553719008264 
2610003,-71.74273858921161 
2620004,-77.87394957983193 
2630030,-69.08130081300813 
2640029,-71.850622406639 
2650049,-73.65145228215768 
2660024,-66.0 
2670044,-70.69672131147541 
2680029,-70.08298755186722 
2690008,-69.57551020408164 
2700006,-65.17073170731707 
2710042,-67.79423868312757 
2720001,-61.984 
2730027,-67.6178861788618 
2740018,-59.57429718875502 
2750030,-64.34677419354838 
2760025,-60.59760956175299 
2770042,-68.95867768595042 
2780024,-60.74900398406375 
2790006,-66.6178861788618 
2800001,-51.36186770428016 
2810017,-64.5691056910569 
2820012,-41.015037593984964 
2830025,-60.59842519685039 
2840047,-61.864541832669325 
2850005,-45.54615384615385 
2860010,-49.224806201550386 
2870038,-57.76377952755905 
2880016,-54.736434108527135 
2890000,-43.142857142857146 
2900000,-48.01526717557252 
2910020,-38.08270676691729 
2920003,-45.49034749034749 
2930044,-47.946360153256705 
2940023,-54.9260700389105 
2950002,-43.87786259541985 
2960035,-43.01140684410647 
2970011,-51.12643678160919 
2980001,-53.6328125 
2990002,-42.88301886792453 
3000016,-38.86142322097378 
3010034,-43.42857142857143 
3020000,-45.3206106870229 
3030024,-34.16117216117216 
3040028,-38.17712177121771 
3050030,-37.1037037037037 
3060032,-39.62222222222222 
3070004,-31.78102189781022 
3080015,-34.43478260869565 
3090027,-37.02564102564103 
3100018,-45.396946564885496 
3110001,-35.360594795539036 
3120023,-36.536764705882355 
3130002,-35.53284671532847 
3140013,-32.386861313868614 
3150011,-34.572463768115945 
3160013,-32.44765342960289 
3170043,-36.56934306569343 
3180036,-36.51470588235294 
3190030,-34.6231884057971 
3200020,-29.537366548042705 
3210003,-29.128205128205128 
3220009,-21.38245614035088 
3230014,-27.031802120141343 
3240002,-33.586715867158674 
3250033,-29.405017921146953 
3260026,-18.061433447098977 
3270001,-25.480427046263344 
3280023,-26.28268551236749 
3290004,-17.4020618556701 
3300008,-27.870967741935484 
3310004,-30.58992805755396 
3320037,-20.55862068965517 
3330034,-30.666666666666668 
3340026,-23.734265734265733 
3350022,-22.146853146853147 
3360014,-14.925675675675675 
3370035,-15.367003367003367 
3380008,-15.275167785234899 
3390008,-21.649122807017545 
3400035,-24.887323943661972 
3410022,-17.399317406143346 
3420007,-24.912280701754387 
3430019,-24.818181818181817 
3440020,-13.046666666666667 
3450022,-19.85467128027682 
3460000,-23.570934256055363 
3470006,-22.85121107266436 
3480031,-15.513698630136986 
3490025,-31.28519855595668 
3500003,-7.5147540983606556 
3510025,-22.18815331010453 
3520008,-16.08053691275168 
3530037,-15.155405405405405 
3540002,-8.604651162790697 
3550005,-16.976430976430976 
3560023,-18.054794520547944 
3570023,-19.419795221843003 
3580018,-19.24137931034483 
3590024,-8.183006535947712 
3600016,-15.043771043771043 
3610033,-10.983498349834983 
3620026,-18.210169491525424 
3630027,-10.44078947368421 
3640000,-21.14878892733564 
3650026,-16.154362416107382 
3660047,-10.409240924092408 
3670047,-11.270903010033445 
3680013,-9.98019801980198 
3690000,-11.71523178807947 
3700005,-5.909090909090909 
3710027,-7.275080906148867 
3720011,-13.153333333333334 
3730029,-6.232258064516129 
3740006,-11.508417508417509 
3750002,-11.069306930693068 
3760020,-12.81081081081081 
3770025,-4.32258064516129 
3780045,-14.358108108108109 
3790009,-15.27457627118644 
3800029,-11.049180327868852 
3810037,-5.2182410423452765 
3820001,-11.747508305647841 
3830001,-7.220447284345048 
3840013,-3.526813880126183 
3850007,-4.730769230769231 
3860011,-6.406451612903226 
3870032,-10.572368421052632 
3880015,-13.086092715231787 
3890033,-7.103225806451613 
3900031,-1.5031847133757963 
3910027,-11.846666666666666 
3920004,-5.902597402597403 
3930023,2.736842105263158 
3940007,-2.518987341772152 
3950001,-7.5519480519480515 
3960005,-6.55663430420712 
3970007,-0.779874213836478 
3980012,-7.745098039215686 
3990007,-8.580645161290322 
4000041,-1.993730407523511 
4010008,6.45679012345679 
4020018,-5.288461538461538 
4030000,-4.3428571428571425 
4040008,-2.926984126984127 
4050001,2.4171779141104293 
4060008,8.444444444444445 
4070009,-1.0 
4080016,0.8136645962732919 
4090001,-3.186119873817035 
4100001,-5.681818181818182 
4110025,1.4099378881987579 
4120042,-2.8825396825396825 
4130014,2.197530864197531 
4140033,-3.8553459119496853 
4150014,4.136222910216718 
4160040,-0.41875 
4170023,-2.647798742138365 
4180001,0.3375 
4190023,-4.5303514376996805 
4200039,-0.29283489096573206 
4210044,1.3395638629283488 
4220002,-1.2523364485981308 
4230014,-1.7125 
4240003,2.558282208588957 
4250017,2.691588785046729 
4260004,-4.139240506329114 
4270047,-10.525974025974026 
4280005,4.489296636085627 
4290030,0.43343653250773995 
4300028,8.654761904761905 
4310000,2.3446153846153845 
4320014,4.253869969040248 
4330026,0.5046728971962616 
4340033,4.35258358662614 
4350010,7.2317073170731705 
4360020,5.843373493975903 
4370027,3.13677811550152 
4380024,6.954682779456193 
4390013,3.541795665634675 
4400039,2.9272727272727272 
4410003,9.502994011976048 
4420020,7.3273809523809526 
4430012,4.165137614678899 
4440012,7.657657657657658 
4450029,3.3496932515337425 
4460018,0.043478260869565216 
4470018,-3.018867924528302 
4480009,2.08125 
4490007,6.610778443113772 
4500023,5.349397590361446 
4510009,11.795918367346939 
4520001,7.385542168674699 
4530026,8.75 
4540008,6.954682779456193 
4550001,2.4634146341463414 
4560020,2.672782874617737 
4570011,6.335329341317365 
4580001,-5.015873015873016 
4590009,11.229411764705882 
4600006,5.4939024390243905 
4610015,0.5403726708074534 
4620018,5.738601823708207 
4630036,-6.315457413249211 
4640027,12.269005847953217 
4650035,5.295180722891566 
4660003,-0.5408805031446541 
4670011,3.3573573573573574 
4680019,3.987987987987988 
4690026,16.192090395480225 
4700011,15.115606936416185 
4710005,3.5255255255255253 
4720014,-2.2953846153846156 
4730001,5.371951219512195 
4740027,10.309941520467836 
4750034,7.2976190476190474 
4760008,8.887573964497042 
4770032,10.070796460176991 
4780023,3.2195121951219514 
4790031,14.761627906976743 
4800020,7.527272727272727 
4810011,9.752212389380531 
4820007,5.247706422018348 
4830022,5.933734939759036 
4840024,-0.055900621118012424 
4850026,7.0843373493975905 
4860020,8.095808383233534 
4870012,4.688821752265861 
4880022,9.588235294117647 
4890031,11.970326409495549 
4900032,13.80058651026393 
4910016,11.668604651162791 
4920005,12.80232558139535 
4930009,13.412790697674419 
4940009,3.6085626911314983 
4950019,7.701492537313433 
4960027,12.07624633431085 
4970003,12.574712643678161 
4980004,9.429411764705883 
4990048,3.6484848484848484 
5000013,11.529411764705882 
5010015,11.413489736070382 
5020028,13.413105413105413 
5030000,17.654390934844194 
5040019,16.745664739884393 
5050022,12.53061224489796 
5060033,7.554896142433234 
5070034,8.321428571428571 
5080037,17.10028653295129 
5090001,15.339031339031338 
5100026,14.265536723163843 
5110009,13.32748538011696 
5120003,13.729106628242075 
5130006,13.873563218390805 
5140021,16.535211267605632 
5150003,8.688622754491018 
5160000,13.825072886297376 
5170014,14.276657060518732 
5180017,11.288235294117648 
5190019,12.991304347826087 
5200012,8.991150442477876 
5210038,19.157894736842106 
5220006,5.772455089820359 
5230020,15.452991452991453 
5240011,8.094674556213018 
5250022,13.023121387283236 
5260010,14.616279069767442 
5270000,14.335260115606937 
5280006,8.635294117647058 
5290010,11.576811594202898 
5300022,13.948571428571428 
5310025,16.27605633802817 
5320020,14.085714285714285 
5330015,12.385057471264368 
5340034,13.53757225433526 
5350010,15.936781609195402 
5360023,14.153846153846153 
5370002,11.1 
5380021,11.877551020408163 
5390017,17.637393767705383 
5400007,13.372434017595308 
5410021,20.64819944598338 
5420032,13.720797720797721 
5430008,12.775862068965518 
5440006,16.707865168539325 
5450016,13.714285714285714 
5460027,17.60112359550562 
5470003,14.439306358381502 
5480030,17.75211267605634 
5490019,15.754285714285714 
5500027,15.954154727793696 
5510017,21.49171270718232 
5520023,19.374301675977655 
5530008,10.970588235294118 
5540007,11.323615160349854 
5550014,21.741046831955924 
5560007,10.900584795321638 
5570026,17.92090395480226 
5580008,22.429752066115704 
5590031,13.337175792507205 
5600014,15.663817663817664 
5610036,16.926553672316384 
5620030,18.670391061452513 
5630012,17.596638655462186 
5640001,7.615384615384615 
5650002,21.413698630136988 
5660003,13.094017094017094 
5670009,15.914529914529915 
5680022,12.962536023054755 
5690002,17.52840909090909 
5700047,18.02777777777778 
5710007,14.16184971098266 
5720016,13.84 
5730046,13.850574712643677 
5740019,21.825136612021858 
5750038,9.543859649122806 
5760019,11.994186046511627 
5770007,20.214285714285715 
5780005,17.543661971830986 
5790016,14.298850574712644 
5800013,21.113573407202217 
5810021,17.269662921348313 
5820027,16.35754189944134 
5830009,10.991304347826087 
5840015,20.683333333333334 
5850039,20.31578947368421 
5860013,12.988439306358382 
5870003,13.96011396011396 
5880008,15.558739255014327 
5890019,17.58659217877095 
5900027,15.308571428571428 
5910009,13.528409090909092 
5920004,22.934782608695652 
5930010,12.75 
5940031,23.02185792349727 
5950016,17.428571428571427 
5960012,23.51366120218579 
5970018,18.04507042253521 
5980002,21.40821917808219 
5990016,22.797814207650273 
6000005,16.03409090909091 
6010017,21.786301369863015 
6020024,19.6991643454039 
6030042,17.241573033707866 
6040011,7.2656716417910445 
6050027,19.51396648044693 
6060026,21.25414364640884 
6070022,18.560224089635856 
6080003,16.937853107344633 
6090018,19.41176470588235 
6100026,11.192982456140351 
6110022,13.47550432276657 
6120017,19.445983379501385 
6130007,16.827195467422097 
6140016,16.601719197707737 
6150033,20.391184573002754 
6160019,17.123595505617978 
6170005,16.4593837535014 
6180007,20.967032967032967 
6190014,20.03305785123967 
6200000,14.857971014492753 
6210010,18.4958217270195 
6220014,17.798319327731093 
6230004,22.926829268292682 
6240005,9.723529411764705 
6250004,11.663817663817664 
6260000,20.318681318681318 
6270020,19.945054945054945 
6280018,25.663101604278076 
6290013,23.224043715846996 
6300003,20.69060773480663 
6310012,17.27887323943662 
6320022,23.646112600536192 
6330011,17.72316384180791 
6340003,20.00558659217877 
6350044,19.823204419889503 
6360008,18.51412429378531 
6370021,22.555858310626704 
6380012,20.429752066115704 
6390015,23.282608695652176 
6400033,24.39142091152815 
6410008,18.011363636363637 
6420010,15.796610169491526 
6430018,20.48901098901099 
6440009,24.40650406504065 
6450015,22.52341597796143 
6460017,17.429362880886426 
6470006,19.620111731843576 
6480014,19.96694214876033 
6490022,25.801075268817204 
6500010,18.30939226519337 
6510011,17.810055865921786 
6520024,18.727272727272727 
6530000,24.56675749318801 
6540003,24.372972972972974 
6550022,23.344173441734416 
6560003,18.79886685552408 
6570011,19.994444444444444 
6580024,15.451428571428572 
6590001,15.090909090909092 
6600010,18.84764542936288 
6610007,25.516129032258064 
6620026,18.574647887323945 
6630006,21.049723756906076 
6640010,19.788888888888888 
6650018,23.291553133514988 
6660032,22.86413043478261 
6670012,16.30252100840336 
6680014,24.368563685636857 
6690001,15.586402266288951 
6700018,19.279329608938546 
6710028,25.782493368700266 
6720016,18.783098591549297 
6730009,23.648 
6740042,22.9247311827957 
