50000,0.02 
50500,0.0 
51000,0.0 
51500,0.0 
52000,0.0 
60000,0.0 
70000,0.0 
80000,0.0 
90000,0.0 
100000,0.0 
110000,0.0 
120000,0.0 
130000,0.0 
140000,0.0 
150000,0.0 
160000,0.0 
170000,0.0 
180000,0.0 
190000,0.0 
200000,0.05 
210000,0.0 
220000,0.05 
230000,0.05 
240000,0.0 
250000,0.0 
260000,0.0 
270000,0.0 
280000,0.0 
290000,0.0 
300000,0.0 
310000,0.0 
320000,0.0 
330000,0.0 
340000,0.0 
350000,0.0 
360000,0.0 
370000,0.0 
380000,0.0 
390000,0.0 
400000,0.0 
410000,0.0 
420000,0.0 
430000,0.0 
440000,0.0 
450000,0.0 
460000,0.0 
470000,0.0 
480000,0.0 
490000,0.0 
500000,0.0 
510000,0.0 
520000,0.0 
530000,0.0 
540000,0.0 
550000,0.0 
560000,0.0 
570000,0.0 
580000,0.0 
590000,0.0 
600000,0.0 
610000,0.0 
620000,0.05 
630000,0.0 
640000,0.0 
650000,0.0 
660000,0.0 
670000,0.0 
680000,0.0 
690000,0.0 
700000,0.0 
710000,0.0 
720000,0.0 
730000,0.0 
740000,0.0 
750000,0.0 
760000,0.0 
770000,0.0 
780000,0.0 
790000,0.0 
800000,0.0 
810000,0.0 
820000,0.0 
830000,0.0 
840000,0.0 
850000,0.0 
860000,0.0 
870000,0.0 
880000,0.0 
890000,0.0 
900000,0.0 
910000,0.0 
920000,0.0 
930000,0.0 
940000,0.0 
950000,0.05 
960000,0.0 
970000,0.0 
980000,0.0 
990000,0.0 
1000000,0.0 
1010000,0.0 
1020000,0.0 
1030000,0.0 
1040000,0.0 
1050000,0.0 
1060000,0.0 
1070000,0.0 
1080000,0.0 
1090000,0.0 
1100000,0.0 
1110000,0.0 
1120000,0.0 
1130000,0.0 
1140000,0.0 
1150000,0.0 
1160000,0.0 
1170000,0.0 
1180000,0.0 
1190000,0.0 
1200000,0.05 
1210000,0.0 
1220000,0.0 
1230000,0.0 
1240000,0.0 
1250000,0.0 
1260000,0.0 
1270000,0.0 
1280000,0.0 
1290000,0.0 
1300000,0.0 
1310000,0.0 
1320000,0.0 
1330000,0.0 
1340000,0.0 
1350000,0.0 
1360000,0.1 
1370000,0.05 
1380000,0.0 
1390000,0.0 
1400000,0.0 
1410000,0.0 
1420000,0.0 
1430000,0.05 
1440000,0.0 
1450000,0.0 
1460000,0.0 
1470000,0.0 
1480000,0.1 
1490000,0.15 
1500000,0.2 
1510000,0.3 
1520000,0.45 
1530000,0.35 
1540000,0.5 
1550000,0.4 
1560000,0.45 
1570000,0.45 
1580000,0.25 
1590000,0.45 
1600000,0.3 
1610000,0.5 
1620000,0.25 
1630000,0.2 
1640000,0.45 
1650000,0.2 
1660000,0.25 
1670000,0.4 
1680000,0.2 
1690000,0.2 
1700000,0.65 
1710000,0.45 
1720000,0.3 
1730000,0.25 
1740000,0.2 
1750000,0.35 
1760000,0.05 
1770000,0.2 
1780000,0.15 
1790000,0.15 
1800000,0.25 
1810000,0.25 
1820000,0.3 
1830000,0.45 
1840000,0.35 
1850000,0.6 
1860000,0.4 
1870000,0.45 
1880000,0.6 
1890000,0.6 
1900000,0.4 
1910000,0.55 
1920000,0.15 
1930000,0.35 
1940000,0.35 
1950000,0.25 
1960000,0.45 
1970000,0.25 
1980000,0.4 
1990000,0.4 
2000000,0.55 
2010000,0.35 
2020000,0.35 
2030000,0.45 
2040000,0.65 
2050000,0.5 
2060000,0.45 
2070000,0.45 
2080000,0.4 
2090000,0.45 
2100000,0.6 
2110000,0.5 
2120000,0.75 
2130000,0.7 
2140000,1.05 
2150000,0.7 
2160000,0.8 
2170000,0.8 
2180000,0.95 
2190000,0.8 
2200000,1.0 
2210000,1.2 
2220000,0.9 
2230000,1.35 
2240000,0.7 
2250000,0.9 
2260000,1.05 
2270000,1.05 
2280000,1.2 
2290000,1.15 
2300000,0.85 
2310000,0.55 
2320000,0.55 
2330000,0.5 
2340000,0.3 
2350000,0.75 
2360000,0.45 
2370000,0.45 
2380000,0.45 
2390000,0.65 
2400000,0.35 
2410000,0.6 
2420000,0.5 
2430000,0.8 
2440000,0.65 
2450000,0.7 
2460000,0.9 
2470000,0.7 
2480000,0.65 
2490000,0.65 
2500000,0.75 
2510000,1.45 
2520000,1.15 
2530000,1.55 
2540000,1.4 
2550000,1.2 
2560000,1.75 
2570000,1.6 
2580000,1.55 
2590000,1.5 
2600000,1.3 
2610000,0.75 
2620000,0.95 
2630000,0.85 
2640000,0.65 
2650000,1.0 
2660000,0.7 
2670000,0.85 
2680000,0.75 
2690000,0.85 
2700000,1.05 
2710000,1.05 
2720000,0.85 
2730000,1.1 
2740000,1.05 
2750000,1.05 
2760000,1.0 
2770000,0.6 
2780000,1.15 
2790000,1.6 
2800000,1.15 
2810000,1.05 
2820000,0.9 
2830000,0.8 
2840000,0.95 
2850000,0.8 
2860000,1.0 
2870000,1.15 
2880000,1.3 
2890000,1.3 
2900000,0.9 
2910000,1.05 
2920000,1.05 
2930000,1.05 
2940000,0.8 
2950000,0.9 
2960000,1.0 
2970000,0.95 
2980000,1.35 
2990000,1.45 
3000000,1.2 
3010000,1.45 
3020000,1.4 
3030000,1.25 
3040000,1.45 
3050000,1.15 
3060000,0.75 
3070000,1.4 
3080000,1.35 
3090000,1.1 
3100000,1.45 
3110000,1.55 
3120000,1.05 
3130000,1.1 
3140000,1.25 
3150000,1.05 
3160000,0.9 
3170000,1.35 
3180000,1.15 
3190000,1.6 
3200000,2.0 
3210000,1.8 
3220000,1.8 
3230000,1.95 
3240000,1.9 
3250000,1.95 
3260000,2.05 
3270000,1.8 
3280000,2.1 
3290000,1.4 
3300000,2.3 
3310000,1.75 
3320000,1.8 
3330000,1.35 
3340000,1.55 
3350000,1.3 
3360000,1.5 
3370000,1.35 
3380000,1.55 
3390000,1.4 
3400000,1.25 
3410000,1.25 
3420000,1.55 
3430000,0.85 
3440000,0.95 
3450000,1.25 
3460000,1.4 
3470000,1.1 
3480000,1.45 
3490000,1.25 
3500000,1.45 
3510000,1.45 
3520000,1.85 
3530000,1.55 
3540000,1.55 
3550000,2.1 
3560000,1.8 
3570000,1.05 
3580000,1.7 
3590000,1.4 
3600000,1.95 
3610000,2.0 
3620000,1.6 
3630000,2.15 
3640000,2.2 
3650000,2.1 
3660000,2.3 
3670000,2.2 
3680000,2.25 
3690000,2.45 
3700000,2.25 
3710000,2.75 
3720000,3.05 
3730000,2.6 
3740000,2.4 
3750000,2.9 
3760000,2.35 
3770000,3.0 
3780000,2.05 
3790000,2.55 
3800000,2.7 
3810000,2.35 
3820000,2.05 
3830000,1.65 
3840000,1.75 
3850000,1.6 
3860000,2.5 
3870000,2.4 
3880000,1.85 
3890000,2.2 
3900000,3.05 
3910000,2.7 
3920000,2.65 
3930000,2.5 
3940000,2.55 
3950000,2.55 
3960000,2.2 
3970000,2.4 
3980000,2.6 
3990000,2.25 
4000000,1.85 
4010000,1.45 
4020000,1.15 
4030000,1.4 
4040000,1.4 
4050000,1.85 
4060000,2.05 
4070000,1.85 
4080000,2.15 
4090000,2.8 
4100000,2.55 
4110000,2.15 
4120000,2.75 
4130000,2.7 
4140000,3.35 
4150000,2.1 
4160000,2.3 
4170000,3.1 
4180000,2.85 
4190000,2.85 
4200000,2.65 
4210000,3.1 
4220000,2.1 
4230000,3.35 
4240000,2.7 
4250000,2.25 
4260000,2.3 
4270000,2.6 
4280000,2.05 
4290000,1.75 
4300000,2.25 
4310000,2.85 
4320000,2.15 
4330000,2.35 
4340000,2.9 
4350000,3.7 
4360000,4.0 
4370000,3.4 
4380000,3.85 
4390000,3.45 
4400000,3.85 
4410000,3.9 
4420000,3.0 
4430000,3.85 
4440000,2.85 
4450000,3.0 
4460000,2.85 
4470000,3.5 
4480000,3.5 
4490000,2.05 
4500000,3.0 
4510000,2.15 
4520000,2.8 
4530000,2.7 
4540000,3.15 
4550000,3.05 
4560000,2.35 
4570000,3.3 
4580000,3.9 
4590000,4.05 
4600000,4.0 
4610000,4.15 
4620000,4.15 
4630000,4.3 
4640000,3.85 
4650000,4.0 
4660000,3.85 
4670000,4.4 
4680000,2.65 
4690000,2.55 
4700000,2.6 
4710000,2.75 
4720000,3.1 
4730000,2.8 
4740000,2.3 
4750000,1.95 
4760000,1.9 
4770000,2.15 
4780000,2.15 
4790000,2.1 
4800000,2.05 
4810000,2.35 
4820000,2.6 
4830000,2.8 
4840000,3.2 
4850000,3.05 
4860000,3.1 
4870000,1.8 
4880000,2.85 
4890000,2.55 
4900000,2.6 
4910000,3.4 
4920000,3.05 
4930000,2.55 
4940000,2.85 
4950000,3.2 
4960000,2.95 
4970000,3.1 
4980000,3.2 
4990000,3.0 
5000000,2.05 
5010000,2.5 
5020000,2.4 
5030000,2.75 
5040000,2.6 
5050000,2.25 
5060000,2.2 
5070000,1.4 
5080000,1.6 
5090000,3.1 
5100000,2.7 
5110000,2.4 
5120000,2.55 
5130000,3.4 
5140000,4.1 
5150000,3.35 
5160000,3.8 
5170000,4.2 
5180000,4.65 
5190000,3.1 
5200000,2.6 
5210000,3.75 
5220000,3.25 
5230000,2.65 
5240000,3.3 
5250000,2.85 
5260000,2.55 
5270000,2.45 
5280000,1.75 
5290000,2.2 
5300000,2.25 
5310000,2.8 
5320000,2.45 
5330000,2.5 
5340000,2.8 
5350000,3.1 
5360000,2.6 
5370000,3.15 
5380000,3.75 
5390000,3.75 
5400000,3.45 
5410000,3.1 
5420000,3.5 
5430000,3.95 
5440000,3.55 
5450000,3.1 
5460000,3.4 
5470000,3.35 
5480000,2.6 
5490000,3.0 
5500000,3.15 
5510000,4.0 
5520000,3.6 
5530000,4.15 
5540000,3.75 
5550000,4.65 
5560000,2.45 
5570000,3.6 
5580000,3.55 
5590000,3.65 
5600000,3.65 
5610000,3.45 
5620000,3.4 
5630000,3.35 
5640000,3.7 
5650000,4.1 
5660000,3.05 
5670000,3.45 
5680000,3.5 
5690000,3.45 
5700000,3.95 
5710000,3.45 
5720000,3.3 
5730000,4.3 
5740000,4.55 
5750000,3.1 
5760000,3.15 
5770000,3.5 
5780000,3.85 
5790000,3.35 
5800000,3.7 
5810000,2.7 
5820000,3.5 
5830000,3.05 
5840000,3.9 
5850000,3.75 
5860000,3.05 
5870000,3.6 
5880000,3.25 
5890000,3.0 
5900000,3.2 
5910000,3.25 
5920000,4.7 
5930000,3.65 
5940000,4.4 
5950000,4.35 
5960000,3.75 
5970000,4.0 
5980000,3.2 
5990000,2.6 
6000000,3.55 
6010000,2.3 
6020000,2.9 
6030000,3.5 
6040000,2.35 
6050000,1.9 
6060000,2.1 
6070000,1.85 
6080000,2.6 
6090000,2.35 
6100000,1.65 
6110000,1.05 
6120000,2.05 
6130000,1.45 
6140000,1.9 
6150000,2.0 
6160000,2.4 
6170000,2.3 
6180000,2.55 
6190000,3.05 
6200000,3.35 
6210000,3.2 
6220000,2.65 
6230000,3.5 
6240000,3.45 
6250000,2.6 
6260000,3.5 
6270000,3.25 
6280000,3.9 
6290000,3.2 
6300000,3.2 
6310000,3.05 
6320000,3.15 
6330000,2.9 
6340000,3.15 
6350000,2.6 
6360000,2.95 
6370000,2.85 
6380000,3.05 
6390000,3.25 
6400000,3.3 
6410000,2.3 
6420000,2.9 
6430000,3.35 
6440000,3.15 
6450000,3.4 
6460000,4.15 
6470000,2.3 
6480000,3.5 
6490000,3.2 
6500000,3.1 
6510000,2.9 
6520000,2.85 
6530000,2.6 
6540000,2.7 
6550000,2.95 
6560000,2.7 
6570000,2.55 
6580000,2.1 
6590000,3.25 
6600000,2.55 
6610000,2.95 
6620000,2.15 
6630000,2.05 
6640000,1.4 
6650000,2.15 
6660000,1.65 
6670000,2.0 
6680000,2.05 
6690000,1.9 
6700000,1.75 
6710000,2.4 
6720000,2.35 
6730000,2.15 
6740000,2.15 
6750000,2.0 
6760000,2.35 
6770000,2.05 
6780000,2.15 
6790000,2.2 
6800000,1.8 
6810000,2.3 
6820000,2.15 
6830000,2.3 
6840000,2.05 
6850000,1.8 
6860000,1.85 
6870000,2.3 
6880000,1.95 
6890000,2.05 
6900000,2.5 
6910000,2.3 
6920000,2.85 
6930000,2.45 
6940000,2.55 
6950000,2.5 
6960000,2.65 
6970000,3.0 
6980000,2.35 
6990000,2.8 
7000000,3.2 
7010000,2.9 
7020000,2.9 
7030000,3.55 
7040000,3.15 
7050000,3.3 
7060000,4.0 
7070000,3.5 
7080000,4.2 
7090000,3.85 
7100000,3.4 
7110000,3.25 
7120000,3.1 
7130000,3.7 
7140000,2.8 
7150000,2.8 
7160000,3.5 
7170000,2.9 
7180000,2.4 
7190000,3.2 
7200000,2.95 
7210000,2.7 
7220000,3.45 
7230000,3.3 
7240000,3.05 
7250000,3.1 
7260000,2.95 
7270000,2.9 
7280000,3.6 
7290000,3.2 
7300000,2.75 
7310000,2.95 
7320000,2.9 
7330000,3.25 
7340000,3.45 
7350000,3.3 
7360000,3.35 
7370000,2.9 
7380000,2.65 
7390000,2.3 
7400000,3.5 
7410000,2.7 
7420000,2.65 
7430000,2.6 
7440000,2.7 
7450000,2.4 
7460000,2.8 
7470000,2.35 
7480000,2.75 
7490000,2.35 
7500000,2.15 
7510000,2.6 
7520000,2.4 
7530000,2.45 
7540000,2.0 
7550000,1.85 
7560000,2.35 
7570000,2.15 
7580000,2.0 
7590000,2.05 
7600000,1.95 
7610000,1.9 
7620000,1.95 
7630000,1.65 
7640000,2.0 
7650000,1.9 
7660000,2.1 
7670000,2.1 
7680000,2.25 
7690000,2.2 
7700000,2.45 
7710000,2.8 
7720000,2.55 
7730000,2.65 
7740000,2.65 
7750000,2.05 
7760000,2.5 
7770000,2.55 
7780000,2.8 
7790000,2.55 
7800000,2.1 
7810000,2.75 
7820000,2.75 
7830000,2.5 
7840000,3.05 
7850000,2.75 
7860000,2.7 
7870000,2.5 
7880000,2.95 
7890000,2.45 
7900000,2.8 
7910000,2.8 
7920000,2.8 
7930000,2.85 
7940000,3.2 
7950000,2.85 
7960000,2.65 
7970000,2.9 
7980000,2.65 
7990000,2.5 
8000000,2.8 
8010000,2.6 
8020000,2.3 
8030000,2.95 
8040000,2.8 
8050000,2.85 
8060000,2.35 
8070000,2.5 
8080000,2.8 
8090000,3.35 
8100000,2.95 
8110000,2.9 
8120000,3.1 
8130000,3.9 
8140000,3.4 
8150000,4.6 
8160000,5.45 
8170000,3.3 
8180000,4.35 
8190000,3.8 
8200000,5.45 
8210000,4.65 
8220000,3.35 
8230000,3.4 
8240000,4.4 
8250000,3.4 
8260000,4.25 
8270000,4.75 
8280000,3.65 
8290000,3.0 
8300000,3.35 
8310000,4.0 
8320000,3.9 
8330000,3.9 
8340000,3.75 
8350000,3.65 
8360000,2.7 
8370000,2.3 
8380000,3.15 
8390000,2.95 
8400000,3.0 
8410000,2.45 
8420000,2.65 
8430000,2.55 
8440000,2.7 
8450000,3.4 
8460000,2.75 
8470000,2.45 
8480000,2.5 
8490000,2.8 
8500000,2.8 
8510000,3.0 
8520000,2.45 
8530000,2.85 
8540000,2.85 
8550000,2.25 
8560000,2.2 
8570000,2.3 
8580000,2.15 
8590000,2.2 
8600000,1.95 
8610000,1.85 
8620000,1.45 
8630000,1.4 
8640000,1.45 
8650000,2.3 
8660000,1.75 
8670000,2.15 
8680000,1.85 
8690000,1.8 
8700000,1.95 
8710000,2.35 
8720000,2.15 
8730000,2.4 
8740000,2.55 
8750000,2.2 
8760000,2.2 
8770000,2.7 
8780000,2.85 
8790000,2.85 
8800000,2.65 
8810000,2.95 
8820000,2.85 
8830000,2.7 
8840000,2.85 
8850000,2.75 
8860000,2.45 
8870000,2.35 
8880000,2.9 
8890000,2.2 
8900000,2.7 
8910000,2.7 
8920000,2.85 
8930000,2.35 
8940000,2.85 
8950000,2.95 
8960000,2.65 
8970000,2.25 
8980000,2.5 
8990000,3.0 
9000000,2.75 
9010000,3.5 
9020000,3.25 
9030000,2.65 
9040000,2.85 
9050000,3.15 
9060000,3.35 
9070000,2.45 
9080000,3.15 
9090000,3.1 
9100000,2.75 
9110000,3.15 
9120000,3.3 
9130000,2.85 
9140000,3.65 
9150000,3.4 
9160000,2.95 
9170000,3.65 
9180000,2.85 
9190000,3.5 
9200000,2.95 
9210000,3.5 
9220000,3.6 
9230000,2.75 
9240000,3.0 
9250000,2.65 
9260000,3.3 
9270000,2.7 
9280000,3.1 
9290000,3.05 
9300000,3.5 
9310000,3.55 
9320000,3.8 
9330000,3.9 
9340000,3.1 
9350000,3.25 
9360000,3.25 
9370000,3.6 
9380000,3.9 
9390000,2.9 
9400000,3.2 
9410000,2.8 
9420000,3.35 
9430000,2.85 
9440000,2.95 
9450000,3.15 
9460000,3.05 
9470000,2.9 
9480000,2.8 
9490000,3.65 
9500000,4.05 
9510000,3.4 
9520000,3.1 
9530000,2.75 
9540000,2.85 
9550000,2.8 
9560000,2.85 
9570000,2.4 
9580000,2.55 
9590000,2.35 
9600000,2.65 
9610000,2.65 
9620000,2.4 
9630000,2.35 
9640000,2.25 
9650000,2.6 
9660000,2.55 
9670000,2.7 
9680000,2.45 
9690000,3.0 
9700000,2.35 
9710000,2.4 
9720000,3.2 
9730000,2.7 
9740000,3.05 
9750000,3.1 
9760000,3.1 
9770000,2.65 
9780000,2.6 
9790000,3.05 
9800000,2.35 
9810000,2.8 
9820000,2.4 
9830000,2.35 
9840000,2.9 
9850000,2.55 
9860000,2.55 
9870000,2.65 
9880000,2.5 
9890000,2.65 
9900000,2.8 
9910000,3.05 
9920000,2.5 
9930000,3.3 
9940000,2.25 
9950000,3.0 
9960000,2.5 
9970000,2.85 
9980000,2.7 
9990000,2.55 
10000000,2.35 
10010000,2.05 
10020000,2.75 
10030000,2.75 
10040000,2.2 
10050000,1.85 
10060000,2.3 
10070000,2.2 
10080000,2.6 
10090000,2.7 
10100000,2.6 
10110000,2.45 
10120000,2.35 
10130000,2.6 
10140000,2.1 
10150000,2.8 
10160000,2.45 
10170000,2.4 
10180000,2.6 
10190000,2.45 
10200000,2.55 
10210000,2.35 
10220000,2.25 
10230000,2.55 
10240000,2.55 
10250000,3.15 
10260000,2.6 
10270000,3.3 
10280000,2.3 
10290000,2.5 
10300000,3.1 
10310000,2.55 
10320000,2.65 
10330000,2.6 
10340000,2.6 
10350000,2.4 
10360000,2.35 
10370000,2.55 
10380000,2.45 
10390000,3.35 
10400000,3.5 
10410000,3.6 
10420000,3.3 
10430000,3.65 
10440000,4.5 
10450000,3.35 
10460000,3.05 
10470000,3.3 
10480000,3.85 
10490000,2.7 
10500000,3.3 
10510000,4.15 
10520000,2.95 
10530000,3.1 
10540000,2.65 
10550000,3.2 
10560000,2.85 
10570000,3.1 
10580000,3.2 
10590000,3.25 
10600000,3.4 
10610000,3.0 
10620000,2.95 
10630000,3.45 
10640000,3.25 
10650000,3.15 
10660000,3.55 
10670000,3.45 
10680000,3.45 
10690000,3.6 
10700000,3.6 
10710000,3.2 
10720000,3.6 
10730000,3.0 
10740000,2.85 
10750000,2.4 
10760000,2.4 
10770000,2.45 
10780000,2.75 
10790000,2.1 
10800000,2.6 
10810000,2.1 
10820000,2.2 
10830000,2.3 
10840000,2.25 
10850000,2.15 
10860000,2.35 
10870000,2.15 
10880000,2.2 
10890000,2.1 
10900000,2.25 
10910000,2.15 
10920000,2.35 
10930000,2.2 
10940000,2.4 
10950000,2.75 
10960000,2.8 
10970000,2.75 
10980000,3.25 
10990000,2.4 
11000000,2.3 
11010000,2.9 
11020000,2.3 
11030000,2.15 
11040000,2.35 
11050000,2.8 
11060000,2.45 
11070000,2.45 
11080000,2.95 
11090000,2.25 
11100000,2.35 
11110000,2.6 
11120000,2.5 
11130000,2.85 
11140000,2.5 
11150000,3.0 
11160000,2.9 
11170000,2.65 
11180000,2.5 
11190000,2.1 
11200000,2.6 
11210000,2.6 
11220000,2.85 
11230000,3.45 
11240000,3.2 
11250000,2.95 
11260000,2.6 
11270000,2.85 
11280000,2.9 
11290000,2.45 
11300000,3.3 
11310000,3.4 
11320000,4.05 
11330000,3.65 
11340000,3.5 
11350000,3.7 
11360000,3.85 
11370000,4.1 
11380000,3.4 
11390000,3.65 
11400000,4.25 
11410000,4.3 
11420000,4.4 
11430000,3.75 
11440000,4.0 
11450000,3.6 
11460000,3.3 
11470000,3.1 
11480000,2.95 
11490000,3.45 
11500000,2.95 
11510000,2.8 
11520000,2.85 
11530000,2.9 
11540000,3.2 
11550000,3.95 
11560000,3.05 
11570000,3.1 
11580000,3.1 
11590000,3.3 
11600000,3.4 
11610000,3.2 
11620000,3.15 
11630000,3.2 
11640000,3.05 
11650000,2.55 
11660000,2.65 
11670000,2.55 
11680000,2.85 
11690000,2.55 
11700000,2.95 
11710000,2.15 
11720000,2.4 
11730000,2.85 
11740000,2.9 
11750000,2.7 
11760000,2.55 
11770000,2.25 
11780000,2.75 
11790000,2.35 
11800000,2.45 
11810000,2.55 
11820000,2.1 
11830000,2.4 
11840000,2.5 
11850000,2.6 
11860000,2.85 
11870000,2.45 
11880000,2.75 
11890000,2.75 
11900000,2.55 
11910000,2.45 
11920000,2.15 
11930000,2.45 
11940000,2.5 
11950000,2.3 
11960000,2.4 
11970000,2.7 
11980000,3.1 
11990000,2.45 
12000000,2.8 
12010000,2.7 
12020000,2.45 
12030000,3.0 
12040000,2.95 
12050000,3.0 
12060000,2.65 
12070000,3.1 
12080000,2.4 
12090000,2.4 
12100000,3.1 
12110000,2.5 
12120000,2.4 
12130000,2.5 
12140000,2.5 
12150000,2.4 
12160000,3.0 
12170000,2.7 
12180000,2.4 
12190000,2.8 
12200000,2.8 
12210000,2.55 
12220000,2.2 
12230000,3.25 
12240000,2.6 
12250000,3.1 
12260000,2.85 
12270000,2.5 
12280000,3.3 
12290000,2.7 
12300000,2.9 
12310000,2.8 
12320000,3.0 
12330000,3.1 
12340000,2.85 
12350000,2.85 
12360000,3.75 
12370000,3.2 
12380000,2.45 
12390000,2.7 
12400000,3.3 
12410000,2.4 
12420000,2.45 
12430000,2.0 
12440000,2.25 
12450000,1.75 
12460000,1.75 
12470000,2.35 
12480000,2.6 
12490000,3.15 
12500000,2.55 
12510000,2.75 
12520000,2.95 
12530000,2.2 
12540000,2.25 
12550000,2.0 
12560000,1.85 
12570000,2.05 
12580000,2.5 
12590000,1.65 
12600000,1.9 
12610000,2.2 
12620000,2.0 
12630000,1.7 
12640000,1.95 
12650000,1.7 
12660000,1.8 
12670000,2.05 
12680000,1.9 
12690000,1.95 
12700000,2.0 
12710000,2.05 
12720000,2.2 
12730000,2.1 
12740000,2.1 
12750000,2.55 
12760000,1.9 
12770000,2.4 
12780000,2.35 
12790000,2.05 
12800000,2.35 
12810000,2.4 
12820000,2.2 
12830000,1.75 
12840000,2.0 
12850000,2.5 
12860000,2.4 
12870000,2.2 
12880000,2.1 
12890000,2.0 
12900000,2.35 
12910000,2.15 
12920000,2.15 
12930000,3.0 
12940000,2.3 
12950000,2.45 
12960000,2.6 
12970000,2.5 
12980000,2.4 
12990000,2.0 
13000000,1.8 
13010000,2.6 
13020000,1.95 
13030000,2.45 
13040000,2.6 
13050000,2.5 
13060000,2.25 
13070000,2.25 
13080000,2.7 
13090000,2.05 
13100000,2.5 
13110000,2.3 
13120000,2.35 
13130000,2.95 
13140000,2.95 
13150000,2.45 
13160000,2.6 
13170000,2.25 
13180000,2.65 
13190000,2.6 
13200000,2.65 
13210000,2.1 
13220000,2.7 
13230000,2.85 
13240000,2.95 
13250000,2.5 
13260000,2.95 
13270000,3.5 
13280000,3.1 
13290000,3.4 
13300000,2.9 
13310000,3.15 
13320000,2.5 
13330000,2.95 
13340000,2.65 
13350000,2.55 
13360000,2.65 
13370000,2.55 
13380000,3.35 
13390000,2.9 
13400000,3.15 
13410000,3.4 
13420000,2.5 
13430000,2.55 
13440000,2.15 
13450000,2.05 
13460000,2.55 
13470000,2.35 
13480000,2.3 
13490000,2.7 
13500000,2.4 
13510000,3.15 
13520000,2.65 
13530000,2.6 
13540000,3.15 
13550000,2.7 
13560000,2.4 
13570000,2.55 
13580000,2.75 
13590000,2.65 
13600000,2.75 
13610000,2.55 
13620000,2.05 
13630000,2.3 
13640000,2.15 
13650000,2.0 
13660000,2.2 
13670000,1.75 
13680000,2.15 
13690000,2.0 
13700000,2.05 
13710000,1.95 
13720000,1.8 
13730000,1.8 
13740000,1.75 
13750000,2.0 
13760000,2.0 
13770000,2.3 
13780000,2.35 
13790000,2.0 
13800000,2.1 
13810000,2.35 
13820000,2.2 
13830000,2.35 
13840000,2.2 
13850000,2.2 
13860000,2.15 
13870000,1.95 
13880000,2.45 
13890000,2.3 
13900000,1.95 
13910000,1.95 
13920000,1.7 
13930000,1.6 
13940000,1.55 
13950000,1.6 
13960000,1.65 
13970000,1.25 
13980000,1.5 
13990000,2.0 
14000000,2.1 
14010000,2.75 
14020000,2.15 
14030000,2.25 
14040000,2.4 
14050000,2.3 
14060000,2.25 
14070000,2.1 
14080000,2.35 
14090000,2.4 
14100000,2.0 
14110000,2.15 
14120000,2.55 
14130000,2.45 
14140000,2.6 
14150000,2.25 
14160000,2.1 
14170000,2.3 
14180000,2.95 
14190000,2.4 
14200000,2.4 
14210000,2.7 
14220000,2.5 
14230000,2.85 
14240000,2.7 
14250000,2.8 
14260000,2.8 
14270000,2.7 
14280000,2.95 
14290000,3.05 
14300000,2.9 
14310000,2.9 
14320000,2.65 
14330000,2.6 
14340000,3.15 
14350000,2.65 
14360000,2.8 
14370000,3.7 
14380000,2.95 
14390000,2.85 
14400000,2.95 
14410000,3.1 
14420000,2.85 
14430000,2.95 
14440000,3.0 
14450000,3.2 
14460000,2.95 
14470000,3.1 
14480000,2.95 
14490000,2.55 
14500000,3.25 
14510000,2.9 
14520000,2.35 
14530000,2.15 
14540000,2.3 
14550000,2.2 
14560000,1.8 
14570000,2.35 
14580000,2.5 
14590000,1.95 
14600000,1.95 
14610000,2.1 
14620000,2.2 
14630000,2.8 
14640000,2.6 
14650000,2.7 
14660000,2.6 
14670000,2.9 
14680000,3.2 
14690000,2.25 
14700000,3.25 
14710000,2.75 
14720000,2.45 
14730000,2.55 
14740000,2.3 
14750000,2.45 
14760000,2.25 
14770000,2.15 
14780000,2.35 
14790000,2.3 
14800000,1.95 
14810000,2.1 
14820000,2.25 
14830000,1.95 
14840000,1.95 
14850000,1.55 
14860000,1.7 
14870000,1.85 
14880000,1.7 
14890000,1.75 
14900000,1.7 
14910000,1.7 
14920000,1.75 
14930000,2.15 
14940000,1.65 
14950000,2.0 
14960000,2.15 
14970000,1.85 
14980000,1.7 
14990000,1.85 
15000000,1.65 
15010000,1.45 
15020000,1.25 
15030000,1.65 
15040000,1.65 
15050000,1.45 
15060000,1.45 
15070000,1.75 
15080000,1.75 
15090000,1.65 
15100000,1.6 
15110000,1.65 
15120000,2.0 
15130000,1.65 
15140000,2.0 
15150000,1.95 
15160000,2.35 
15170000,2.25 
15180000,1.8 
15190000,2.45 
15200000,2.0 
15210000,2.5 
15220000,2.1 
15230000,2.1 
15240000,2.3 
15250000,1.95 
15260000,2.0 
15270000,2.1 
15280000,2.15 
15290000,2.55 
15300000,2.35 
15310000,2.25 
15320000,2.45 
15330000,2.55 
15340000,2.55 
15350000,2.15 
15360000,2.0 
15370000,2.2 
15380000,2.2 
15390000,2.25 
15400000,2.05 
15410000,2.3 
15420000,2.25 
15430000,1.9 
15440000,2.3 
15450000,2.3 
15460000,1.95 
15470000,2.05 
15480000,1.95 
15490000,2.3 
15500000,1.9 
15510000,2.3 
15520000,2.05 
15530000,2.15 
15540000,1.75 
15550000,2.25 
15560000,2.25 
15570000,2.4 
15580000,2.15 
15590000,2.25 
15600000,2.7 
15610000,2.3 
15620000,2.35 
15630000,2.8 
15640000,2.15 
15650000,2.2 
15660000,3.2 
15670000,2.5 
15680000,2.7 
15690000,3.25 
15700000,3.55 
15710000,2.85 
15720000,2.75 
15730000,2.9 
15740000,3.55 
15750000,3.6 
15760000,3.55 
15770000,3.0 
15780000,3.65 
15790000,3.55 
15800000,3.25 
15810000,3.05 
15820000,2.6 
15830000,2.6 
15840000,2.05 
15850000,2.85 
15860000,2.8 
15870000,2.05 
15880000,2.5 
15890000,2.65 
15900000,2.5 
15910000,3.05 
15920000,2.65 
15930000,2.2 
15940000,3.1 
15950000,2.65 
15960000,2.55 
15970000,2.65 
15980000,2.65 
15990000,3.15 
16000000,2.85 
16010000,2.35 
16020000,2.5 
16030000,2.75 
16040000,2.75 
16050000,2.05 
16060000,1.85 
16070000,2.25 
16080000,2.1 
16090000,2.45 
16100000,1.95 
16110000,1.75 
16120000,2.3 
16130000,2.0 
16140000,2.35 
16150000,2.2 
16160000,2.05 
16170000,2.5 
16180000,2.1 
16190000,2.7 
16200000,2.8 
16210000,1.95 
16220000,2.5 
16230000,2.4 
16240000,2.45 
16250000,2.6 
16260000,2.05 
16270000,2.7 
16280000,2.3 
16290000,2.65 
16300000,2.65 
16310000,2.35 
16320000,2.3 
16330000,1.9 
16340000,2.35 
16350000,2.45 
16360000,2.6 
16370000,2.2 
16380000,2.3 
16390000,2.35 
16400000,2.5 
16410000,2.15 
16420000,1.75 
16430000,1.95 
16440000,2.25 
16450000,2.05 
16460000,1.85 
16470000,2.05 
16480000,2.2 
16490000,2.2 
16500000,2.25 
16510000,2.2 
16520000,2.2 
16530000,2.35 
16540000,2.7 
16550000,2.85 
16560000,2.4 
16570000,2.35 
16580000,2.45 
16590000,2.15 
16600000,2.35 
16610000,2.05 
16620000,2.1 
16630000,2.25 
16640000,1.95 
16650000,2.65 
16660000,2.35 
16670000,2.45 
16680000,2.4 
16690000,3.05 
16700000,2.9 
16710000,2.75 
16720000,2.9 
16730000,2.95 
16740000,2.9 
16750000,2.9 
16760000,3.35 
16770000,2.9 
16780000,2.8 
16790000,3.8 
16800000,3.3 
16810000,3.55 
16820000,3.0 
16830000,2.25 
16840000,3.15 
16850000,3.2 
16860000,3.15 
16870000,2.65 
16880000,2.35 
16890000,3.35 
16900000,2.55 
16910000,2.4 
16920000,2.4 
16930000,2.8 
16940000,2.25 
16950000,2.1 
16960000,2.05 
16970000,2.25 
16980000,2.1 
16990000,2.0 
17000000,1.75 
17010000,1.75 
17020000,1.85 
17030000,2.05 
17040000,2.15 
17050000,1.5 
17060000,2.2 
17070000,2.15 
17080000,1.95 
17090000,1.7 
17100000,2.1 
17110000,2.4 
17120000,2.5 
17130000,1.9 
17140000,2.2 
17150000,2.2 
17160000,2.1 
17170000,2.2 
17180000,2.6 
17190000,2.55 
17200000,2.3 
17210000,2.3 
17220000,2.25 
17230000,2.35 
17240000,2.5 
17250000,2.35 
17260000,2.65 
17270000,2.4 
17280000,2.65 
17290000,2.5 
17300000,3.15 
17310000,2.9 
17320000,3.0 
17330000,3.4 
17340000,2.65 
17350000,2.8 
17360000,2.65 
17370000,2.95 
17380000,2.65 
17390000,3.1 
17400000,3.25 
17410000,3.35 
17420000,3.1 
17430000,3.75 
17440000,3.5 
17450000,3.05 
17460000,2.85 
17470000,3.05 
17480000,2.7 
17490000,2.15 
17500000,2.7 
17510000,2.2 
17520000,2.8 
17530000,3.0 
17540000,1.95 
17550000,3.2 
17560000,2.65 
17570000,3.05 
17580000,3.25 
17590000,2.45 
17600000,2.15 
17610000,2.45 
17620000,2.3 
17630000,2.45 
17640000,2.25 
17650000,2.9 
17660000,2.35 
17670000,2.65 
17680000,2.5 
17690000,2.6 
17700000,3.15 
17710000,2.2 
17720000,2.35 
17730000,2.5 
17740000,2.0 
17750000,2.5 
17760000,2.35 
17770000,2.2 
17780000,2.1 
17790000,1.85 
17800000,2.3 
17810000,2.15 
17820000,2.2 
17830000,2.75 
17840000,2.25 
17850000,2.6 
17860000,2.4 
17870000,2.55 
17880000,3.05 
17890000,3.1 
17900000,3.0 
17910000,2.45 
17920000,2.15 
17930000,2.4 
17940000,2.75 
17950000,2.2 
17960000,2.5 
17970000,2.65 
17980000,2.95 
17990000,3.35 
18000000,2.9 
18010000,2.45 
18020000,2.2 
18030000,2.6 
18040000,2.3 
18050000,2.25 
18060000,2.5 
18070000,2.5 
18080000,2.15 
18090000,2.5 
18100000,2.45 
18110000,2.3 
18120000,2.0 
18130000,2.15 
18140000,2.15 
18150000,2.6 
18160000,1.85 
18170000,2.2 
18180000,1.8 
18190000,2.1 
18200000,2.1 
18210000,2.0 
18220000,2.05 
18230000,2.9 
18240000,1.75 
18250000,1.75 
18260000,2.9 
18270000,2.4 
18280000,2.1 
18290000,2.2 
18300000,1.95 
18310000,3.25 
18320000,2.15 
18330000,2.8 
18340000,1.95 
18350000,2.15 
18360000,2.1 
18370000,2.1 
18380000,2.55 
18390000,2.95 
18400000,2.35 
18410000,2.9 
18420000,2.75 
18430000,2.8 
18440000,3.5 
18450000,2.85 
18460000,3.15 
18470000,3.4 
18480000,3.45 
18490000,3.2 
18500000,3.35 
18510000,3.05 
18520000,3.1 
18530000,3.5 
18540000,3.5 
18550000,3.4 
18560000,3.15 
18570000,3.3 
18580000,2.7 
18590000,3.1 
18600000,3.0 
18610000,2.85 
18620000,2.95 
18630000,3.4 
18640000,3.35 
18650000,3.25 
18660000,3.35 
18670000,2.8 
18680000,2.7 
18690000,2.7 
18700000,3.15 
18710000,2.8 
18720000,2.05 
18730000,2.15 
18740000,3.0 
18750000,2.4 
18760000,2.45 
18770000,3.05 
18780000,2.6 
18790000,2.55 
18800000,2.4 
18810000,2.4 
18820000,2.85 
18830000,3.25 
18840000,2.1 
18850000,2.95 
18860000,2.3 
18870000,2.6 
18880000,2.35 
18890000,2.9 
18900000,2.6 
18910000,2.4 
18920000,2.65 
18930000,2.15 
18940000,2.5 
18950000,2.65 
18960000,2.9 
18970000,2.65 
18980000,2.6 
18990000,2.65 
19000000,3.2 
19010000,3.2 
19020000,3.1 
19030000,3.0 
19040000,3.75 
19050000,2.7 
19060000,2.45 
19070000,2.75 
19080000,2.85 
19090000,2.95 
19100000,2.65 
19110000,2.65 
19120000,2.9 
19130000,3.1 
19140000,2.65 
19150000,2.7 
19160000,2.5 
19170000,3.3 
19180000,2.85 
19190000,2.7 
19200000,2.6 
19210000,2.25 
19220000,2.15 
19230000,2.35 
19240000,2.05 
19250000,1.9 
19260000,2.05 
19270000,2.5 
19280000,2.45 
19290000,2.35 
19300000,2.15 
19310000,2.5 
19320000,2.05 
19330000,2.15 
19340000,2.3 
19350000,2.1 
19360000,1.8 
19370000,2.0 
19380000,2.15 
19390000,2.45 
19400000,2.2 
19410000,2.15 
19420000,1.9 
19430000,2.15 
19440000,2.2 
19450000,2.7 
19460000,2.25 
19470000,2.1 
19480000,2.0 
19490000,2.05 
19500000,2.45 
19510000,1.8 
19520000,1.9 
19530000,2.05 
19540000,1.75 
19550000,2.1 
19560000,2.4 
19570000,2.15 
19580000,2.2 
19590000,2.4 
19600000,2.6 
19610000,2.25 
19620000,2.85 
19630000,2.4 
19640000,2.7 
19650000,2.55 
19660000,2.4 
19670000,2.8 
19680000,2.85 
19690000,2.65 
19700000,2.6 
19710000,2.55 
19720000,3.45 
19730000,3.15 
19740000,3.55 
19750000,3.4 
19760000,2.6 
19770000,3.2 
19780000,3.2 
19790000,3.4 
19800000,3.5 
19810000,2.95 
19820000,2.5 
19830000,3.15 
19840000,3.15 
19850000,3.45 
19860000,2.9 
19870000,2.75 
19880000,2.55 
19890000,2.35 
19900000,2.45 
19910000,2.0 
19920000,2.35 
19930000,2.45 
19940000,2.25 
19950000,2.55 
19960000,2.25 
19970000,2.15 
19980000,2.65 
19990000,2.05 
20000000,2.05 
20010000,2.3 
20020000,2.0 
20030000,2.55 
20040000,2.6 
20050000,2.05 
20060000,2.15 
20070000,2.05 
20080000,2.4 
20090000,2.05 
20100000,2.35 
20110000,2.45 
20120000,2.3 
20130000,2.7 
20140000,2.3 
20150000,2.25 
20160000,2.4 
20170000,2.35 
20180000,2.6 
20190000,2.1 
20200000,2.4 
20210000,2.3 
20220000,2.45 
20230000,2.25 
20240000,2.1 
20250000,1.7 
20260000,2.0 
20270000,2.15 
20280000,2.1 
20290000,2.25 
20300000,2.15 
20310000,2.2 
20320000,2.45 
20330000,1.95 
20340000,2.0 
20350000,2.15 
20360000,1.85 
20370000,2.7 
20380000,2.1 
20390000,2.4 
20400000,2.5 
20410000,2.45 
20420000,2.25 
20430000,2.3 
20440000,2.75 
20450000,2.3 
20460000,2.35 
20470000,2.6 
20480000,2.85 
20490000,2.5 
20500000,2.75 
20510000,3.0 
20520000,2.45 
20530000,2.4 
20540000,2.45 
20550000,2.35 
20560000,2.05 
20570000,1.5 
20580000,1.9 
20590000,2.1 
20600000,1.95 
20610000,2.05 
20620000,2.35 
20630000,2.65 
20640000,2.8 
20650000,2.3 
20660000,2.55 
20670000,2.35 
20680000,2.45 
20690000,2.5 
20700000,2.85 
20710000,2.4 
20720000,2.1 
20730000,2.25 
20740000,2.5 
20750000,2.05 
20760000,2.4 
20770000,2.5 
20780000,2.75 
20790000,2.35 
20800000,2.65 
20810000,2.8 
20820000,2.25 
20830000,1.9 
20840000,2.25 
20850000,2.35 
20860000,2.7 
20870000,2.4 
20880000,2.15 
20890000,2.65 
20900000,2.9 
20910000,2.75 
20920000,2.9 
20930000,2.3 
20940000,2.7 
20950000,3.0 
20960000,3.35 
20970000,3.3 
20980000,3.2 
20990000,3.35 
21000000,3.25 
21010000,3.25 
21020000,3.4 
21030000,3.85 
21040000,3.4 
21050000,3.8 
21060000,3.1 
21070000,3.25 
21080000,3.4 
21090000,2.85 
21100000,2.9 
21110000,2.65 
21120000,2.75 
21130000,2.15 
21140000,2.3 
21150000,2.55 
21160000,2.85 
21170000,2.65 
21180000,2.15 
21190000,2.3 
21200000,2.1 
21210000,1.95 
21220000,2.1 
21230000,2.05 
21240000,2.35 
21250000,1.95 
21260000,2.3 
21270000,2.05 
21280000,1.9 
21290000,2.45 
21300000,2.0 
21310000,1.85 
21320000,2.15 
21330000,2.4 
21340000,2.0 
21350000,2.15 
21360000,2.15 
21370000,2.5 
21380000,2.3 
21390000,2.4 
21400000,2.45 
21410000,1.95 
21420000,2.3 
21430000,2.45 
21440000,1.9 
21450000,2.75 
21460000,2.65 
21470000,2.25 
21480000,2.1 
21490000,2.2 
21500000,2.3 
21510000,2.2 
21520000,2.25 
21530000,1.95 
21540000,2.25 
21550000,2.25 
21560000,2.2 
21570000,2.3 
21580000,2.2 
21590000,1.65 
21600000,2.05 
21610000,1.95 
21620000,2.4 
21630000,2.35 
21640000,2.55 
21650000,2.75 
21660000,2.8 
21670000,3.0 
21680000,3.05 
21690000,2.75 
21700000,3.7 
21710000,3.3 
21720000,3.65 
21730000,3.8 
21740000,3.25 
21750000,3.85 
21760000,2.85 
21770000,3.65 
21780000,3.05 
21790000,3.1 
21800000,2.65 
21810000,2.9 
21820000,2.75 
21830000,3.0 
21840000,3.15 
21850000,2.75 
21860000,2.45 
21870000,2.65 
21880000,3.15 
21890000,2.4 
21900000,2.75 
21910000,2.15 
21920000,3.0 
21930000,3.0 
21940000,2.65 
21950000,2.55 
21960000,3.1 
21970000,2.5 
21980000,2.85 
21990000,2.7 
22000000,2.6 
22010000,2.35 
22020000,2.45 
22030000,3.4 
22040000,3.15 
22050000,2.9 
22060000,3.95 
22070000,4.1 
22080000,3.5 
22090000,3.6 
22100000,2.85 
22110000,3.2 
22120000,3.0 
22130000,2.55 
22140000,2.3 
22150000,2.35 
22160000,2.35 
22170000,2.3 
22180000,2.8 
22190000,2.4 
22200000,2.35 
22210000,2.9 
22220000,3.3 
22230000,2.45 
22240000,2.85 
22250000,2.65 
22260000,2.4 
22270000,2.55 
22280000,2.45 
22290000,2.5 
22300000,2.75 
22310000,2.7 
22320000,2.55 
22330000,2.6 
22340000,2.55 
22350000,3.2 
22360000,2.55 
22370000,2.55 
22380000,2.35 
22390000,2.35 
22400000,2.45 
22410000,2.45 
22420000,2.65 
22430000,2.05 
22440000,1.85 
22450000,2.0 
22460000,2.05 
22470000,2.1 
22480000,2.55 
22490000,2.15 
22500000,2.4 
22510000,2.8 
22520000,2.25 
22530000,2.55 
22540000,2.05 
22550000,2.1 
22560000,1.8 
22570000,2.3 
22580000,2.5 
22590000,2.35 
22600000,1.85 
22610000,2.35 
22620000,3.0 
22630000,2.75 
22640000,2.7 
22650000,2.4 
22660000,2.55 
22670000,2.35 
22680000,2.35 
22690000,2.5 
22700000,2.6 
22710000,2.55 
22720000,2.25 
22730000,3.1 
22740000,2.35 
22750000,2.6 
22760000,2.3 
22770000,2.25 
22780000,2.4 
22790000,2.1 
22800000,2.15 
22810000,2.25 
22820000,2.35 
22830000,2.25 
22840000,2.45 
22850000,2.35 
22860000,2.05 
22870000,2.1 
22880000,1.9 
22890000,1.95 
22900000,2.0 
22910000,2.0 
22920000,2.05 
22930000,1.85 
22940000,1.85 
22950000,2.3 
22960000,1.75 
22970000,1.85 
22980000,2.0 
22990000,2.15 
23000000,1.95 
23010000,1.85 
23020000,1.95 
23030000,2.25 
23040000,2.05 
23050000,1.8 
23060000,2.0 
23070000,2.15 
23080000,2.5 
23090000,2.35 
23100000,1.95 
23110000,2.45 
23120000,2.45 
23130000,2.65 
23140000,2.7 
23150000,2.2 
23160000,2.3 
23170000,2.15 
23180000,1.9 
23190000,2.0 
23200000,2.55 
23210000,1.95 
23220000,2.1 
23230000,2.55 
23240000,2.3 
23250000,2.4 
23260000,2.5 
23270000,2.4 
23280000,2.65 
23290000,2.6 
23300000,2.6 
23310000,2.35 
23320000,2.55 
23330000,2.45 
23340000,2.45 
23350000,2.45 
23360000,2.65 
23370000,2.85 
23380000,2.7 
23390000,2.6 
23400000,2.8 
23410000,2.4 
23420000,2.3 
23430000,2.5 
23440000,2.6 
23450000,2.55 
23460000,2.45 
23470000,2.45 
23480000,2.35 
23490000,2.6 
23500000,2.35 
23510000,2.0 
23520000,2.0 
23530000,2.3 
23540000,2.1 
23550000,2.25 
23560000,2.8 
23570000,2.55 
23580000,2.15 
23590000,2.65 
23600000,2.5 
23610000,2.15 
23620000,2.5 
23630000,2.35 
23640000,2.6 
23650000,2.2 
23660000,2.0 
23670000,2.15 
23680000,2.3 
23690000,2.25 
23700000,2.3 
23710000,2.05 
23720000,2.4 
23730000,2.0 
23740000,1.95 
23750000,2.1 
23760000,1.9 
23770000,1.8 
23780000,2.05 
23790000,2.2 
23800000,2.1 
23810000,2.1 
23820000,1.9 
23830000,1.8 
23840000,2.05 
23850000,1.9 
23860000,2.1 
23870000,2.05 
23880000,1.9 
23890000,1.9 
23900000,1.75 
23910000,1.85 
23920000,1.85 
23930000,1.8 
23940000,2.05 
23950000,2.0 
23960000,2.0 
23970000,2.0 
23980000,2.0 
23990000,1.9 
24000000,2.05 
24010000,1.95 
24020000,1.95 
24030000,1.85 
24040000,1.75 
24050000,1.9 
24060000,1.95 
24070000,1.85 
24080000,1.65 
24090000,1.65 
24100000,1.9 
24110000,2.05 
24120000,1.9 
24130000,2.2 
24140000,1.75 
24150000,1.95 
24160000,1.95 
24170000,2.0 
24180000,2.05 
24190000,2.0 
24200000,2.1 
24210000,2.25 
24220000,2.0 
24230000,1.9 
24240000,2.2 
24250000,2.15 
24260000,2.3 
24270000,2.2 
24280000,2.2 
24290000,2.15 
24300000,2.25 
24310000,2.25 
24320000,2.8 
24330000,2.45 
24340000,2.5 
24350000,2.15 
24360000,2.2 
24370000,1.85 
24380000,2.55 
24390000,2.1 
24400000,2.85 
24410000,2.5 
24420000,2.65 
24430000,2.55 
24440000,1.8 
24450000,2.4 
24460000,2.05 
24470000,2.15 
24480000,1.85 
24490000,1.95 
24500000,2.05 
24510000,2.6 
24520000,2.05 
24530000,2.6 
24540000,2.25 
24550000,2.5 
24560000,2.65 
24570000,2.3 
24580000,2.5 
24590000,2.5 
24600000,2.5 
24610000,2.35 
24620000,2.55 
24630000,2.75 
24640000,2.4 
24650000,3.0 
24660000,3.0 
24670000,2.6 
24680000,3.15 
24690000,3.5 
24700000,2.55 
24710000,3.05 
24720000,2.7 
24730000,3.05 
24740000,3.05 
24750000,2.9 
24760000,3.35 
24770000,3.4 
24780000,2.9 
24790000,2.6 
24800000,3.0 
24810000,2.2 
24820000,3.0 
24830000,3.3 
24840000,2.9 
24850000,2.75 
24860000,2.65 
24870000,2.95 
24880000,3.05 
24890000,3.1 
24900000,2.9 
24910000,2.3 
24920000,3.4 
24930000,2.95 
24940000,3.05 
24950000,3.05 
24960000,2.45 
24970000,3.35 
24980000,2.75 
24990000,3.4 
25000000,2.65 
25010000,2.85 
25020000,2.7 
25030000,2.45 
25040000,2.65 
25050000,2.65 
25060000,2.1 
25070000,2.05 
25080000,2.25 
25090000,2.5 
25100000,2.05 
25110000,2.8 
25120000,3.2 
25130000,2.1 
25140000,2.15 
25150000,2.35 
25160000,2.65 
25170000,2.7 
25180000,2.65 
25190000,2.4 
25200000,2.5 
25210000,2.25 
25220000,2.45 
25230000,2.55 
25240000,2.8 
25250000,2.45 
25260000,2.4 
25270000,2.6 
25280000,2.5 
25290000,2.25 
25300000,2.75 
25310000,3.15 
25320000,2.8 
25330000,2.6 
25340000,2.4 
25350000,2.85 
25360000,2.8 
25370000,2.45 
25380000,2.7 
25390000,2.7 
25400000,2.45 
25410000,3.2 
25420000,3.35 
25430000,3.35 
25440000,3.7 
25450000,3.45 
25460000,2.6 
25470000,3.2 
25480000,2.9 
25490000,2.7 
25500000,2.8 
25510000,2.75 
25520000,2.8 
25530000,2.65 
25540000,2.85 
25550000,2.8 
25560000,2.85 
25570000,2.65 
25580000,2.85 
25590000,2.8 
25600000,2.7 
25610000,2.95 
25620000,3.35 
25630000,2.7 
25640000,2.65 
25650000,2.85 
25660000,2.75 
25670000,2.85 
25680000,2.95 
25690000,2.85 
25700000,2.55 
25710000,2.4 
25720000,2.85 
25730000,3.15 
25740000,2.6 
25750000,3.2 
25760000,2.75 
25770000,3.15 
25780000,2.35 
25790000,2.65 
25800000,2.65 
25810000,2.75 
25820000,1.95 
25830000,2.15 
25840000,2.4 
25850000,2.65 
25860000,2.15 
25870000,2.15 
25880000,2.25 
25890000,2.35 
25900000,2.2 
25910000,1.95 
25920000,2.15 
25930000,1.7 
25940000,1.75 
25950000,1.9 
25960000,2.1 
25970000,2.1 
25980000,1.9 
25990000,1.95 
26000000,1.95 
26010000,1.95 
26020000,2.2 
26030000,1.9 
26040000,2.15 
26050000,2.55 
26060000,2.35 
26070000,1.95 
26080000,2.45 
26090000,2.5 
26100000,2.3 
26110000,2.05 
