10000,-19.405 
20000,-19.28 
30000,-19.18 
40000,-19.005 
50000,-19.02 
60000,-18.83 
70000,-18.795 
80000,-18.7 
90000,-18.745 
100000,-18.87 
110000,-18.75 
120000,-18.765 
130000,-19.095 
140000,-19.325 
150000,-19.505 
160000,-19.25 
170000,-19.225 
180000,-18.8 
190000,-18.84 
200000,-18.57 
210000,-18.66 
220000,-18.415 
230000,-18.625 
240000,-18.37 
250000,-18.47 
260000,-17.95 
270000,-18.01 
280000,-18.37 
290000,-18.04 
300000,-17.7 
310000,-17.69 
320000,-17.73 
330000,-17.570000000000004 
340000,-17.470000000000002 
350000,-17.660000000000004 
360000,-17.395000000000003 
370000,-17.275000000000006 
380000,-17.290000000000006 
390000,-17.29 
400000,-17.500000000000004 
410000,-17.225000000000005 
420000,-17.305000000000003 
430000,-17.240000000000006 
440000,-17.160000000000004 
450000,-17.290000000000006 
460000,-17.260000000000005 
470000,-17.115000000000006 
480000,-17.240000000000006 
490000,-16.960000000000004 
500000,-16.895000000000003 
510000,-17.070000000000004 
520000,-17.000000000000004 
530000,-17.085000000000004 
540000,-17.080000000000005 
550000,-16.890000000000004 
560000,-16.875000000000004 
570000,-16.825000000000003 
580000,-16.890000000000004 
590000,-17.055000000000003 
600000,-16.760000000000005 
610000,-16.715000000000003 
620000,-16.815000000000005 
630000,-16.645000000000003 
640000,-16.820000000000004 
650000,-16.765000000000004 
660000,-16.705000000000005 
670000,-16.665000000000006 
680000,-16.890000000000004 
690000,-16.795000000000005 
700000,-16.825000000000003 
710000,-16.635000000000005 
720000,-16.695000000000004 
730000,-16.695000000000004 
740023,-16.403980099502494 
750023,-16.545000000000005 
760023,-16.325000000000003 
770023,-16.530000000000005 
780016,-16.616000000000003 
790016,-16.565000000000005 
800016,-16.525000000000006 
810016,-16.530000000000005 
820016,-16.525000000000006 
830016,-16.530000000000005 
840016,-16.500000000000004 
850016,-16.385000000000005 
860016,-16.455000000000005 
870010,-16.423000000000005 
880010,-16.425000000000004 
890010,-16.340000000000003 
900010,-16.425000000000004 
910010,-16.295000000000005 
920010,-16.220000000000006 
930010,-16.420000000000005 
940007,-16.339000000000006 
950007,-16.235000000000003 
960007,-16.485000000000003 
970007,-16.245000000000005 
980007,-16.215000000000003 
990007,-16.245000000000005 
1000007,-16.310000000000006 
1010007,-16.280000000000005 
1020007,-16.295000000000005 
1030007,-16.070000000000004 
1040007,-16.385000000000005 
1050007,-16.500000000000004 
1060007,-16.125000000000004 
1070007,-16.350000000000005 
1080007,-16.285000000000004 
1090007,-16.315000000000005 
1100007,-16.115000000000006 
1110007,-16.115000000000006 
1120007,-16.150000000000006 
1130007,-16.170000000000005 
1140007,-16.065000000000005 
1150007,-16.000000000000004 
1160007,-16.050000000000004 
1170007,-16.370000000000005 
1180007,-16.055000000000003 
1190007,-16.040000000000006 
1200007,-15.980000000000004 
1210007,-16.115000000000006 
1220007,-16.010000000000005 
1230007,-16.160000000000004 
1240007,-16.180000000000003 
1250007,-16.155000000000005 
1260007,-16.225000000000005 
1270007,-15.990000000000004 
1280007,-16.355000000000004 
1290007,-15.890000000000004 
1300007,-16.360000000000003 
1310007,-16.040000000000006 
1320007,-16.310000000000006 
1330007,-16.045000000000005 
1340007,-16.165000000000006 
1350007,-16.045000000000005 
1360007,-16.345000000000006 
1370007,-16.115000000000006 
1380007,-16.070000000000004 
1390007,-16.010000000000005 
1400007,-15.980000000000004 
1410007,-16.160000000000004 
1420007,-16.010000000000005 
1430007,-15.875000000000005 
1440047,-15.86567164179105 
1450047,-15.775000000000004 
1460047,-16.000000000000004 
1470047,-15.865000000000004 
1480047,-16.020000000000003 
1490047,-16.055000000000003 
1500047,-15.980000000000004 
1510047,-15.920000000000005 
1520047,-15.805000000000005 
1530047,-15.930000000000005 
1540047,-15.915000000000004 
1550047,-15.900000000000004 
1560047,-15.815000000000005 
1570047,-15.700000000000005 
1580047,-15.840000000000005 
1590047,-16.040000000000006 
1600036,-15.698000000000006 
1610036,-15.665000000000004 
1620036,-15.795000000000005 
1630036,-15.670000000000005 
1640036,-15.940000000000005 
1650036,-15.665000000000004 
1660036,-15.780000000000005 
1670021,-15.720000000000004 
1680021,-15.595000000000004 
1690021,-15.860000000000005 
1700021,-15.700000000000005 
1710021,-15.465000000000005 
1720021,-15.635000000000005 
1730021,-15.715000000000005 
1740021,-15.645000000000005 
1750021,-15.660000000000004 
1760021,-15.455000000000005 
1770020,-15.468000000000004 
1780020,-15.685000000000004 
1790020,-15.800000000000004 
1800020,-15.445000000000004 
1810039,-15.336318407960205 
1820039,-15.525000000000004 
1830039,-15.600000000000005 
1840035,-15.397000000000006 
1850035,-15.540000000000004 
1860035,-15.840000000000005 
1870035,-15.575000000000005 
1880035,-15.700000000000005 
1890027,-15.369000000000005 
1900027,-15.485000000000007 
1910021,-15.348000000000004 
1920042,-15.335323383084582 
1930011,-15.358000000000006 
1940049,-15.433830845771148 
1950045,-15.332000000000008 
1960031,-15.282000000000005 
1970025,-15.263000000000007 
1980025,-15.085000000000004 
1990025,-15.295000000000005 
2000005,-15.180000000000005 
2010005,-15.150000000000004 
2020005,-15.415000000000004 
2030043,-15.299502487562192 
2040038,-15.315000000000005 
2050038,-15.350000000000005 
2060005,-14.884000000000006 
2070005,-15.125000000000005 
2080022,-14.834825870646771 
2090029,-15.013930348258713 
2100023,-15.128000000000007 
2110023,-15.375000000000005 
2120023,-15.105000000000004 
2130008,-15.160000000000004 
2140008,-14.855000000000004 
2150008,-14.970000000000006 
2160008,-14.875000000000007 
2170006,-15.081000000000003 
2180006,-15.185000000000004 
2190047,-14.748258706467668 
2200047,-14.820000000000004 
2210043,-14.952000000000007 
2220024,-14.902000000000005 
2230016,-14.904000000000005 
2240002,-14.572000000000008 
2250012,-14.94029850746269 
2260003,-14.683582089552246 
2270003,-14.735000000000008 
2280003,-14.730000000000008 
2290001,-14.831000000000003 
2300029,-14.513432835820902 
2310016,-14.484000000000005 
2320001,-14.820000000000004 
2330001,-14.980000000000004 
2340011,-14.398009950248762 
2350003,-14.61400000000001 
2360002,-14.281592039801001 
2370039,-14.4268656716418 
2380027,-14.616000000000007 
2390007,-14.535000000000007 
2400011,-14.221890547263689 
2410038,-14.600995024875628 
2420030,-14.479000000000006 
2430000,-14.435000000000004 
2440040,-14.417910447761201 
2450032,-14.337313432835826 
2460045,-14.284577114427869 
2470017,-14.264000000000008 
2480005,-14.060696517412943 
2490041,-14.140594059405947 
2500004,-14.506000000000006 
2510026,-14.093069306930698 
2520045,-14.3860696517413 
2530003,-14.161000000000008 
2540043,-14.328358208955231 
2550009,-14.097000000000007 
2560005,-14.066336633663372 
2570019,-14.197014925373141 
2580040,-14.19104477611941 
2590041,-14.390049751243787 
2600023,-13.629556650246311 
2610006,-13.560396039603967 
2620041,-13.821782178217829 
2630049,-14.015920398009959 
2640025,-13.957213930348265 
2650008,-14.556000000000006 
2660047,-14.21194029850747 
2670012,-13.860696517412942 
2680034,-14.063681592039808 
2690024,-13.683168316831692 
2700002,-13.697512437810953 
2710049,-13.94455445544555 
2720049,-13.688118811881193 
2730048,-13.656435643564363 
2740022,-13.818905472636823 
2750020,-13.861691542288565 
2760029,-13.853731343283588 
2770008,-13.448514851485156 
2780039,-13.563546798029563 
2790030,-13.584079601990057 
2800006,-13.333663366336642 
2810049,-13.444334975369467 
2820021,-13.496517412935331 
2830001,-13.207920792079216 
2840008,-13.516256157635473 
2850028,-13.418719211822667 
2860033,-13.564356435643571 
2870012,-13.290099009900999 
2880017,-13.321782178217829 
2890023,-13.080788177339908 
2900002,-12.884729064039416 
2910023,-13.263054187192125 
2920006,-13.085148514851493 
2930010,-13.209852216748775 
2940049,-13.539901477832519 
2950039,-13.247524752475254 
2960005,-12.731034482758627 
2970005,-13.198019801980205 
2980027,-13.048275862068971 
2990003,-12.873891625615771 
3000036,-12.922549019607851 
3010029,-12.669268292682935 
3020017,-12.917241379310353 
3030020,-12.951724137931043 
3040040,-12.89655172413794 
3050008,-12.383333333333342 
3060005,-12.86108374384237 
3070025,-12.617647058823536 
3080032,-12.693596059113307 
3090040,-12.566829268292691 
3100025,-12.852216748768482 
3110042,-12.69019607843138 
3120025,-12.361951219512203 
3130011,-12.108737864077677 
3140018,-12.316097560975617 
3150011,-12.571707317073177 
3160042,-12.947783251231535 
3170004,-12.317647058823537 
3180018,-12.672906403940896 
3190007,-12.556862745098046 
3200038,-12.523902439024397 
3210007,-12.280975609756103 
3220007,-12.169082125603872 
3230028,-12.438235294117653 
3240016,-12.991089108910899 
3250018,-12.120388349514569 
3260006,-12.505882352941185 
3270038,-12.562745098039223 
3280002,-12.168780487804884 
3290039,-11.705769230769237 
3300023,-11.880975609756105 
3310031,-12.14731707317074 
3320003,-12.0429268292683 
3330012,-11.901923076923083 
3340045,-12.078260869565225 
3350048,-12.427450980392164 
3360009,-11.83121951219513 
3370046,-11.768269230769238 
3380043,-11.199047619047624 
3390036,-11.889855072463776 
3400048,-11.994174757281561 
3410022,-12.159024390243909 
3420036,-12.037073170731713 
3430018,-11.561538461538468 
3440019,-11.655769230769238 
3450032,-11.817391304347831 
3460023,-11.870873786407774 
3470027,-11.2673076923077 
3480047,-11.559808612440198 
3490043,-11.449038461538468 
3500008,-11.565217391304357 
3510005,-11.520772946859909 
3520038,-11.640384615384622 
3530043,-11.07142857142858 
3540040,-11.583574879227061 
3550008,-11.575845410628027 
3560000,-11.518269230769237 
3570024,-11.012322274881523 
3580028,-11.461835748792277 
3590041,-11.57307692307693 
3600036,-11.180094786729866 
3610008,-10.846666666666671 
3620041,-10.934597156398112 
3630006,-11.27403846153847 
3640009,-11.2173076923077 
3650029,-11.085308056872044 
3660025,-11.208653846153853 
3670008,-10.814354066985654 
3680022,-11.433492822966514 
3690017,-11.557692307692314 
3700014,-11.124038461538468 
3710004,-10.644549763033185 
3720035,-10.888679245283026 
3730014,-11.021904761904768 
3740015,-11.111961722488045 
3750016,-11.068571428571435 
3760031,-10.214953271028046 
3770000,-10.498113207547176 
3780030,-10.665094339622646 
3790022,-9.840930232558145 
3800004,-10.804739336492895 
3810005,-10.836018957345978 
3820007,-10.734905660377366 
3830007,-10.714285714285722 
3840024,-10.267924528301892 
3850048,-10.88380952380953 
3860027,-10.350234741784044 
3870008,-10.511320754716987 
3880021,-10.284651162790704 
3890009,-10.066355140186923 
3900030,-10.968571428571435 
3910003,-9.963551401869166 
3920047,-10.63962264150944 
3930011,-10.13364485981309 
3940018,-10.293457943925238 
3950000,-10.823696682464462 
3960041,-10.546478873239444 
3970039,-9.91797235023042 
3980008,-10.077934272300476 
3990016,-10.52676056338029 
4000022,-10.461971830985924 
4010021,-10.175700934579446 
4020012,-9.775000000000007 
4030031,-9.694009216589869 
4040009,-9.496296296296304 
4050031,-9.455707762557084 
4060003,-10.596208530805692 
4070007,-10.152336448598136 
4080026,-9.776958525345629 
4090029,-9.299082568807346 
4100007,-9.411059907834108 
4110005,-9.644444444444453 
4120028,-9.450458715596337 
4130042,-9.449769585253463 
4140000,-9.55648148148149 
4150021,-9.904186046511635 
4160006,-9.543778801843324 
4170042,-8.789140271493219 
4180019,-9.559259259259264 
4190001,-8.867873303167427 
4200008,-9.278899082568815 
4210007,-8.94389140271494 
4220040,-9.329680365296811 
4230002,-9.85953488372094 
4240040,-9.516894977168958 
4250049,-9.107272727272733 
4260012,-9.680000000000007 
4270012,-9.874418604651167 
4280033,-9.380821917808225 
4290013,-9.817757009345799 
4300031,-9.233789954337906 
4310027,-9.22805429864254 
4320000,-8.678181818181825 
4330048,-10.58037383177571 
4340031,-9.66296296296297 
4350020,-9.534862385321107 
4360027,-9.148416289592767 
4370049,-9.39539170506913 
4380014,-8.262222222222228 
4390013,-8.903167420814487 
4400008,-8.502242152466374 
4410015,-8.691402714932133 
4420020,-9.168181818181823 
4430020,-8.796380090497742 
4440004,-8.700900900900907 
4450036,-9.441474654377885 
4460028,-9.026363636363643 
4470025,-8.971945701357471 
4480018,-8.547982062780275 
4490026,-8.882191780821923 
4500013,-8.749090909090913 
4510007,-9.278733031674214 
4520029,-8.8017937219731 
4530046,-8.398206278026914 
4540048,-8.623008849557529 
4550035,-8.885972850678739 
4560046,-9.001826484018272 
4570035,-8.998181818181825 
4580041,-9.074208144796385 
4590015,-8.498198198198203 
4600021,-9.119457013574666 
4610038,-7.814912280701759 
4620042,-7.893913043478266 
4630017,-8.066666666666672 
4640014,-9.040000000000006 
4650015,-8.605405405405412 
4660042,-8.096460176991156 
4670018,-8.703167420814486 
4680012,-8.975565610859736 
4690033,-8.344000000000005 
4700005,-8.818918918918925 
4710030,-8.640000000000006 
4720043,-8.129203539823015 
4730017,-8.256000000000006 
4740023,-8.730316742081454 
4750028,-8.030837004405292 
4760002,-8.373214285714292 
4770017,-8.579185520361998 
4780000,-7.648458149779742 
4790018,-7.9083700440528695 
4800046,-8.628699551569513 
4810025,-8.410762331838571 
4820023,-8.179464285714293 
4830011,-7.732158590308376 
4840047,-7.970925110132164 
4850027,-8.601809954751138 
4860022,-8.40444444444445 
4870033,-7.532456140350884 
4880011,-7.574782608695657 
4890015,-7.489473684210532 
4900023,-7.561739130434788 
4910021,-7.600869565217397 
4920047,-7.55584415584416 
4930044,-8.043362831858413 
4940018,-7.402608695652179 
4950011,-7.707017543859655 
4960002,-7.861403508771935 
4970007,-7.960526315789479 
4980000,-7.744347826086962 
4990002,-7.564912280701759 
5000047,-8.074889867841415 
5010027,-7.01287553648069 
5020048,-7.348051948051952 
5030003,-7.37554585152839 
5040033,-7.837719298245618 
5050009,-7.781497797356833 
5060034,-7.877192982456147 
5070035,-7.412987012987018 
5080014,-6.856652360515027 
5090025,-7.307758620689659 
5100007,-7.167241379310349 
5110008,-7.423478260869571 
5120033,-6.62393162393163 
5130005,-7.167241379310351 
5140028,-6.894468085106388 
5150046,-7.2059829059829115 
5160006,-7.480349344978171 
5170048,-7.3703056768559 
5180025,-8.185777777777783 
5190035,-7.423580786026206 
5200013,-7.655895196506555 
5210031,-6.772033898305089 
5220021,-7.038626609442064 
5230028,-7.950660792951548 
5240018,-7.610389610389617 
5250018,-7.580086580086585 
5260030,-7.345614035087724 
5270002,-7.111688311688318 
5280011,-7.611304347826093 
5290005,-7.335930735930741 
5300020,-6.478813559322039 
5310004,-7.444155844155848 
5320036,-7.0849785407725365 
5330021,-7.482456140350883 
5340001,-7.4736842105263195 
5350019,-6.919313304721035 
5360009,-7.491304347826093 
5370031,-7.955263157894741 
5380024,-7.379574468085111 
5390034,-7.393013100436686 
5400020,-7.206086956521744 
5410004,-7.105579399141636 
5420027,-7.077777777777783 
5430036,-6.506722689075634 
5440008,-6.990557939914168 
5450009,-6.547500000000004 
5460029,-7.5584415584415625 
5470014,-6.516949152542376 
5480013,-7.554782608695658 
5490016,-6.353781512605046 
5500014,-7.009401709401714 
5510036,-7.063519313304726 
5520011,-7.203463203463207 
5530037,-6.427848101265828 
5540040,-6.051046025104607 
5550020,-6.4957983193277355 
5560014,-6.852360515021465 
5570049,-6.855319148936174 
5580009,-6.489451476793253 
5590013,-7.25470085470086 
5600035,-6.657383966244731 
5610023,-6.6067796610169545 
5620036,-6.456540084388191 
5630017,-6.975862068965522 
5640016,-6.270292887029293 
5650018,-7.211255411255416 
5660004,-6.432635983263602 
5670013,-6.390000000000005 
5680026,-6.949572649572654 
5690036,-6.550420168067233 
5700044,-6.928510638297877 
5710027,-6.1179916317991685 
5720037,-7.17672413793104 
5730007,-6.923076923076927 
5740007,-6.242677824267787 
5750010,-6.4987341772151925 
5760006,-6.554430379746839 
5770016,-6.376569037656909 
5780036,-6.586497890295362 
5790001,-7.094827586206902 
5800007,-6.172500000000004 
5810044,-6.742857142857147 
5820025,-7.083261802575112 
5830016,-6.357322175732222 
5840018,-6.484518828451887 
5850031,-5.445714285714289 
5860011,-6.197478991596643 
5870035,-6.773728813559327 
5880000,-6.3813559322033955 
5890007,-6.7586497890295405 
5900011,-6.6536170212766015 
5910012,-6.039330543933058 
5920030,-6.4691983122362915 
5930007,-6.91829787234043 
5940027,-6.112500000000005 
5950004,-5.717551020408168 
5960005,-6.432635983263602 
5970011,-5.758847736625518 
5980028,-6.346443514644355 
5990011,-6.391596638655467 
6000003,-6.290833333333338 
6010032,-6.580590717299583 
6020013,-5.951867219917016 
6030030,-5.999173553719013 
6040012,-6.195000000000005 
6050019,-6.179831932773114 
6060001,-6.501276595744685 
6070014,-6.698319327731096 
6080009,-6.151260504201686 
6090020,-5.540080971659923 
6100011,-6.139166666666671 
6110036,-6.183333333333338 
6120027,-6.768644067796615 
6130016,-5.619753086419758 
6140029,-5.644262295081972 
6150005,-6.298744769874481 
6160039,-6.261924686192472 
6170011,-6.090082644628104 
6180014,-6.021399176954738 
6190011,-6.530801687763717 
6200025,-6.031535269709547 
6210009,-5.919502074688801 
6220002,-6.004938271604943 
6230025,-6.861016949152546 
6240014,-6.362343096234314 
6250012,-6.1425000000000045 
6260029,-5.686178861788623 
6270008,-5.343902439024394 
6280019,-5.819834710743806 
6290007,-6.170954356846477 
6300027,-5.815573770491807 
6310024,-5.248192771084342 
6320022,-5.210483870967746 
6330035,-5.306024096385546 
6340001,-5.357894736842109 
6350041,-5.821862348178142 
6360006,-5.5551020408163305 
6370008,-6.032231404958681 
6380011,-5.716872427983544 
6390013,-6.115352697095441 
6400015,-5.470491803278693 
6410001,-6.118333333333338 
6420000,-5.932231404958682 
6430029,-5.154400000000004 
6440046,-5.697142857142862 
6450013,-6.220920502092055 
6460040,-6.107053941908719 
6470041,-5.375609756097565 
6480049,-6.009090909090913 
6490041,-6.304602510460255 
6500017,-5.617959183673474 
6510024,-5.676734693877555 
6520034,-6.028925619834716 
6530046,-6.01147540983607 
6540047,-6.084297520661162 
6550019,-5.539837398373988 
6560023,-5.247389558232935 
6570036,-5.502857142857147 
6580026,-5.189516129032262 
6590012,-5.6214876033057894 
6600016,-5.798367346938779 
6610014,-5.500806451612907 
6620043,-5.904489795918371 
6630032,-5.596721311475415 
6640022,-5.177419354838714 
6650012,-5.835390946502061 
6660016,-5.425806451612907 
6670029,-5.992561983471079 
6680010,-5.499591836734698 
6690013,-5.032931726907634 
6700042,-5.659591836734697 
6710008,-6.0721991701244855 
6720032,-5.810612244897962 
6730027,-5.020000000000004 
6740049,-5.745081967213119 
6750019,-5.91735537190083 
6760043,-5.751440329218112 
6770010,-5.42367346938776 
6780000,-5.465306122448983 
6790047,-5.324497991967876 
6800020,-5.564081632653066 
6810016,-5.956198347107442 
6820001,-6.263598326359839 
6830027,-4.789803921568631 
6840040,-4.846640316205538 
6850021,-4.898007968127494 
6860019,-5.184063745019924 
6870033,-5.115322580645166 
6880018,-5.532786885245907 
6890042,-4.950597609561756 
6900016,-5.240322580645165 
6910002,-5.3471544715447195 
6920013,-4.657707509881427 
6930014,-4.701600000000004 
6940026,-5.3878542510121505 
6950005,-4.990400000000003 
6960049,-5.358704453441301 
6970005,-5.432520325203256 
6980027,-5.827755102040821 
6990022,-4.937007874015752 
7000010,-5.242741935483875 
7010012,-4.883200000000003 
7020026,-5.75144032921811 
7030002,-5.057600000000003 
7040012,-5.727272727272732 
7050035,-5.304800000000004 
7060029,-5.990082644628104 
7070026,-5.5174089068825936 
7080010,-5.078087649402394 
7090001,-5.152380952380955 
7100002,-5.711836734693882 
7110006,-4.645490196078436 
7120018,-5.147200000000004 
7130007,-5.432786885245906 
7140026,-5.204032258064521 
7150003,-4.710156250000003 
7160039,-5.542276422764232 
7170030,-5.461290322580649 
7180020,-5.17131474103586 
7190015,-4.881422924901189 
7200024,-5.070119521912354 
7210008,-5.3748987854251045 
7220002,-5.565182186234821 
7230008,-4.68142292490119 
7240016,-5.976326530612249 
7250022,-5.923456790123461 
7260002,-4.844621513944227 
7270036,-5.4361445783132565 
7280019,-5.361133603238871 
7290037,-4.308171206225684 
7300030,-5.480487804878053 
7310042,-5.689256198347112 
7320011,-4.902400000000004 
7330019,-4.609486166007908 
7340049,-4.811023622047248 
7350024,-5.3346774193548425 
7360019,-5.457489878542514 
7370005,-4.8671936758893315 
7380000,-4.805555555555559 
7390009,-5.094400000000005 
7400027,-5.052800000000004 
7410040,-5.711020408163269 
7420010,-5.684210526315794 
7430024,-4.942857142857146 
7440029,-5.068000000000004 
7450015,-4.745669291338586 
7460003,-6.142500000000004 
7470024,-4.817600000000004 
7480028,-4.914056224899602 
7490043,-5.269076305220887 
7500019,-5.526016260162606 
7510015,-5.101195219123509 
7520037,-4.384435797665372 
7530031,-5.0143426294820745 
7540036,-5.019841269841273 
7550005,-5.259437751004019 
7560021,-4.669531250000004 
7570003,-5.094820717131477 
7580038,-5.091633466135462 
7590028,-5.329317269076309 
7600016,-4.9809523809523855 
7610003,-5.15645161290323 
7620014,-4.830952380952385 
7630034,-5.392712550607291 
7640017,-5.470445344129558 
7650045,-5.338152610441771 
7660006,-4.857028112449803 
7670010,-5.318218623481785 
7680025,-4.85714285714286 
7690048,-4.90119521912351 
7700006,-4.455686274509807 
7710000,-4.451937984496127 
7720013,-4.929083665338649 
7730020,-5.047200000000005 
7740027,-4.868253968253972 
7750045,-4.679365079365083 
7760036,-5.089600000000004 
7770024,-3.6851711026615996 
7780018,-4.923015873015876 
7790029,-5.165600000000004 
7800041,-5.966255144032926 
7810012,-4.4162790697674446 
7820029,-5.158565737051796 
7830028,-3.8387832699619797 
7840038,-4.356589147286825 
7850043,-4.315175097276268 
7860037,-4.786400000000003 
7870002,-4.3203125000000036 
7880020,-4.9968253968254 
7890020,-4.4414062500000036 
7900021,-4.521093750000004 
7910000,-4.9075098814229285 
7920012,-4.328682170542639 
7930030,-5.332800000000004 
7940006,-4.001538461538464 
7950012,-4.652549019607847 
7960031,-5.142400000000003 
7970013,-4.770866141732288 
7980025,-4.967200000000004 
7990004,-4.377343750000003 
8000014,-5.5846774193548425 
8010013,-4.374901960784317 
8020044,-5.477600000000004 
8030046,-5.546122448979596 
8040003,-4.71181102362205 
8050018,-4.814960629921264 
8060006,-4.086046511627909 
8070023,-5.4341463414634195 
8080014,-4.52539682539683 
8090009,-4.7343750000000036 
8100043,-3.952671755725194 
8110035,-4.572332015810281 
8120000,-4.660079051383403 
8130016,-4.213899613899616 
8140021,-4.428015564202338 
8150036,-4.747035573122533 
8160037,-4.718110236220475 
8170003,-4.552755905511815 
8180021,-4.265369649805451 
8190017,-3.9053846153846186 
8200040,-4.850000000000005 
8210043,-4.366536964980548 
8220013,-4.435797665369654 
8230022,-4.537500000000003 
8240017,-4.748031496062996 
8250012,-4.661417322834649 
8260013,-4.752529182879381 
8270002,-4.533593750000003 
8280037,-4.373076923076926 
8290006,-4.365625000000003 
8300001,-4.980079681274904 
8310014,-4.532031250000003 
8320013,-4.982539682539686 
8330019,-4.725291828793777 
8340019,-4.607843137254905 
8350007,-4.7298804780876536 
8360006,-4.547450980392161 
8370049,-5.67287449392713 
8380048,-4.804743083003956 
8390045,-4.76692913385827 
8400022,-4.315830115830119 
8410047,-4.657480314960633 
8420007,-3.5871212121212146 
8430020,-5.300800000000004 
8440010,-4.251937984496127 
8450017,-4.3874509803921615 
8460006,-5.034262948207175 
8470011,-4.3945312500000036 
8480001,-4.527559055118114 
8490018,-4.924110671936761 
8500039,-4.574117647058826 
8510008,-4.958565737051796 
8520018,-4.209302325581399 
8530018,-4.173745173745178 
8540036,-4.718431372549023 
8550035,-5.034400000000003 
8560027,-5.3164658634538196 
8570003,-5.017529880478091 
8580012,-3.9752895752895783 
8590040,-5.448387096774199 
8600031,-4.562352941176474 
8610005,-4.614117647058826 
8620008,-4.000769230769234 
8630004,-3.7687022900763387 
8640021,-4.380544747081714 
8650019,-5.036363636363639 
8660040,-4.161718750000003 
8670008,-3.794656488549621 
8680015,-4.4856031128404705 
8690025,-4.984063745019924 
8700013,-4.857936507936512 
8710001,-3.651127819548875 
8720032,-5.233600000000004 
8730034,-4.465882352941181 
8740048,-4.179230769230772 
8750000,-3.639393939393942 
8760030,-4.107279693486594 
8770009,-4.461176470588239 
8780046,-4.785770750988146 
8790032,-5.318875502008036 
8800010,-4.105019305019308 
8810007,-4.875697211155383 
8820046,-4.1555555555555586 
8830007,-4.7158730158730195 
8840002,-4.880478087649406 
8850003,-4.740711462450597 
8860014,-4.024615384615387 
8870020,-4.3644787644787675 
8880029,-4.805511811023625 
8890001,-4.444531250000003 
8900012,-4.666929133858272 
8910002,-4.0542635658914765 
8920019,-4.110344827586209 
8930017,-4.213127413127416 
8940020,-3.916153846153849 
8950012,-4.034108527131786 
8960018,-3.9254752851711054 
8970014,-4.131800766283527 
8980001,-4.651562500000003 
8990020,-4.146303501945528 
9000022,-3.8965779467680632 
9010030,-3.7150375939849654 
9020046,-4.142748091603057 
9030047,-4.425680933852144 
9040012,-4.338521400778213 
9050013,-3.8106870229007663 
9060022,-3.8903474903474935 
9070008,-4.460392156862749 
9080004,-4.190733590733594 
9090011,-4.556078431372552 
9100008,-4.142635658914732 
9110007,-4.325291828793778 
9120043,-3.9938461538461567 
9130012,-4.610196078431375 
9140019,-3.9184615384615418 
9150030,-4.009195402298854 
9160017,-4.018532818532821 
9170014,-3.6195488721804545 
9180047,-4.712840466926074 
9190008,-4.474418604651166 
9200017,-3.9603053435114535 
9210042,-4.6705882352941215 
9220001,-4.690118577075102 
9230039,-4.721259842519688 
9240048,-4.203088803088806 
9250010,-3.9261538461538485 
9260026,-4.468482490272377 
9270008,-3.5162264150943425 
9280010,-4.313178294573647 
9290007,-4.003076923076926 
9300038,-4.342635658914731 
9310000,-3.7923371647509607 
9320011,-4.04769230769231 
9330003,-4.030232558139538 
9340036,-3.4651685393258456 
9350015,-4.178823529411768 
9360038,-3.8099236641221403 
9370018,-3.5871212121212146 
9380010,-3.8357414448669234 
9390030,-4.007662835249046 
9400029,-4.0904214559387 
9410008,-3.7127413127413167 
9420032,-4.307633587786262 
9430006,-4.122480620155042 
9440007,-4.124137931034487 
9450018,-4.5929961089494205 
9460033,-4.287937743190665 
9470012,-3.807633587786263 
9480043,-4.028461538461541 
9490028,-4.255813953488375 
9500017,-3.753207547169814 
9510013,-3.562121212121215 
9520009,-4.439534883720934 
9530002,-3.6674157303370816 
9540010,-4.000769230769234 
9550048,-4.143629343629346 
9560005,-3.787692307692311 
9570027,-4.763921568627454 
9580012,-3.7007575757575792 
9590020,-4.692490118577079 
9600002,-3.7702290076335907 
9610031,-4.662500000000003 
9620023,-3.4768656716417934 
9630045,-4.284942084942088 
9640044,-4.416406250000003 
9650028,-4.113846153846157 
9660032,-4.245559845559849 
9670021,-4.021705426356593 
9680031,-3.3173431734317367 
9690002,-3.7098484848484876 
9700016,-3.6375939849624093 
9710019,-4.016091954022992 
9720014,-4.16475095785441 
9730026,-3.896183206106874 
9740005,-4.129230769230772 
9750038,-4.337984496124034 
9760036,-3.394007490636707 
9770014,-3.8175572519084 
9780002,-3.9816091954023016 
9790027,-4.250965250965255 
9800039,-4.261776061776065 
9810000,-4.499607843137259 
9820029,-4.570428015564206 
9830025,-3.8221374045801557 
9840019,-4.059090909090912 
9850003,-3.12767527675277 
9860018,-4.193050193050197 
9870022,-3.7762452107279727 
9880033,-4.272868217054268 
9890039,-3.898473282442751 
9900044,-3.5779467680608392 
9910031,-3.7338461538461574 
9920010,-4.131250000000003 
9930007,-4.172307692307695 
9940022,-3.6165413533834623 
9950010,-4.066409266409269 
9960009,-4.308527131782949 
9970003,-3.998473282442751 
9980011,-3.454275092936806 
9990027,-3.5500000000000025 
10000027,-4.404669260700393 
10010027,-3.7595419847328273 
10020033,-3.76666666666667 
10030041,-4.062307692307695 
10040031,-4.145038167938935 
10050024,-3.883773584905663 
10060036,-3.594756554307119 
10070006,-4.177606177606181 
10080010,-5.097619047619051 
10090022,-4.225287356321842 
10100007,-3.5488721804511303 
10110039,-3.7977186311787103 
10120012,-2.8370909090909118 
10130015,-4.322480620155042 
10140005,-3.988461538461542 
10150033,-4.182239382239385 
10160032,-4.0759689922480655 
10170017,-3.853846153846157 
10180040,-4.311111111111114 
10190000,-3.636015325670501 
10200026,-3.7383458646616576 
10210023,-3.7961685823754823 
10220023,-4.407692307692311 
10230002,-4.0061776061776095 
10240002,-4.240310077519383 
10250016,-3.462641509433965 
10260004,-4.353488372093026 
10270029,-3.589552238805972 
10280043,-3.4646616541353414 
10290012,-3.412030075187972 
10300047,-3.924242424242428 
10310016,-3.5360902255639126 
10320001,-3.54511278195489 
10330049,-3.534328358208958 
10340033,-4.190769230769234 
10350010,-3.9030769230769264 
10360018,-4.027799227799231 
10370033,-3.699248120300755 
10380024,-3.5970037453183545 
10390028,-4.438132295719847 
10400025,-3.9496183206106905 
10410022,-3.908333333333336 
10420015,-3.9776923076923105 
10430018,-3.863358778625957 
10440033,-4.459459459459463 
10450005,-3.6445283018867953 
10460016,-3.9216730038022845 
10470046,-3.646616541353387 
10480039,-3.791634980988596 
10490036,-3.82681992337165 
10500009,-3.205204460966546 
10510018,-3.7532075471698145 
10520019,-3.3872659176029987 
10530000,-3.179925650557623 
10540010,-3.5601503759398527 
10550000,-3.5207547169811346 
10560010,-3.665413533834589 
10570034,-4.285823754789275 
10580001,-4.385937500000004 
10590014,-3.5156716417910476 
10600029,-4.0038022813688245 
10610001,-4.275095785440616 
10620016,-4.22519083969466 
10630004,-4.398455598455601 
10640017,-3.590977443609025 
10650013,-3.6218045112781985 
10660010,-3.6195488721804536 
10670011,-4.036015325670501 
10680005,-3.900000000000003 
10690006,-4.079377431906619 
10700004,-4.112307692307695 
10710022,-4.196168582375481 
10720032,-4.153846153846158 
10730038,-4.254474708171209 
10740012,-3.770342205323197 
10750047,-3.4141791044776144 
10760049,-3.169003690036903 
10770008,-4.253281853281856 
10780005,-3.3164179104477634 
10790011,-3.8183206106870258 
10800030,-3.896212121212124 
10810013,-4.155212355212358 
10820015,-3.795471698113211 
10830021,-3.8097744360902284 
10840035,-3.8298850574712673 
10850010,-3.5601503759398527 
10860022,-3.634586466165417 
10870027,-4.686274509803925 
10880006,-4.498437500000003 
10890014,-3.464905660377361 
10900021,-3.591011235955059 
10910014,-3.278518518518521 
10920041,-3.413432835820899 
10930027,-3.245925925925929 
10940023,-3.462172284644197 
10950004,-4.102325581395353 
10960000,-3.5238805970149283 
10970036,-3.5686567164179133 
10980005,-4.510236220472444 
10990024,-3.2732600732600754 
11000005,-3.4082089552238837 
11010000,-3.763157894736845 
11020040,-3.277777777777781 
11030045,-2.5054545454545476 
11040020,-3.48496240601504 
11050029,-3.786363636363639 
11060019,-3.8479087452471514 
11070026,-3.117343173431737 
11080015,-3.5285714285714316 
11090016,-4.24573643410853 
11100014,-4.008461538461542 
11110022,-3.943295019157091 
11120033,-4.160000000000003 
11130007,-4.217692307692311 
11140013,-3.913740458015271 
11150029,-3.585767790262175 
11160013,-3.8950191570881256 
11170007,-4.179922779922783 
11180019,-3.674809160305347 
11190016,-4.560000000000003 
11200021,-3.8136882129277594 
11210038,-3.4786516853932614 
11220031,-3.572180451127822 
11230039,-3.6985074626865697 
11240032,-3.7507575757575786 
11250020,-3.619622641509437 
11260003,-3.962307692307695 
11270021,-3.8530303030303057 
11280025,-3.412686567164182 
11290048,-3.796981132075475 
11300016,-3.4089887640449463 
11310017,-3.8500000000000028 
11320032,-3.3731343283582116 
11330019,-3.5803773584905687 
11340041,-4.350579150579154 
11350004,-3.0785185185185213 
11360008,-3.60981132075472 
11370013,-3.408239700374535 
11380007,-3.5415730337078677 
11390041,-3.625373134328361 
11400007,-3.3548872180451155 
11410035,-3.7498098859315627 
11420021,-3.2850746268656743 
11430020,-2.9911111111111133 
11440040,-4.0498084291187775 
11450008,-3.6661596958174933 
11460009,-3.1749077490774935 
11470002,-3.4410447761194054 
11480001,-2.784000000000002 
11490037,-3.9674242424242454 
11500039,-3.4805970149253755 
11510039,-3.531835205992512 
11520016,-3.6533834586466187 
11530007,-3.4119402985074654 
11540020,-3.0413284132841354 
11550042,-3.186764705882356 
11560047,-3.7794676806083687 
11570011,-2.9433823529411787 
11580007,-3.149629629629632 
11590002,-3.200743494423795 
11600030,-3.234944237918219 
11610005,-3.6466165413533864 
11620033,-3.560902255639101 
11630021,-3.0671586715867187 
11640000,-3.0389705882352964 
11650027,-3.6734848484848515 
11660015,-3.6219696969696997 
11670046,-3.411070110701109 
11680011,-3.485074626865674 
11690028,-3.482397003745321 
11700000,-3.265925925925928 
11710016,-2.7267399267399286 
11720036,-3.240740740740743 
11730038,-3.424626865671644 
11740021,-3.8676806083650224 
11750005,-3.315671641791048 
11760035,-3.5886792452830223 
11770027,-3.922605363984678 
11780016,-4.137984496124034 
11790022,-3.712547528517113 
11800001,-3.502255639097747 
11810029,-3.602255639097747 
11820021,-2.4425531914893637 
11830036,-3.077205882352944 
11840007,-3.9520912547528546 
11850006,-2.7376811594202923 
11860004,-4.065648854961835 
11870001,-3.838931297709926 
11880027,-3.248708487084874 
11890007,-3.4810606060606086 
11900032,-3.1098901098901126 
11910032,-4.324324324324327 
11920017,-3.9471698113207565 
11930001,-3.2921933085501887 
11940023,-3.897744360902258 
11950015,-3.749242424242427 
11960032,-2.940659340659343 
11970016,-3.7703422053231965 
11980038,-3.991538461538465 
11990015,-3.709774436090228 
12000045,-3.464684014869891 
12010020,-3.5283018867924554 
12020014,-3.660150375939853 
12030020,-3.2044280442804456 
12040012,-3.83257575757576 
12050034,-3.5932330827067696 
12060004,-2.9630996309963127 
12070002,-3.5157894736842135 
12080019,-3.8509505703422087 
12090017,-3.702641509433965 
12100029,-3.246494464944652 
12110017,-3.947126436781612 
12120015,-3.500751879699251 
12130032,-3.432089552238809 
12140009,-2.813818181818184 
12150002,-2.7398550724637705 
12160039,-3.254814814814817 
12170001,-3.4821292775665427 
12180004,-3.3719696969696997 
12190028,-3.28475836431227 
12200046,-3.484014869888478 
12210031,-3.6278195488721834 
12220026,-3.2037037037037064 
12230011,-3.4477611940298534 
12240047,-3.2044280442804456 
12250009,-3.5481203007518824 
12260044,-3.1611721611721633 
12270004,-3.7894736842105288 
12280042,-3.804528301886795 
12290049,-3.7102661596958204 
12300004,-3.4141791044776144 
12310031,-3.1622222222222245 
12320030,-3.7192452830188705 
12330033,-3.6623574144486724 
12340015,-3.1400000000000023 
12350044,-3.347955390334575 
12360031,-2.852747252747255 
12370007,-3.169963369963373 
12380046,-3.3712177121771245 
12390012,-3.2738805970149283 
12400006,-3.784732824427484 
12410026,-3.3717472118959133 
12420049,-3.3007407407407436 
12430013,-3.70792452830189 
12440015,-3.642105263157897 
12450008,-3.1003690036900395 
12460012,-2.6158844765342986 
12470048,-2.8420289855072487 
12480030,-3.5105263157894764 
12490028,-3.349063670411988 
12500039,-3.644360902255642 
12510015,-3.3422222222222246 
12520015,-3.6934865900383174 
12530004,-4.172868217054266 
12540037,-3.4261194029850777 
12550005,-3.791634980988596 
12560027,-3.563157894736845 
12570011,-3.39323308270677 
12580032,-4.097318007662838 
12590000,-3.1197026022304857 
12600003,-3.0748148148148173 
12610011,-3.164312267657995 
12620004,-3.4746268656716444 
12630013,-3.6375939849624093 
12640010,-4.209160305343514 
12650021,-3.308888888888892 
12660013,-3.306367041198505 
12670002,-3.400000000000002 
12680001,-3.357777777777781 
12690048,-3.3018450184501873 
12700031,-2.863043478260872 
12710012,-2.5304347826086975 
12720049,-3.1830882352941203 
12730027,-3.5796992481203036 
12740012,-4.368217054263568 
12750003,-3.561654135338349 
12760028,-2.952205882352944 
12770007,-3.309629629629632 
12780003,-3.3630996309963126 
12790005,-3.344981412639408 
12800012,-3.548120300751882 
12810039,-3.410370370370373 
12820005,-3.056826568265685 
12830014,-3.3455223880597047 
12840008,-3.6239700374531867 
12850043,-3.902255639097748 
12860037,-3.5887218045112808 
12870022,-3.428571428571431 
12880042,-3.768939393939397 
12890048,-3.1570370370370395 
12900018,-3.3518518518518547 
12910003,-3.014598540145988 
12920009,-2.819636363636366 
12930005,-4.047509578544064 
12940020,-3.396296296296299 
12950032,-3.094852941176473 
12960015,-4.019923371647513 
12970002,-3.3662921348314634 
12980026,-2.4914893617021296 
12990026,-3.7030075187969955 
13000019,-3.4689138576779053 
13010011,-3.612030075187973 
13020003,-4.137164750957857 
13030006,-3.3664179104477645 
13040021,-3.0769230769230793 
13050012,-3.049084249084252 
13060006,-3.7674242424242452 
13070014,-3.326591760299628 
13080000,-3.679400749063673 
13090009,-2.9948717948717976 
13100010,-3.4029739776951695 
13110033,-3.332841328413287 
13120027,-3.3380597014925404 
13130020,-3.1409594095940987 
13140007,-3.0287822878228807 
13150026,-3.330627306273065 
13160041,-3.19557195571956 
13170036,-3.2619926199262017 
13180008,-3.3639097744360926 
13190030,-2.93308823529412 
13200039,-2.904000000000002 
13210024,-3.2103321033210364 
13220038,-2.9218978102189808 
13230027,-2.3592857142857167 
13240010,-3.1896296296296325 
13250005,-3.9195402298850603 
13260025,-4.164122137404583 
13270015,-3.2851851851851874 
13280028,-3.4218045112781987 
13290000,-3.6760456273764293 
13300039,-3.689056603773588 
13310002,-3.4186567164179134 
13320016,-3.9984615384615414 
13330001,-3.1217712177121797 
13340026,-2.6690647482014414 
13350014,-2.9161764705882374 
13360038,-3.558208955223883 
13370032,-2.991240875912411 
13380021,-2.873062730627309 
13390018,-3.252941176470591 
13400004,-3.426315789473687 
13410003,-3.0131868131868154 
13420000,-3.372388059701495 
13430042,-2.570714285714288 
13440019,-3.7946969696969726 
13450006,-3.262222222222225 
13460046,-2.829710144927538 
13470028,-3.368656716417913 
13480001,-3.3992481203007547 
13490005,-3.6263157894736864 
13500016,-2.8700729927007322 
13510003,-3.239114391143914 
13520018,-2.9381818181818207 
13530036,-3.775187969924815 
13540014,-3.3813432835820927 
13550031,-3.150000000000002 
13560003,-3.548484848484852 
13570023,-3.1250000000000027 
13580012,-3.494736842105266 
13590013,-2.9904411764705907 
13600027,-3.5303370786516877 
13610029,-3.2706319702602262 
13620010,-4.196934865900386 
13630022,-3.3301115241635713 
13640018,-3.5276119402985104 
13650004,-3.052941176470591 
13660039,-2.451957295373668 
13670005,-3.3498127340823998 
13680045,-2.1549295774647907 
13690021,-3.0125925925925947 
13700026,-3.9885057471264402 
13710031,-3.339483394833951 
13720016,-3.904942965779471 
13730025,-3.2307116104868943 
13740003,-2.8443636363636386 
13750009,-3.0235294117647085 
13760013,-2.7231884057971034 
13770017,-3.3940298507462714 
13780041,-2.634909090909094 
13790028,-3.134798534798537 
13800019,-2.569285714285716 
13810022,-3.182222222222225 
13820021,-2.793406593406596 
13830037,-3.6082397003745346 
13840016,-2.9394833948339505 
13850036,-2.613138686131389 
13860048,-3.237174721189594 
13870020,-3.2865671641791074 
13880011,-3.265427509293683 
13890028,-2.958823529411767 
13900013,-2.5884476534296055 
13910020,-3.5460674157303393 
13920012,-3.3276119402985103 
13930008,-3.1018587360594823 
13940032,-2.9839416058394184 
13950003,-3.3161048689138606 
13960023,-2.5602836879432647 
13970009,-3.5798507462686597 
13980029,-2.926739926739929 
13990048,-2.7978102189781042 
14000006,-3.284328358208958 
14010017,-3.0900369003690056 
14020023,-3.460740740740744 
14030029,-3.4641791044776142 
14040045,-2.7141818181818205 
14050003,-3.2340740740740768 
14060006,-3.0189781021897835 
14070017,-3.382962962962966 
14080018,-3.314925373134331 
14090024,-2.870545454545457 
14100028,-2.475444839857653 
14110038,-3.8446969696969724 
14120004,-3.232234432234435 
14130011,-3.2382352941176493 
14140007,-3.260740740740743 
14150003,-3.15703703703704 
14160021,-2.8261818181818206 
14170015,-2.7575539568345344 
14180018,-2.7217391304347847 
14190023,-3.1386861313868635 
14200028,-2.821167883211681 
14210011,-2.7562043795620466 
14220015,-2.859854014598543 
14230000,-2.7745454545454566 
14240007,-3.1279411764705904 
14250027,-2.9670329670329694 
14260011,-3.2725925925925954 
14270023,-4.125190839694659 
14280020,-3.400000000000003 
14290007,-3.0029411764705904 
14300022,-2.9890510948905136 
14310000,-2.9604395604395632 
14320013,-3.260000000000002 
14330019,-3.609056603773588 
14340025,-2.9684981684981713 
14350015,-3.436090225563913 
14360030,-3.3791821561338313 
14370035,-3.356877323420077 
14380018,-3.2397058823529434 
14390002,-3.3679104477611963 
14400017,-3.833333333333336 
14410043,-2.986909090909093 
14420020,-2.663537906137186 
14430032,-3.675939849624063 
14440023,-3.2081180811808143 
14450014,-2.7287272727272747 
14460027,-2.9534545454545476 
14470003,-2.884671532846718 
14480000,-3.086861313868616 
14490008,-3.5475655430711637 
14500018,-2.959706959706962 
14510007,-3.093772893772896 
14520002,-3.199261992619929 
14530030,-3.579104477611943 
14540021,-3.0419117647058846 
14550027,-3.1343173431734344 
14560007,-3.22058823529412 
14570038,-2.900361010830327 
14580020,-2.586231884057973 
14590004,-3.009594095940962 
14600026,-2.929670329670332 
14610014,-3.1340740740740767 
14620011,-3.0693726937269403 
14630012,-2.7748201438848943 
14640033,-3.2285714285714313 
14650007,-2.5476363636363657 
14660006,-3.1816849816849837 
14670007,-2.9650909090909114 
14680005,-3.282222222222225 
14690048,-2.698561151079139 
14700041,-3.266420664206645 
14710014,-2.76521739130435 
14720006,-2.4741007194244626 
14730021,-3.0701107011070135 
14740005,-2.417921146953407 
14750033,-3.405147058823532 
14760011,-2.8432234432234456 
14770013,-2.5763440860215074 
14780000,-2.897454545454548 
14790025,-3.2111111111111135 
14800014,-2.5942238267148037 
14810026,-2.8647272727272752 
14820000,-3.1360594795539054 
14830020,-3.1721611721611747 
14840024,-2.9659420289855096 
14850041,-3.0210909090909115 
14860019,-2.5491039426523323 
14870033,-2.2797153024911054 
14880001,-2.706617647058826 
14890047,-3.172363636363639 
14900043,-3.2029304029304058 
14910018,-3.3120300751879723 
14920037,-2.7978102189781042 
14930013,-3.614285714285717 
14940025,-2.7862815884476557 
14950016,-3.426865671641794 
14960004,-3.1667896678966816 
14970001,-2.9229090909090933 
14980017,-2.858608058608061 
14990015,-2.5510791366906496 
15000012,-2.8283636363636386 
15010020,-3.1472527472527494 
15020017,-3.1311355311355333 
15030037,-2.512544802867386 
15040000,-3.0966789667896704 
15050031,-2.7856115107913695 
15060015,-3.504119850187269 
15070030,-3.308823529411767 
15080018,-2.859420289855075 
15090026,-3.5174721189591107 
15100022,-3.6134328358208987 
15110033,-2.932363636363639 
15120020,-2.748387096774196 
15130025,-2.291814946619219 
15140009,-3.5742424242424273 
15150004,-3.2888888888888914 
15160015,-3.402247191011238 
15170008,-3.9171102661596984 
15180018,-2.7517985611510816 
15190006,-2.7680000000000025 
15200030,-3.528358208955227 
15210011,-2.48530465949821 
15220009,-2.872527472527475 
15230037,-3.0776556776556805 
15240020,-3.1637037037037063 
15250022,-2.6635379061371864 
15260029,-2.2697508896797176 
15270022,-2.8370909090909113 
15280024,-3.263970588235297 
15290015,-3.3843866171003745 
15300028,-2.7970909090909117 
15310002,-3.120740740740744 
15320021,-3.1843866171003747 
15330024,-2.905147058823532 
15340017,-3.254477611940301 
15350005,-3.3626865671641815 
15360016,-3.1158671586715894 
15370043,-3.583520599250939 
15380007,-3.4757575757575783 
15390001,-3.264206642066423 
15400018,-3.164102564102567 
15410011,-2.862545454545457 
15420009,-2.535018050541519 
15430043,-3.2117647058823557 
15440016,-3.402952029520298 
15450025,-3.362825278810411 
15460024,-3.4238805970149286 
15470008,-3.5916349809885957 
15480028,-3.216911764705885 
15490004,-2.8956204379562065 
15500033,-2.9985401459854035 
15510008,-3.5261194029850773 
15520036,-2.549458483754515 
15530000,-3.4516853932584297 
15540013,-3.0666666666666695 
15550012,-2.972893772893775 
15560026,-3.1890109890109914 
15570015,-3.3093632958801527 
15580008,-4.16679536679537 
15590028,-3.2629629629629653 
15600035,-3.0992592592592625 
15610024,-3.291111111111114 
15620039,-2.9600000000000026 
15630017,-3.5533834586466186 
15640013,-2.906569343065696 
15650006,-2.5690647482014413 
15660002,-2.2946996466431115 
15670015,-2.884363636363639 
15680005,-3.63295880149813 
15690018,-3.3092936802974005 
15700045,-2.760144927536234 
15710042,-3.692134831460677 
15720000,-3.3104477611940326 
15730001,-3.1992673992674017 
15740016,-2.8823529411764732 
15750027,-2.4014285714285735 
15760007,-2.326164874551973 
15770004,-2.9808823529411788 
15780018,-3.315867158671589 
15790033,-2.3533568904593665 
15800023,-2.9927007299270096 
15810016,-3.315750915750918 
15820035,-2.944000000000002 
15830020,-2.867647058823532 
15840001,-2.7342960288808684 
15850002,-3.4274074074074097 
15860033,-3.1464684014869917 
15870042,-2.828880866425995 
15880046,-3.2096296296296316 
15890009,-3.4118518518518544 
15900041,-2.992000000000002 
15910029,-2.6050359712230238 
15920010,-3.6694339622641534 
15930034,-2.85054151624549 
15940045,-3.638202247191014 
15950009,-3.053284671532849 
15960024,-3.0735294117647083 
15970007,-2.7579710144927554 
15980019,-2.495683453237412 
15990014,-3.622641509433965 
16000049,-2.731884057971017 
16010032,-2.0500000000000016 
16020033,-3.277205882352943 
16030009,-2.891176470588238 
16040000,-3.6807547169811348 
16050040,-3.0036496350364987 
16060023,-3.0372262773722656 
16070003,-3.077490774907752 
16080017,-2.3615658362989347 
16090011,-2.3531914893617043 
16100025,-3.0351648351648373 
16110047,-2.2600000000000025 
16120005,-2.8102564102564127 
16130004,-3.1926739926739947 
16140047,-3.7290566037735875 
16150003,-3.019780219780222 
16160016,-2.7805054151624575 
16170020,-2.896350364963506 
16180021,-3.082051282051285 
16190045,-3.0095588235294137 
16200000,-3.0074074074074097 
16210011,-2.852363636363638 
16220017,-3.045421245421248 
16230024,-2.7079136690647507 
16240006,-2.8398550724637706 
16250013,-3.260294117647061 
16260015,-2.69270072992701 
16270043,-2.516845878136203 
16280002,-3.2298507462686596 
16290018,-3.311439114391147 
16300007,-2.3709219858156048 
16310047,-2.9127272727272753 
16320014,-2.886956521739133 
16330040,-2.950545454545457 
16340010,-3.2910447761194055 
16350030,-2.3736654804270483 
16360012,-2.7701818181818205 
16370009,-3.2288888888888914 
16380022,-2.3734767025089623 
16390047,-2.7992831541218655 
16400007,-3.1391941391941414 
16410004,-2.7145985401459876 
16420005,-3.0014705882352968 
16430035,-2.1328671328671347 
16440049,-2.9036496350364986 
16450002,-2.741726618705038 
16460002,-2.7572463768115965 
16470029,-2.2925795053003553 
16480035,-3.0747252747252776 
16490002,-2.3985611510791385 
16500000,-2.620788530465952 
16510027,-2.8820512820512842 
16520014,-2.900000000000002 
16530029,-2.6223021582733828 
16540013,-2.939926739926742 
16550017,-3.5699248120300777 
16560023,-3.1343173431734344 
16570013,-2.7644927536231907 
16580006,-3.7564885496183242 
16590004,-2.4865248226950376 
16600013,-2.7221818181818205 
16610006,-2.8080000000000016 
16620040,-2.720000000000002 
16630028,-2.3387900355871905 
16640042,-2.398571428571431 
16650007,-2.754512635379063 
16660014,-2.962500000000002 
16670035,-2.6657039711191355 
16680010,-2.18505338078292 
16690024,-3.6876404494382053 
16700040,-2.2063604240282704 
16710013,-2.37081850533808 
16720009,-2.9208791208791234 
16730011,-2.4974729241877283 
16740015,-2.168197879858659 
16750014,-2.421505376344088 
16760026,-2.9369963369963394 
16770044,-2.6577617328519882 
16780049,-2.886446886446889 
16790002,-2.8573529411764733 
16800045,-3.0151624548736486 
16810049,-2.7819494584837567 
16820027,-2.620289855072466 
16830010,-2.4719424460431676 
16840023,-2.3971428571428595 
16850008,-2.9191176470588256 
16860020,-2.8151624548736485 
16870045,-2.501792114695343 
16880024,-2.5525179856115128 
16890012,-3.417100371747215 
16900009,-3.028467153284674 
16910010,-2.512318840579712 
16920026,-2.759566787003612 
16930003,-2.9150183150183175 
16940028,-2.3215547703180226 
16950005,-2.7592727272727298 
16960030,-3.1428571428571455 
