10000,-9.76 
20000,-9.809999999999997 
30000,-9.765 
40000,-9.71 
50000,-9.71 
60000,-9.64 
70000,-9.709999999999997 
80000,-9.72 
90000,-9.615 
100000,-9.64 
110000,-9.655 
120000,-9.66 
130000,-9.665 
140000,-9.625 
150000,-9.595 
160000,-9.63 
170000,-9.585 
180000,-9.585 
190000,-9.555 
200000,-9.56 
210000,-9.575 
220000,-9.59 
230000,-9.56 
240000,-9.59 
250000,-9.555 
260000,-9.53 
270000,-9.57 
280000,-9.705 
290000,-9.57 
300000,-9.515 
310000,-9.725 
320000,-9.645 
330000,-9.6 
340000,-9.65 
350000,-9.555 
360000,-9.54 
370000,-9.51 
380000,-9.59 
390000,-9.625 
400000,-9.555 
410000,-9.54 
420000,-9.57 
430000,-9.475 
440000,-9.43 
450000,-9.555 
460039,-9.466666666666665 
470039,-9.47 
480039,-9.41 
490039,-9.475 
500039,-9.345 
510039,-9.345 
520039,-9.3 
530039,-9.44 
540039,-9.35 
550039,-9.3 
560039,-9.28 
570039,-9.34 
580039,-9.325 
590039,-9.23 
600039,-9.355 
610039,-9.285 
620039,-9.31 
630039,-9.19 
640039,-9.345 
650039,-9.26 
660039,-9.27 
670039,-9.33 
680039,-9.32 
690039,-9.235 
700039,-9.295 
710039,-9.23 
720039,-9.14 
730039,-9.275 
740039,-9.255 
750039,-9.23 
760039,-9.205 
770039,-9.21 
780039,-9.165 
790039,-9.2 
800039,-9.28 
810039,-9.23 
820039,-9.15 
830039,-9.22 
840039,-9.125 
850039,-9.135 
860039,-9.085 
870039,-9.095 
880039,-9.12 
890039,-9.02 
900039,-9.215 
910039,-9.15 
920039,-9.145 
930039,-9.215 
940039,-9.175 
950039,-9.13 
960039,-9.1 
970039,-9.15 
980039,-9.205 
990039,-9.14 
1000039,-9.165 
1010039,-9.11 
1020039,-9.15 
1030039,-9.075 
1040039,-9.155 
1050039,-9.085 
1060039,-9.255 
1070039,-9.1 
1080039,-9.035 
1090039,-9.11 
1100039,-9.095 
1110039,-8.96 
1120039,-9.095 
1130039,-9.185 
1140039,-9.035 
1150039,-9.15 
1160039,-9.05 
1170039,-9.055 
1180039,-9.215 
1190039,-9.1 
1200039,-9.12 
1210039,-9.185 
1220039,-9.125 
1230039,-9.045 
1240039,-9.175 
1250039,-8.96 
1260039,-9.07 
1270039,-9.04 
1280039,-9.07 
1290039,-8.99 
1300039,-9.085 
1310039,-9.05 
1320039,-9.175 
1330039,-8.9 
1340039,-9.035 
1350039,-8.875 
1360039,-8.905 
1370015,-8.901 
1380015,-8.975 
1390015,-9.03 
1400015,-9.075 
1410015,-8.975 
1420015,-9.03 
1430015,-8.99 
1440015,-9.005 
1450015,-8.875 
1460015,-9.0 
1470015,-8.965 
1480015,-8.925 
1490015,-9.025 
1500015,-9.03 
1510015,-8.9 
1520015,-9.05 
1530015,-8.97 
1540015,-9.0 
1550015,-8.9 
1560015,-8.84 
1570015,-8.98 
1580015,-8.94 
1590015,-9.005 
1600015,-8.94 
1610015,-8.985 
1620015,-9.07 
1630015,-9.015 
1640015,-9.03 
1650015,-8.875 
1660015,-8.91 
1670015,-9.025 
1680015,-9.075 
1690015,-8.935 
1700015,-8.97 
1710015,-9.03 
1720003,-9.088 
1730003,-9.045 
1740003,-9.015 
1750003,-9.005 
1760027,-8.98905472636816 
1770027,-9.065 
1780027,-9.055 
1790027,-9.0 
1800027,-9.11 
1810027,-9.005 
1820027,-8.895 
1830027,-8.93 
1840027,-8.985 
1850027,-8.92 
1860019,-8.977 
1870019,-8.965 
1880019,-9.02 
1890019,-9.09 
1900019,-9.025 
1910019,-8.815 
1920019,-9.03 
1930019,-9.0 
1940019,-8.93 
1950019,-8.86 
1960019,-8.905 
1970019,-9.18 
1980019,-8.99 
1990019,-8.93 
2000019,-8.92 
2010019,-8.95 
2020009,-8.88 
2030009,-8.855 
2040009,-8.875 
2050009,-8.995 
2060009,-8.845 
2070009,-9.085 
2080009,-8.98 
2090009,-8.9 
2100009,-8.94 
2110009,-8.865 
2120009,-8.94 
2130009,-8.95 
2140009,-8.82 
2150009,-8.875 
2160009,-8.845 
2170009,-8.945 
2180009,-8.925 
2190009,-8.96 
2200009,-8.885 
2210009,-8.915 
2220009,-8.77 
2230009,-8.865 
2240009,-8.885 
2250009,-8.865 
2260009,-8.915 
2270009,-8.96 
2280009,-8.705 
2290009,-8.87 
2300009,-8.805 
2310009,-8.785 
2320009,-8.815 
2330009,-8.85 
2340009,-8.91 
2350009,-8.885 
2360009,-8.815 
2370009,-8.89 
2380009,-9.01 
2390009,-8.945 
2400009,-8.82 
2410009,-8.835 
2420009,-8.84 
2430009,-8.815 
2440009,-9.035 
2450009,-8.9 
2460009,-8.85 
2470009,-8.875 
2480009,-8.815 
2490009,-8.84 
2500009,-8.945 
2510007,-8.677999999999999 
2520007,-8.81 
2530007,-8.975 
2540007,-8.81 
2550007,-8.94 
2560007,-8.935 
2570007,-8.96 
2580003,-8.821 
2590003,-8.845 
2600003,-8.945 
2610003,-8.715 
2620003,-8.785 
2630003,-8.935 
2640003,-8.885 
2650003,-8.755 
2660003,-8.88 
2670003,-8.85 
2680003,-8.84 
2690003,-8.78 
2700003,-8.83 
2710003,-8.83 
2720003,-8.925 
2730003,-8.88 
2740003,-8.925 
2750003,-8.92 
2760003,-8.76 
2770003,-8.68 
2780003,-8.87 
2790003,-8.805 
2800035,-8.942288557213931 
2810035,-8.76 
2820029,-8.709 
2830029,-8.755 
2840026,-8.707 
2850026,-8.87 
2860026,-8.82 
2870026,-8.735 
2880026,-8.78 
2890026,-8.965 
2900026,-8.905 
2910026,-8.835 
2920026,-8.975 
2930026,-8.9 
2940026,-8.82 
2950026,-8.81 
2960026,-8.905 
2970026,-8.74 
2980026,-8.865 
2990026,-8.78 
3000026,-8.84 
3010026,-8.755 
3020007,-8.816 
3030007,-8.88 
3040007,-8.855 
3050007,-9.005 
3060007,-8.94 
3070007,-8.895 
3080007,-8.76 
3090007,-9.03 
3100007,-8.895 
3110007,-8.895 
3120007,-8.845 
3130007,-8.915 
3140007,-8.91 
3150007,-8.965 
3160007,-8.93 
3170007,-8.855 
3180007,-8.955 
3190007,-8.775 
3200007,-8.935 
3210007,-8.785 
3220007,-8.815 
3230007,-8.89 
3240007,-8.99 
3250007,-8.855 
3260007,-8.91 
3270007,-8.855 
3280007,-8.845 
3290007,-8.915 
3300007,-8.96 
3310007,-8.815 
3320007,-8.915 
3330032,-8.860696517412935 
3340032,-8.82 
3350032,-8.895 
3360032,-8.77 
3370032,-8.85 
3380032,-8.935 
3390032,-8.955 
3400032,-8.84 
3410032,-8.92 
3420032,-8.71 
3430032,-8.795 
3440032,-8.835 
3450032,-8.82 
3460007,-8.795 
3470007,-8.785 
3480007,-8.775 
3490007,-9.025 
3500007,-8.825 
3510007,-8.845 
3520007,-8.835 
3530007,-8.79 
3540007,-8.760000000000002 
3550007,-8.88 
3560007,-8.94 
3570007,-8.85 
3580007,-8.805 
3590007,-8.67 
3600007,-8.785 
3610007,-8.845 
3620007,-8.825 
3630007,-8.865 
3640007,-8.81 
3650007,-8.795 
3660007,-8.785 
3670007,-8.77 
3680007,-8.85 
3690007,-8.855 
3700007,-8.715 
3710007,-8.725 
3720007,-8.835 
3730007,-8.71 
3740007,-8.745 
3750007,-8.755 
3760007,-8.745 
3770007,-8.805 
3780007,-8.86 
3790007,-8.795 
3800007,-8.82 
3810007,-8.86 
3820007,-8.785 
3830007,-8.625 
3840007,-8.8 
3850007,-8.745 
3860007,-8.675 
3870049,-8.788059701492537 
3880049,-8.79 
3890049,-8.82 
3900049,-8.69 
3910049,-8.75 
3920049,-8.795 
3930049,-8.89 
3940049,-8.7 
3950049,-8.8 
3960049,-8.705 
3970049,-8.85 
3980049,-8.765 
3990029,-8.625 
4000029,-8.815 
4010009,-8.845 
4020009,-8.805 
4030009,-8.73 
4040009,-8.685 
4050009,-8.85 
4060009,-8.7 
4070009,-8.705 
4080009,-8.675 
4090009,-8.755 
4100009,-8.87 
4110009,-8.895 
4120009,-8.835 
4130009,-8.8 
4140009,-8.9 
4150009,-8.885 
4160009,-8.79 
4170009,-8.875 
4180009,-8.74 
4190009,-8.86 
4200009,-8.815 
4210009,-8.8 
4220009,-8.745 
4230009,-8.71 
4240009,-8.76 
4250009,-8.935 
4260032,-8.68457711442786 
4270032,-8.79 
4280032,-8.785 
4290032,-8.84 
4300032,-8.75 
4310032,-8.76 
4320032,-8.755 
4330032,-8.73 
4340032,-8.765 
4350032,-8.73 
4360032,-8.68 
4370032,-8.63 
4380032,-8.68 
4390032,-8.69 
4400032,-8.73 
4410032,-8.57 
4420032,-8.735 
4430032,-8.68 
4440032,-8.855 
4450032,-8.695 
4460032,-8.625 
4470032,-8.75 
4480032,-8.68 
4490032,-8.55 
4500032,-8.83 
4510032,-8.79 
4520032,-8.755 
4530032,-8.73 
4540032,-8.79 
4550032,-8.715 
4560032,-8.665 
4570032,-8.735 
4580032,-8.775 
4590032,-8.615 
4600032,-8.855 
4610032,-8.685 
4620032,-8.865 
4630032,-8.605 
4640032,-8.84 
4650032,-8.76 
4660032,-8.76 
4670032,-8.73 
4680032,-8.745 
4690032,-8.745 
4700032,-8.645 
4710032,-8.825 
4720032,-8.665 
4730032,-8.72 
4740032,-8.67 
4750032,-8.615 
4760032,-8.855 
4770032,-8.665 
4780032,-8.76 
4790032,-8.75 
4800032,-8.755 
4810032,-8.685 
4820032,-8.69 
4830032,-8.66 
4840032,-8.75 
4850032,-8.73 
4860032,-8.89 
4870032,-8.755 
4880032,-8.705 
4890032,-8.785 
4900032,-8.54 
4910032,-8.625 
4920032,-8.635 
4930032,-8.73 
4940032,-8.6 
4950032,-8.76 
4960032,-8.8 
4970032,-8.765 
4980032,-8.855 
4990032,-8.78 
5000032,-8.63 
5010032,-8.76 
5020032,-8.805 
5030032,-8.695 
5040032,-8.655 
5050032,-8.74 
5060032,-8.675 
5070032,-8.84 
5080032,-8.595 
5090032,-8.68 
5100032,-8.75 
5110032,-8.735 
5120032,-8.63 
5130032,-8.73 
5140032,-8.665 
5150032,-8.565 
5160032,-8.655 
5170032,-8.705 
5180032,-8.785 
5190032,-8.725 
5200032,-8.68 
5210032,-8.72 
5220032,-8.795 
5230032,-8.645 
5240032,-8.8 
5250032,-8.615 
5260032,-8.76 
5270032,-8.745 
5280032,-8.8 
5290032,-8.705 
5300032,-8.590000000000002 
5310032,-8.815 
5320032,-8.75 
5330032,-8.74 
5340032,-8.655000000000001 
5350032,-8.675 
5360032,-8.73 
5370032,-8.715 
5380032,-8.77 
5390032,-8.745 
5400032,-8.705 
5410032,-8.845 
5420032,-8.855 
5430032,-8.835 
5440032,-8.82 
5450032,-8.765 
5460032,-8.64 
5470032,-8.625 
5480032,-8.71 
5490032,-8.825 
5500032,-8.64 
5510032,-8.585 
5520032,-8.605 
5530024,-8.692 
5540024,-8.85 
5550024,-8.84 
5560024,-8.57 
5570024,-8.8 
5580024,-8.765 
5590024,-8.75 
5600024,-8.735 
5610024,-8.72 
5620024,-8.835 
5630024,-8.835 
5640024,-8.81 
5650024,-8.76 
5660024,-8.88 
5670024,-8.705 
5680024,-8.725 
5690024,-8.725 
5700024,-8.81 
5710024,-8.825 
5720023,-8.849 
5730023,-8.71 
5740023,-8.745 
5750023,-8.595 
5760023,-8.76 
5770023,-8.77 
5780023,-8.705 
5790023,-8.765 
5800023,-8.795 
5810023,-8.78 
5820023,-8.77 
5830023,-8.675 
5840023,-8.74 
5850023,-8.75 
5860023,-8.79 
5870023,-8.74 
5880023,-8.68 
5890023,-8.865 
5900023,-8.725 
5910011,-8.823 
5920011,-8.655 
5930011,-8.775 
5940011,-8.65 
5950011,-8.66 
5960011,-8.63 
5970011,-8.580000000000002 
5980011,-8.715 
5990011,-8.645 
6000011,-8.66 
6010011,-8.805 
6020011,-8.87 
6030011,-8.755 
6040011,-8.865 
6050011,-8.605 
6060011,-8.84 
6070011,-8.615 
6080011,-8.805 
6090011,-8.83 
6100011,-8.79 
6110011,-8.695 
6120011,-8.785 
6130011,-8.675 
6140011,-8.775 
6150011,-8.73 
6160000,-8.689 
6170000,-8.69 
6180000,-8.745 
6190000,-8.755 
6200000,-8.745 
6210000,-8.785 
6220000,-8.68 
6230000,-8.695 
6240000,-8.695 
6250000,-8.66 
6260000,-8.725 
6270000,-8.59 
6280000,-8.86 
6290000,-8.815 
6300026,-8.732338308457711 
6310026,-8.685 
6320018,-8.792 
6330018,-8.805 
6340018,-8.875 
6350018,-8.89 
6360018,-8.79 
6370018,-8.77 
6380018,-8.68 
6390018,-8.715 
6400043,-8.64676616915423 
6410043,-8.75 
6420043,-8.855 
6430043,-8.575 
6440043,-8.775 
6450033,-8.65 
6460033,-8.67 
6470033,-8.69 
6480033,-8.615 
6490033,-8.62 
6500033,-8.83 
6510033,-8.625 
6520033,-8.85 
6530033,-8.59 
6540033,-8.84 
6550033,-8.645 
6560033,-8.87 
6570033,-8.755 
6580033,-8.835 
6590033,-8.73 
6600033,-8.745 
6610033,-8.825 
6620033,-8.76 
6630022,-8.724 
6640022,-8.74 
6650022,-8.74 
6660022,-8.61 
6670022,-8.580000000000002 
6680022,-8.765 
6690022,-8.83 
6700022,-8.84 
6710022,-8.62 
6720022,-8.605 
6730022,-8.695 
6740022,-8.9 
6750022,-8.605 
6760022,-8.675 
6770022,-8.64 
6780022,-8.61 
6790022,-8.555 
6800022,-8.88 
6810022,-8.63 
6820016,-8.629 
6830016,-8.705 
6840016,-8.65 
6850016,-8.835 
6860016,-8.66 
6870016,-8.86 
6880016,-8.82 
6890016,-8.755 
6900016,-8.78 
6910016,-8.765 
6920016,-8.79 
6930016,-8.805 
6940016,-8.68 
6950016,-8.54 
6960016,-8.605 
6970016,-8.81 
6980016,-8.615 
6990016,-8.655 
7000016,-8.63 
7010016,-8.665 
7020016,-8.66 
7030016,-8.625 
7040016,-8.71 
7050016,-8.72 
7060016,-8.775 
7070016,-8.775 
7080016,-8.895 
7090016,-8.56 
7100016,-8.65 
7110016,-8.685 
7120016,-8.51 
7130016,-8.835 
7140016,-8.54 
7150016,-8.65 
7160000,-8.774000000000001 
7170000,-8.925 
7180000,-8.66 
7190000,-8.72 
7200000,-8.64 
7210000,-8.775 
7220000,-8.71 
7230000,-8.86 
7240000,-8.64 
7250000,-8.77 
7260000,-8.59 
7270000,-8.69 
7280000,-8.715 
7290000,-8.84 
7300000,-8.655 
7310000,-8.75 
7320000,-8.855 
7330000,-8.745 
7340000,-8.725 
7350000,-8.75 
7360000,-8.58 
7370000,-8.795 
7380000,-8.585 
7390000,-8.705 
7400000,-8.885 
7410000,-8.8 
7420000,-8.89 
7430000,-8.665 
7440000,-8.775 
7450000,-8.725 
7460000,-8.65 
7470000,-8.735 
7480000,-8.77 
7490000,-8.715 
7500000,-8.6 
7510000,-8.75 
7520000,-8.65 
7530000,-8.615 
7540000,-8.715 
7550000,-8.77 
7560000,-8.71 
7570000,-8.73 
7580000,-8.675 
7590000,-8.765 
7600000,-8.78 
7610000,-8.71 
7620000,-8.845 
7630000,-8.625000000000002 
7640000,-8.725 
7650000,-8.825 
7660000,-8.805 
7670000,-8.73 
7680000,-8.755 
7690000,-8.75 
7700000,-8.805 
7710000,-8.715 
7720000,-8.915 
7730000,-8.825 
7740000,-8.73 
7750000,-8.72 
7760000,-8.85 
7770000,-8.625 
7780000,-8.71 
7790000,-8.705 
7800000,-8.79 
7810049,-8.72039800995025 
7820049,-8.54 
7830049,-8.905 
7840049,-8.82 
7850049,-8.695 
7860049,-8.685 
7870049,-8.805 
7880049,-8.775 
7890049,-8.75 
7900049,-8.725 
7910049,-8.875 
7920049,-8.755 
7930049,-8.79 
7940049,-8.655 
7950049,-8.655 
7960049,-8.655 
7970049,-8.725 
7980049,-8.73 
7990049,-8.715 
8000049,-8.785 
8010049,-8.65 
8020049,-8.785 
8030049,-8.79 
8040049,-8.68 
8050049,-8.725 
8060049,-8.77 
8070049,-8.77 
8080049,-8.82 
8090049,-8.695 
8100049,-8.575 
8110049,-8.71 
8120049,-8.660000000000002 
8130049,-8.7 
8140039,-8.52 
8150039,-8.72 
8160039,-8.62 
8170039,-8.65 
8180039,-8.84 
8190039,-8.72 
8200035,-8.786 
8210034,-8.533999999999999 
8220034,-8.765 
8230034,-8.71 
8240034,-8.905 
8250034,-8.695 
8260034,-8.545 
8270034,-8.715 
8280034,-8.575 
8290034,-8.78 
8300034,-8.8 
8310034,-8.715000000000002 
8320034,-8.885 
8330004,-8.695 
8340004,-8.715 
8350004,-8.65 
8360004,-8.75 
8370004,-8.63 
8380004,-8.625 
8390004,-8.83 
8400004,-8.83 
8410004,-8.755 
8420004,-8.625 
8430004,-8.775 
8440004,-8.7 
8450004,-8.71 
8460004,-8.82 
8470004,-8.665 
8480004,-8.745 
8490040,-8.697512437810946 
8500040,-8.635 
8510040,-8.595 
8520039,-8.489 
8530039,-8.695 
8540039,-8.72 
8550039,-8.58 
8560039,-8.625 
8570039,-8.61 
8580039,-8.835 
8590039,-8.895 
8600039,-8.77 
8610039,-8.61 
8620039,-8.675 
8630039,-8.66 
8640039,-8.785 
8650039,-8.705 
8660039,-8.58 
8670039,-8.73 
8680039,-8.915 
8690039,-8.695 
8700039,-8.795 
8710039,-8.6 
8720039,-8.785 
8730039,-8.55 
8740039,-8.71 
8750039,-8.73 
8760039,-8.72 
8770039,-8.705 
8780039,-8.66 
8790039,-8.785 
8800039,-8.65 
8810039,-8.69 
8820039,-8.66 
8830039,-8.555 
8840039,-8.735 
8850039,-8.675 
8860039,-8.665 
8870039,-8.715 
8880039,-8.555 
8890039,-8.73 
8900039,-8.78 
8910039,-8.73 
8920039,-8.715 
8930039,-8.595 
8940039,-8.705 
8950039,-8.675 
8960039,-8.8 
8970039,-8.82 
8980039,-8.78 
8990039,-8.775 
9000039,-8.76 
9010039,-8.925 
9020039,-8.775 
9030039,-8.77 
9040039,-8.705 
9050039,-8.87 
9060039,-8.685 
9070039,-8.595 
9080039,-8.69 
9090039,-8.55 
9100039,-8.635 
9110039,-8.805 
9120039,-8.695 
9130039,-8.655 
9140039,-8.63 
9150039,-8.74 
9160039,-8.795 
9170039,-8.8 
9180039,-8.61 
9190039,-8.57 
9200039,-8.645 
9210039,-8.705 
9220039,-8.87 
9230039,-8.79 
9240039,-8.815 
9250039,-8.675 
9260039,-8.67 
9270039,-8.74 
9280039,-8.675 
9290039,-8.75 
9300039,-8.78 
9310009,-8.74 
9320022,-8.619900497512438 
9330022,-8.735 
9340022,-8.61 
9350022,-8.82 
9360001,-8.659 
9370001,-8.675 
9380001,-8.655 
9390001,-8.675 
9400001,-8.71 
9410001,-8.665 
9420001,-8.69 
9430030,-8.655721393034826 
9440030,-8.77 
9450030,-8.75 
9460030,-8.735 
9470030,-8.74 
9480030,-8.73 
9490030,-8.77 
9500030,-8.795 
9510030,-8.75 
9520030,-8.78 
9530030,-8.72 
9540030,-8.815 
9550022,-8.747 
9560022,-8.66 
9570022,-8.74 
9580022,-8.59 
9590022,-8.865 
9600022,-8.91 
9610022,-8.7 
9620022,-8.645 
9630022,-8.755 
9640022,-8.68 
9650022,-8.77 
9660022,-8.78 
9670022,-8.79 
9680022,-8.67 
9690000,-8.668 
9700000,-8.52 
9710000,-8.735 
9720000,-8.72 
9730000,-8.74 
9740000,-8.745 
9750000,-8.66 
9760000,-8.705 
9770000,-8.8 
9780000,-8.675 
9790000,-8.685 
9800000,-8.69 
9810000,-8.665 
9820000,-8.68 
9830000,-8.725 
9840000,-8.765 
9850000,-8.64 
9860000,-8.73 
9870039,-8.780099502487563 
9880039,-8.59 
9890039,-8.815 
9900039,-8.645 
9910039,-8.605 
9920039,-8.56 
9930039,-8.71 
9940039,-8.555 
9950039,-8.73 
9960039,-8.67 
9970039,-8.635 
9980039,-8.695 
9990039,-8.69 
10000039,-8.775 
10010027,-8.618 
10020027,-8.61 
10030027,-8.795 
10040027,-8.815 
10050027,-8.805 
10060027,-8.695 
10070027,-8.74 
10080027,-8.675 
10090027,-8.755 
10100027,-8.715 
10110027,-8.835 
10120027,-8.7 
10130027,-8.71 
10140027,-8.71 
10150027,-8.825 
10160027,-8.67 
10170002,-8.605 
10180032,-8.771144278606965 
10190032,-8.845 
10200032,-8.965 
10210032,-8.79 
10220032,-8.7 
10230032,-8.865 
10240032,-8.79 
10250032,-8.845 
10260032,-8.715000000000002 
10270032,-8.705 
10280032,-8.675 
10290032,-8.740000000000002 
10300032,-8.845 
10310032,-8.76 
10320032,-8.72 
10330032,-8.77 
10340032,-8.64 
10350032,-8.74 
10360032,-8.775 
10370032,-8.855 
10380032,-8.715 
10390032,-8.845 
10400032,-8.66 
10410032,-8.835 
10420032,-8.58 
10430032,-8.875 
10440032,-8.665 
10450032,-8.69 
10460032,-8.595 
10470032,-8.74 
10480032,-8.875 
10490032,-8.835 
10500032,-8.665 
10510032,-8.695 
10520020,-8.593 
10530020,-8.745 
10540020,-8.69 
10550020,-8.82 
10560020,-8.805 
10570020,-8.96 
10580020,-8.66 
10590020,-8.8 
10600020,-8.76 
10610020,-8.86 
10620020,-8.63 
10630020,-8.76 
10640020,-8.89 
10650020,-8.87 
10660020,-8.88 
10670020,-8.685 
10680008,-8.568 
10690008,-8.835 
10700008,-8.71 
10710008,-8.785 
10720008,-8.655 
10730008,-8.825 
10740008,-8.82 
10750008,-8.75 
10760008,-8.68 
10770008,-8.755 
10780008,-8.775 
10790008,-8.66 
10800008,-8.725 
10810008,-8.725 
10820008,-8.765 
10830008,-8.895 
10840008,-8.745 
10850008,-8.775 
10860008,-8.765 
10870008,-8.805 
10880008,-8.655 
10890008,-8.715000000000002 
10900008,-8.865 
10910008,-8.805 
10920008,-8.735000000000001 
10930008,-8.73 
10940008,-8.64 
10950008,-8.735 
10960008,-8.94 
10970008,-8.745 
10980008,-8.765 
10990008,-8.69 
11000008,-8.685 
11010008,-8.745 
11020008,-8.775 
11030008,-8.68 
11040008,-8.725 
11050008,-8.835 
11060008,-8.68 
11070008,-8.815 
11080008,-8.79 
11090047,-8.735323383084577 
11100047,-8.865 
11110047,-8.815 
11120047,-8.745 
11130047,-8.72 
11140047,-8.805 
11150047,-8.7 
11160047,-8.755 
11170047,-8.805 
11180047,-8.87 
11190047,-8.77 
11200047,-8.675 
11210047,-8.805 
11220047,-8.59 
11230024,-8.682 
11240024,-8.77 
11250024,-8.675 
11260024,-8.7 
11270000,-8.626000000000001 
11280000,-8.855 
11290000,-8.715 
11300000,-8.735 
11310000,-8.690000000000001 
11320018,-8.639800995024876 
11330046,-8.654726368159203 
11340046,-8.815 
11350046,-8.78 
11360046,-8.85 
11370046,-8.795 
11380046,-8.865 
11390046,-8.765 
11400046,-8.695 
11410046,-8.735 
11420046,-8.655 
11430046,-8.885 
11440046,-8.745 
11450046,-8.81 
11460046,-8.745 
11470046,-8.645 
11480046,-8.715 
11490046,-8.71 
11500046,-8.72 
11510046,-8.92 
11520046,-8.67 
11530046,-8.755 
11540046,-8.655 
11550046,-8.765 
11560046,-8.63 
11570046,-8.75 
11580046,-8.85 
11590046,-8.72 
11600046,-8.885 
11610046,-8.87 
11620046,-8.8 
11630046,-8.83 
11640046,-8.845 
11650046,-8.74 
11660046,-8.82 
11670046,-8.95 
11680046,-8.86 
11690046,-8.745 
11700046,-8.905 
11710046,-8.725 
11720046,-8.905 
11730046,-8.775 
11740046,-8.755 
11750046,-8.635 
11760046,-8.8 
11770046,-8.725 
11780046,-8.965 
11790046,-8.855 
11800046,-8.845 
11810046,-8.63 
11820046,-8.515 
11830046,-8.86 
11840046,-8.735 
11850046,-8.69 
11860046,-8.835 
11870046,-8.825 
11880046,-8.72 
11890046,-8.55 
11900046,-8.625 
11910046,-8.825 
11920046,-8.79 
11930046,-8.8 
11940046,-8.805 
11950046,-8.915 
11960046,-8.85 
11970046,-8.7 
11980046,-8.81 
11990046,-8.77 
12000046,-8.84 
12010046,-8.695 
12020046,-8.76 
12030046,-8.68 
12040046,-8.695 
12050046,-8.675 
12060046,-8.77 
12070046,-8.795 
12080046,-8.835 
12090046,-8.875 
12100046,-8.72 
12110046,-8.675 
12120046,-8.875 
12130046,-8.795 
12140046,-8.75 
12150046,-8.965 
12160046,-8.68 
12170046,-8.755 
12180046,-8.755 
12190041,-8.815 
12200041,-8.745 
12210041,-8.91 
12220041,-8.84 
12230041,-8.655 
12240041,-8.86 
12250041,-8.77 
12260041,-8.73 
12270041,-8.725 
12280041,-8.7 
12290041,-8.655 
12300041,-8.81 
12310032,-8.826 
12320032,-8.72 
12330032,-8.745 
12340032,-8.745 
12350032,-8.82 
12360032,-8.59 
12370032,-8.775 
12380019,-8.612 
12390019,-8.675 
12400019,-8.79 
12410019,-8.765 
12420019,-8.66 
12430019,-8.66 
12440019,-8.835 
12450019,-8.815 
12460011,-8.687000000000001 
12470011,-8.735 
12480011,-8.795 
12490011,-8.775 
