10000,-19.3799991607666 
20000,-19.719999313354492 
30000,-19.239999771118164 
40000,-19.34000015258789 
50000,-19.43000030517578 
60000,-19.229999542236328 
70000,-19.219999313354492 
80000,-19.149999618530273 
90000,-19.09000015258789 
100000,-19.040000915527344 
110000,-18.899999618530273 
120000,-19.079999923706055 
130000,-18.90999984741211 
140000,-18.860000610351562 
150000,-18.75 
160000,-19.020000457763672 
170000,-18.809999465942383 
180000,-18.760000228881836 
190000,-18.799999237060547 
200000,-18.770000457763672 
210000,-18.770000457763672 
220000,-18.75 
230000,-18.670000076293945 
240000,-18.610000610351562 
250000,-18.600000381469727 
260000,-18.75 
270000,-18.780000686645508 
280000,-18.709999084472656 
290000,-18.540000915527344 
300000,-18.8799991607666 
310000,-18.5 
320000,-18.610000610351562 
330000,-18.719999313354492 
340000,-18.520000457763672 
350000,-18.809999465942383 
360000,-18.420000076293945 
370000,-18.610000610351562 
380000,-18.610000610351562 
390000,-18.600000381469727 
400000,-18.350000381469727 
410000,-18.549999237060547 
420000,-18.5 
430000,-18.420000076293945 
440000,-18.5 
450000,-18.610000610351562 
460000,-18.450000762939453 
470000,-18.309999465942383 
480000,-18.700000762939453 
490000,-18.420000076293945 
500000,-18.559999465942383 
510000,-18.43000030517578 
520000,-18.3700008392334 
530000,-18.260000228881836 
540000,-18.459999084472656 
550000,-18.260000228881836 
560000,-18.25 
570000,-18.040000915527344 
580000,-18.15999984741211 
590000,-18.31999969482422 
600000,-18.149999618530273 
610000,-18.190000534057617 
620000,-18.190000534057617 
630000,-17.93000030517578 
640000,-17.989999771118164 
650000,-18.15999984741211 
660000,-17.959999084472656 
670000,-18.059999465942383 
680000,-17.93000030517578 
690000,-18.059999465942383 
700000,-18.010000228881836 
710000,-17.979999542236328 
720000,-18.010000228881836 
730000,-18.110000610351562 
740000,-17.90999984741211 
750000,-17.889999389648438 
760000,-17.670000076293945 
770000,-17.75 
780000,-17.8799991607666 
790000,-17.690000534057617 
800000,-17.84000015258789 
810000,-17.649999618530273 
820000,-17.799999237060547 
830000,-17.6299991607666 
840000,-17.729999542236328 
850000,-17.360000610351562 
860000,-17.770000457763672 
870000,-17.520000457763672 
880000,-17.65999984741211 
890000,-17.739999771118164 
900000,-17.5 
910000,-17.420000076293945 
920000,-17.489999771118164 
930000,-17.290000915527344 
940000,-17.489999771118164 
950000,-17.6200008392334 
960000,-17.389999389648438 
970000,-17.43000030517578 
980000,-17.559999465942383 
990000,-17.25 
1000000,-17.329999923706055 
1010000,-17.40999984741211 
1020000,-17.520000457763672 
1030000,-17.260000228881836 
1040000,-17.420000076293945 
1050000,-17.270000457763672 
1060000,-17.559999465942383 
1070000,-17.40999984741211 
1080000,-17.329999923706055 
1090000,-17.25 
1100000,-17.299999237060547 
1110000,-17.040000915527344 
1120000,-17.100000381469727 
1130000,-17.329999923706055 
1140000,-17.1299991607666 
1150000,-17.1200008392334 
1160000,-17.43000030517578 
1170000,-17.079999923706055 
1180000,-17.209999084472656 
1190000,-16.829999923706055 
1200000,-17.270000457763672 
1210000,-17.280000686645508 
1220000,-17.209999084472656 
1230000,-17.059999465942383 
1240000,-17.229999542236328 
1250000,-17.270000457763672 
1260000,-16.950000762939453 
1270000,-16.889999389648438 
1280000,-16.969999313354492 
1290000,-17.100000381469727 
1300000,-16.959999084472656 
1310000,-17.079999923706055 
1320000,-17.010000228881836 
1330000,-16.969999313354492 
1340000,-17.15999984741211 
1350000,-16.8799991607666 
1360000,-17.1299991607666 
1370000,-17.030000686645508 
1380000,-16.65999984741211 
1390000,-16.860000610351562 
1400000,-16.709999084472656 
1410000,-16.959999084472656 
1420000,-16.940000534057617 
1430000,-17.040000915527344 
1440000,-16.75 
1450000,-16.700000762939453 
1460000,-16.829999923706055 
1470000,-16.739999771118164 
1480000,-16.729999542236328 
1490000,-16.90999984741211 
1500000,-16.700000762939453 
1510000,-16.68000030517578 
1520000,-16.84000015258789 
1530000,-16.770000457763672 
1540000,-16.899999618530273 
1550000,-16.520000457763672 
1560000,-16.68000030517578 
1570000,-16.610000610351562 
1580000,-16.700000762939453 
1590000,-16.299999237060547 
1600000,-16.360000610351562 
1610000,-16.540000915527344 
1620000,-16.170000076293945 
1630000,-16.15999984741211 
1640000,-16.34000015258789 
1650029,-16.350000381469727 
1660029,-16.3799991607666 
1670029,-16.25 
1680029,-16.549999237060547 
1690029,-16.209999084472656 
1700029,-16.260000228881836 
1710029,-16.219999313354492 
1720029,-16.530000686645508 
1730029,-16.239999771118164 
1740029,-16.18000030517578 
1750029,-16.139999389648438 
1760029,-16.059999465942383 
1770029,-16.1299991607666 
1780029,-15.90999984741211 
1790029,-15.930000305175781 
1800029,-16.1200008392334 
1810029,-16.149999618530273 
1820029,-16.079999923706055 
1830029,-15.989999771118164 
1840029,-16.040000915527344 
1850029,-15.729999542236328 
1860014,-15.680000305175781 
1870014,-15.899999618530273 
1880014,-15.779999732971191 
1890014,-15.850000381469727 
1900014,-15.6899995803833 
1910014,-15.880000114440918 
1920014,-15.75 
1930014,-15.649999618530273 
1940044,-15.619999885559082 
1950044,-15.5 
1960044,-15.779999732971191 
1970044,-15.569999694824219 
1980044,-15.920000076293945 
1990044,-15.640000343322754 
2000044,-15.699999809265137 
2010044,-15.520000457763672 
2020044,-15.399999618530273 
2030044,-15.579999923706055 
2040044,-15.380000114440918 
2050044,-15.470000267028809 
2060044,-15.470000267028809 
2070044,-15.630000114440918 
2080044,-15.539999961853027 
2090044,-15.390000343322754 
2100033,-15.380000114440918 
2110033,-15.529999732971191 
2120026,-15.460000038146973 
2130026,-15.420000076293945 
2140026,-15.34000015258789 
2150026,-15.25 
2160026,-15.260000228881836 
2170012,-15.204000473022461 
2180035,-15.079999923706055 
2190035,-15.180000305175781 
2200035,-15.069999694824219 
2210035,-15.199999809265137 
2220035,-15.369999885559082 
2230009,-15.236000061035156 
2240009,-15.029999732971191 
2250009,-14.869999885559082 
2260009,-15.369999885559082 
2270009,-14.920000076293945 
2280009,-15.25 
2290009,-15.079999923706055 
2300009,-15.229999542236328 
2310034,-15.319999694824219 
2320031,-15.180000305175781 
2330031,-14.890000343322754 
2340031,-15.520000457763672 
2350024,-15.1899995803833 
2360024,-15.470000267028809 
2370044,-14.937999725341797 
2380044,-15.289999961853027 
2390013,-14.699999809265137 
2400013,-14.930000305175781 
2410013,-14.930000305175781 
2420031,-15.369999885559082 
2430031,-15.270000457763672 
2440028,-15.140000343322754 
2450044,-15.001999855041504 
2460006,-15.050000190734863 
2470047,-15.013999938964844 
2480046,-15.220000267028809 
2490046,-14.960000038146973 
2500026,-15.140000343322754 
2510026,-15.390000343322754 
2520026,-15.109999656677246 
2530004,-15.131999969482422 
2540031,-14.779999732971191 
2550006,-14.979999542236328 
2560032,-14.971999168395996 
2570032,-15.029999732971191 
2580006,-14.986000061035156 
2590049,-15.550000190734863 
2600049,-15.180000305175781 
2610024,-15.0600004196167 
2620024,-15.460000038146973 
2630019,-15.109999656677246 
2640000,-15.158000946044922 
2650013,-15.0600004196167 
2660048,-15.119999885559082 
2670048,-15.079999923706055 
2680037,-14.895999908447266 
2690020,-15.319999694824219 
2700017,-15.119999885559082 
2710009,-15.028000831604004 
2720045,-15.168000221252441 
2730045,-14.899999618530273 
2740045,-15.279999732971191 
2750047,-14.577999114990234 
2760047,-15.100000381469727 
2770008,-14.841999053955078 
2780006,-15.119999885559082 
2790000,-15.236000061035156 
2800000,-14.970000267028809 
2810037,-14.868000030517578 
2820037,-14.949999809265137 
2830046,-14.656000137329102 
2840046,-15.260000228881836 
2850041,-14.800000190734863 
2860035,-14.5860013961792 
2870027,-14.699999809265137 
2880023,-14.789999961853027 
2890023,-15.199999809265137 
2900010,-14.967999458312988 
2910005,-14.449999809265137 
2920005,-14.989999771118164 
2930033,-14.805999755859375 
2940014,-14.979999542236328 
2950039,-14.829999923706055 
2960039,-14.9399995803833 
2970026,-15.028000831604004 
2980013,-14.770000457763672 
2990033,-14.61199951171875 
3000033,-14.770000457763672 
3010033,-14.899999618530273 
3020026,-15.0600004196167 
3030026,-14.859999656677246 
3040026,-15.0 
3050020,-14.723999977111816 
3060001,-14.564000129699707 
3070016,-14.705999374389648 
3080047,-14.684000015258789 
3090030,-14.404000282287598 
3100026,-14.710000038146973 
3110026,-14.640000343322754 
3120008,-14.510000228881836 
3130035,-14.84000015258789 
3140035,-14.720000267028809 
3150018,-14.403999328613281 
3160018,-14.489999771118164 
3170002,-14.630000114440918 
3180020,-14.324000358581543 
3190048,-14.748000144958496 
3200028,-14.324000358581543 
3210028,-14.630000114440918 
3220024,-14.8100004196167 
3230030,-14.031999588012695 
3240036,-14.268000602722168 
3250041,-14.550000190734863 
3260047,-14.383999824523926 
3270047,-14.130000114440918 
3280019,-14.608000755310059 
3290019,-14.649999618530273 
3300006,-14.880000114440918 
3310009,-14.359999656677246 
3320026,-14.295999526977539 
3330021,-14.4399995803833 
3340040,-14.185999870300293 
3350006,-14.279999732971191 
3360033,-14.5 
3370023,-14.194000244140625 
3380012,-14.004000663757324 
3390012,-14.640000343322754 
3400034,-14.452000617980957 
3410014,-14.658000946044922 
3420048,-14.641999244689941 
3430040,-14.539999961853027 
3440003,-14.34000015258789 
3450044,-14.395999908447266 
3460041,-14.449999809265137 
3470017,-14.303999900817871 
3480023,-14.263999938964844 
3490021,-14.761999130249023 
3500019,-14.181999206542969 
3510011,-14.431999206542969 
3520049,-14.539999961853027 
3530005,-14.286001205444336 
3540005,-14.300000190734863 
3550039,-14.341999053955078 
3560040,-14.17199993133545 
3570040,-14.34000015258789 
3580040,-14.369999885559082 
3590022,-14.34000015258789 
3600033,-14.36400032043457 
3610029,-14.279999732971191 
3620013,-14.085999488830566 
3630014,-14.420000076293945 
3640013,-14.326000213623047 
3650038,-14.34000015258789 
3660014,-14.34000015258789 
3670012,-13.881999969482422 
3680030,-14.300000190734863 
3690037,-14.481999397277832 
3700012,-14.239999771118164 
3710004,-14.184000015258789 
3720014,-14.0600004196167 
3730026,-14.148000717163086 
3740006,-14.149999618530273 
3750017,-14.044000625610352 
3760026,-14.108000755310059 
3770028,-14.071999549865723 
3780037,-14.185999870300293 
3790009,-14.118000030517578 
3800039,-13.859999656677246 
3810006,-14.038000106811523 
3820042,-14.460000038146973 
3830022,-14.199999809265137 
3840009,-14.329999923706055 
3850039,-14.289999961853027 
3860042,-14.108000755310059 
3870042,-14.649999618530273 
3880020,-14.390000343322754 
3890023,-14.041999816894531 
3900046,-14.11199951171875 
3910002,-14.194000244140625 
3920032,-14.300000190734863 
3930038,-14.079999923706055 
3940000,-14.074000358581543 
3950000,-14.270000457763672 
3960046,-14.194000244140625 
3970040,-14.118000030517578 
3980013,-13.847999572753906 
3990013,-14.210000038146973 
4000048,-14.210000038146973 
4010048,-14.529999732971191 
4020042,-14.091999053955078 
4030028,-14.204000473022461 
4040007,-14.065999984741211 
4050027,-14.210000038146973 
4060047,-14.081999778747559 
4070004,-14.359999656677246 
4080037,-13.88800048828125 
4090013,-14.329999923706055 
4100031,-13.726000785827637 
4110043,-14.061999320983887 
4120017,-14.180000305175781 
4130019,-13.878000259399414 
4140038,-13.906000137329102 
4150007,-14.029999732971191 
4160021,-14.178000450134277 
4170007,-14.234000205993652 
4180039,-13.678000450134277 
4190022,-14.319999694824219 
4200042,-14.170000076293945 
4210009,-14.055999755859375 
4220043,-14.011999130249023 
4230047,-13.960000038146973 
4240014,-14.081999778747559 
4250037,-14.121999740600586 
4260004,-14.010000228881836 
4270023,-14.09000015258789 
4280029,-13.97800064086914 
4290005,-14.223999977111816 
4300029,-13.877999305725098 
4310045,-14.217999458312988 
4320026,-13.989999771118164 
4330045,-13.869999885559082 
4340016,-13.984000205993652 
4350035,-14.358000755310059 
4360025,-14.239999771118164 
4370007,-14.088000297546387 
4380008,-13.86199951171875 
4390009,-13.90999984741211 
4400006,-14.008000373840332 
4410014,-14.276000022888184 
4420019,-14.175999641418457 
4430044,-14.22599983215332 
4440003,-13.881999969482422 
4450001,-14.131999969482422 
4460046,-14.289999961853027 
4470015,-14.084000587463379 
4480039,-14.09000015258789 
4490009,-13.923999786376953 
4500038,-14.20199966430664 
4510035,-14.318000793457031 
4520003,-13.796001434326172 
4530003,-14.260000228881836 
4540017,-14.018000602722168 
4550002,-14.454000473022461 
4560002,-14.279999732971191 
4570025,-14.141999244689941 
4580014,-13.68600082397461 
4590031,-14.13800048828125 
4600044,-13.826000213623047 
4610007,-13.92199993133545 
4620042,-13.59000015258789 
4630036,-14.081999778747559 
4640037,-14.079999923706055 
4650034,-14.390000343322754 
4660002,-13.971999168395996 
4670049,-14.428000450134277 
4680040,-14.229999542236328 
4690020,-13.6899995803833 
4700018,-14.005999565124512 
4710001,-14.093999862670898 
4720019,-14.133999824523926 
4730037,-14.095999717712402 
4740047,-14.470000267028809 
4750044,-14.278000831604004 
4760005,-14.170000076293945 
4770028,-14.191999435424805 
4780040,-13.898000717163086 
4790033,-14.173999786376953 
4800021,-14.0 
4810043,-13.908000946044922 
4820043,-14.350000381469727 
4830021,-14.529999732971191 
4840033,-14.178000450134277 
4850026,-14.300000190734863 
4860008,-13.998000144958496 
4870009,-13.858000755310059 
4880027,-14.001999855041504 
4890036,-13.923999786376953 
4900007,-14.314000129699707 
4910023,-14.04800033569336 
4920034,-14.173999786376953 
4930034,-14.3100004196167 
4940014,-14.223999977111816 
4950030,-13.670000076293945 
4960017,-14.148000717163086 
4970020,-13.761999130249023 
4980037,-14.359999656677246 
4990035,-14.369999885559082 
5000025,-14.40999984741211 
5010003,-14.470000267028809 
5020043,-14.270000457763672 
5030042,-14.359999656677246 
5040033,-14.470000267028809 
5050014,-14.489999771118164 
5060002,-14.180000305175781 
5070023,-13.903999328613281 
5080029,-14.013998985290527 
5090003,-14.036001205444336 
5100033,-13.647998809814453 
5110033,-14.359999656677246 
5120015,-13.920000076293945 
5130022,-13.768000602722168 
5140008,-14.22800064086914 
5150014,-14.34000015258789 
5160048,-14.045999526977539 
5170026,-13.895999908447266 
5180016,-14.091999053955078 
5190049,-13.941999435424805 
5200017,-14.435999870300293 
5210039,-14.015999794006348 
5220043,-13.819999694824219 
5230020,-13.949999809265137 
5240034,-14.245999336242676 
5250040,-14.156000137329102 
5260015,-14.039999961853027 
5270026,-13.946001052856445 
5280026,-14.199999809265137 
5290043,-13.814000129699707 
5300042,-13.918000221252441 
5310037,-14.145999908447266 
5320025,-14.108000755310059 
5330013,-14.005999565124512 
5340008,-13.800000190734863 
5350033,-13.857998847961426 
5360003,-13.545999526977539 
5370046,-14.265999794006348 
5380043,-14.265999794006348 
5390030,-14.520000457763672 
5400021,-14.194000244140625 
5410018,-14.100000381469727 
5420034,-14.053999900817871 
5430040,-14.359999656677246 
5440026,-14.324000358581543 
5450003,-14.068000793457031 
5460028,-14.039999961853027 
5470019,-14.261999130249023 
5480047,-13.95199966430664 
5490026,-13.9660005569458 
5500017,-13.998000144958496 
5510028,-14.04800033569336 
5520028,-14.579999923706055 
5530034,-14.215999603271484 
5540049,-14.350000381469727 
5550033,-14.199999809265137 
5560026,-13.97599983215332 
5570025,-14.149999618530273 
5580047,-14.026000022888184 
5590020,-14.430000305175781 
5600034,-13.838000297546387 
5610010,-14.380000114440918 
5620003,-14.260000228881836 
5630009,-13.944000244140625 
5640027,-13.946000099182129 
5650004,-14.084000587463379 
5660040,-14.214000701904297 
5670021,-14.5 
5680027,-13.964000701904297 
5690006,-13.998000144958496 
5700041,-13.714000701904297 
5710039,-14.239999771118164 
5720044,-13.961999893188477 
5730000,-14.074000358581543 
5740041,-14.319999694824219 
5750012,-14.630000114440918 
5760028,-14.124000549316406 
5770000,-14.300000190734863 
5780009,-13.898000717163086 
5790044,-13.831999778747559 
5800032,-14.093999862670898 
5810006,-13.875999450683594 
5820008,-13.807999610900879 
5830022,-14.008000373840332 
5840022,-14.270000457763672 
5850017,-13.9399995803833 
5860003,-13.914000511169434 
5870037,-13.895999908447266 
5880016,-13.874000549316406 
5890002,-13.994000434875488 
5900028,-13.986000061035156 
5910034,-14.068000793457031 
5920009,-14.170000076293945 
5930046,-14.068000793457031 
5940015,-13.960000038146973 
5950019,-14.020000457763672 
5960043,-14.055999755859375 
5970025,-14.008000373840332 
5980025,-13.930000305175781 
5990012,-14.27199935913086 
6000011,-13.97599983215332 
6010037,-14.029999732971191 
6020017,-14.199999809265137 
6030023,-13.88599967956543 
6040046,-14.510000228881836 
6050042,-13.920000076293945 
6060030,-14.020000457763672 
6070024,-13.324000358581543 
6080008,-14.175999641418457 
6090030,-14.220000267028809 
6100030,-14.489999771118164 
6110000,-14.418000221252441 
6120041,-14.17199993133545 
6130033,-14.229999542236328 
6140031,-13.605999946594238 
6150031,-14.130000114440918 
6160037,-14.136000633239746 
6170039,-14.116000175476074 
6180037,-13.564000129699707 
6190009,-14.205999374389648 
6200045,-14.644000053405762 
6210007,-13.938000679016113 
6220007,-14.229999542236328 
6230007,-14.25 
6240003,-14.334000587463379 
6250002,-14.318000793457031 
6260046,-13.890000343322754 
6270042,-14.394000053405762 
6280027,-14.199999809265137 
6290045,-14.319999694824219 
6300006,-14.065999984741211 
6310004,-14.380000114440918 
6320013,-14.210000038146973 
6330026,-14.331999778747559 
6340042,-13.80199909210205 
6350022,-14.158000946044922 
6360045,-14.20199966430664 
6370042,-14.077999114990234 
6380006,-14.420000076293945 
6390027,-14.234000205993652 
6400026,-14.355999946594238 
6410038,-14.324000358581543 
6420038,-14.369999885559082 
6430015,-13.899999618530273 
6440026,-13.821999549865723 
6450012,-14.026000022888184 
6460034,-13.960000038146973 
6470010,-14.140000343322754 
6480033,-14.260000228881836 
6490042,-14.278000831604004 
6500046,-14.005999565124512 
6510010,-14.25 
6520040,-13.574000358581543 
6530048,-14.149999618530273 
6540018,-14.291999816894531 
6550003,-14.161999702453613 
6560026,-14.133999824523926 
6570017,-14.199999809265137 
6580039,-14.22599983215332 
6590035,-14.104000091552734 
6600040,-14.050000190734863 
6610013,-14.066000938415527 
6620004,-14.210000038146973 
6630001,-14.013999938964844 
6640014,-14.256000518798828 
6650035,-14.352001190185547 
6660033,-13.981999397277832 
6670005,-14.420000076293945 
6680041,-14.074000358581543 
6690006,-13.971999168395996 
6700033,-14.488000869750977 
6710025,-14.088000297546387 
6720033,-14.276000022888184 
6730033,-14.210000038146973 
6740040,-14.145999908447266 
6750045,-14.318000793457031 
6760021,-14.303998947143555 
6770048,-14.52199935913086 
6780035,-13.420000076293945 
6790023,-13.998000144958496 
6800023,-14.520000457763672 
6810041,-14.4399995803833 
6820011,-14.229999542236328 
6830005,-14.326000213623047 
6840000,-14.489999771118164 
6850034,-14.59000015258789 
6860020,-14.27199935913086 
6870008,-14.245999336242676 
6880026,-14.185999870300293 
6890021,-14.180000305175781 
6900008,-14.3100004196167 
6910000,-14.218000411987305 
6920000,-14.489999771118164 
6930010,-13.90999984741211 
6940034,-14.241999626159668 
6950015,-14.36400032043457 
6960026,-14.118000030517578 
6970003,-14.268000602722168 
6980004,-14.394000053405762 
6990004,-14.119999885559082 
7000015,-14.062000274658203 
7010028,-14.489999771118164 
7020003,-14.479999542236328 
7030000,-14.369999885559082 
7040006,-13.986000061035156 
7050036,-13.920000076293945 
7060004,-14.152000427246094 
7070021,-14.38800048828125 
7080042,-13.904000282287598 
7090030,-14.211999893188477 
7100018,-13.631999969482422 
7110008,-13.869999885559082 
7120015,-14.318000793457031 
7130035,-13.923999786376953 
7140020,-14.144000053405762 
7150021,-13.863999366760254 
7160044,-14.25 
7170006,-13.97800064086914 
7180006,-14.430000305175781 
7190030,-14.244000434875488 
7200040,-14.140000343322754 
7210018,-14.38800048828125 
7220002,-14.196000099182129 
7230030,-14.455999374389648 
7240045,-14.40999984741211 
7250022,-14.081999778747559 
7260023,-14.05199909210205 
7270032,-13.827999114990234 
7280049,-14.132000923156738 
7290020,-14.140000343322754 
7300046,-14.194000244140625 
7310026,-14.449999809265137 
7320023,-14.013999938964844 
7330012,-13.685999870300293 
7340004,-14.335999488830566 
7350000,-14.074000358581543 
7360043,-13.841999053955078 
7370023,-14.449999809265137 
7380011,-14.210000038146973 
7390028,-14.223999977111816 
7400037,-14.081999778747559 
7410020,-14.381999969482422 
7420027,-13.818000793457031 
7430024,-13.968000411987305 
7440024,-14.140000343322754 
7450011,-14.220000267028809 
7460015,-13.963998794555664 
7470039,-14.018000602722168 
7480017,-14.057999610900879 
7490017,-13.760000228881836 
7500016,-13.753998756408691 
7510027,-14.084000587463379 
7520019,-14.251999855041504 
7530032,-14.381999969482422 
7540007,-13.848000526428223 
7550029,-14.188000679016113 
7560004,-13.981999397277832 
7570046,-14.118000030517578 
7580006,-14.520000457763672 
7590033,-14.40999984741211 
7600007,-14.175999641418457 
7610018,-14.180000305175781 
7620008,-14.101999282836914 
7630000,-14.270000457763672 
7640029,-14.125999450683594 
7650029,-14.15999984741211 
7660044,-13.880000114440918 
7670026,-14.234000205993652 
7680043,-14.600000381469727 
7690014,-14.034000396728516 
7700045,-14.133999824523926 
7710031,-14.343999862670898 
7720003,-13.941999435424805 
7730003,-14.279999732971191 
7740023,-14.4399995803833 
7750018,-14.404000282287598 
7760010,-14.229999542236328 
7770019,-14.291999816894531 
7780016,-14.118000030517578 
7790020,-14.055999755859375 
7800046,-14.208000183105469 
7810033,-13.941999435424805 
7820015,-13.937999725341797 
7830034,-14.359999656677246 
7840049,-14.156000137329102 
7850008,-14.260000228881836 
7860047,-14.038000106811523 
7870031,-14.170000076293945 
7880036,-13.789999961853027 
7890000,-13.489999771118164 
7900028,-14.460000038146973 
7910028,-14.319999694824219 
7920024,-14.449999809265137 
7930030,-14.125999450683594 
7940042,-14.36400032043457 
7950043,-13.797999382019043 
7960004,-14.279999732971191 
7970004,-14.170000076293945 
7980049,-14.380000114440918 
7990013,-14.319999694824219 
8000038,-14.284000396728516 
8010028,-13.717999458312988 
8020042,-14.116000175476074 
8030022,-14.091999053955078 
8040034,-13.949999809265137 
8050005,-14.154000282287598 
8060049,-14.345999717712402 
8070000,-14.151999473571777 
8080016,-14.173999786376953 
8090022,-13.986000061035156 
8100043,-14.15999984741211 
8110004,-14.375999450683594 
8120032,-13.582000732421875 
8130013,-14.031999588012695 
8140029,-14.579999923706055 
8150019,-13.736000061035156 
8160040,-14.018000602722168 
8170036,-14.284000396728516 
8180011,-14.326000213623047 
8190006,-14.199999809265137 
8200038,-14.40999984741211 
8210025,-13.648000717163086 
8220006,-14.3100004196167 
8230021,-14.399999618530273 
8240036,-14.25 
8250015,-14.108000755310059 
8260041,-14.399999618530273 
8270039,-14.302000999450684 
8280019,-13.968000411987305 
8290008,-14.481999397277832 
8300037,-14.470000267028809 
8310028,-14.244000434875488 
8320032,-14.09000015258789 
8330011,-14.088000297546387 
8340015,-13.938000679016113 
8350014,-14.167999267578125 
8360036,-14.028000831604004 
8370023,-14.071999549865723 
8380023,-14.399999618530273 
8390047,-13.619999885559082 
8400047,-14.359999656677246 
8410024,-14.088000297546387 
8420009,-14.501999855041504 
8430013,-14.619999885559082 
8440014,-14.004000663757324 
8450043,-13.890000343322754 
8460009,-14.4399995803833 
8470039,-14.348000526428223 
8480048,-14.513999938964844 
8490040,-14.528000831604004 
8500026,-14.164000511169434 
8510036,-13.593999862670898 
8520012,-14.630000114440918 
8530017,-14.22599983215332 
8540029,-14.288000106811523 
8550033,-14.261999130249023 
8560025,-14.322000503540039 
8570045,-14.369999885559082 
8580034,-14.430000305175781 
8590034,-14.61199951171875 
8600000,-13.984000205993652 
8610027,-14.34000015258789 
8620010,-14.471999168395996 
8630028,-14.329999923706055 
8640028,-14.539999961853027 
8650002,-14.108000755310059 
8660034,-14.25 
8670025,-13.923999786376953 
8680015,-14.510000228881836 
8690012,-14.213998794555664 
8700021,-14.324000358581543 
8710015,-14.428000450134277 
8720014,-14.215999603271484 
8730011,-14.458000183105469 
8740011,-14.680000305175781 
8750000,-13.988000869750977 
8760042,-14.05199909210205 
8770026,-14.455999374389648 
8780006,-14.308000564575195 
8790034,-14.214000701904297 
8800042,-14.223999977111816 
8810035,-14.399999618530273 
8820014,-14.399999618530273 
8830042,-14.181999206542969 
8840014,-14.046001434326172 
8850016,-14.430000305175781 
8860029,-14.092000961303711 
8870027,-14.391999244689941 
8880027,-14.600000381469727 
8890027,-14.510000228881836 
8900002,-14.649999618530273 
8910033,-14.194000244140625 
8920000,-14.36199951171875 
8930044,-14.276000022888184 
8940004,-13.994000434875488 
8950017,-14.531999588012695 
8960009,-14.45199966430664 
8970005,-14.479999542236328 
8980002,-14.008000373840332 
8990041,-14.168000221252441 
9000031,-14.029999732971191 
9010007,-14.414000511169434 
9020041,-14.680000305175781 
9030013,-13.94800090789795 
9040046,-14.211999893188477 
9050030,-14.47599983215332 
9060014,-14.326000213623047 
9070029,-14.245999336242676 
9080017,-14.300000190734863 
9090019,-14.045999526977539 
9100031,-14.116000175476074 
9110010,-14.395999908447266 
9120010,-14.479999542236328 
9130035,-14.510000228881836 
9140022,-13.753998756408691 
9150031,-13.9399995803833 
9160031,-14.380000114440918 
9170038,-14.518000602722168 
9180046,-14.331999778747559 
9190044,-14.11400032043457 
9200040,-14.4399995803833 
9210046,-14.489999771118164 
9220032,-14.184000015258789 
9230022,-14.3100004196167 
9240005,-14.430000305175781 
9250036,-14.720000267028809 
9260004,-14.36199951171875 
9270016,-13.928000450134277 
9280016,-14.079999923706055 
9290005,-14.529999732971191 
9300016,-14.380000114440918 
9310049,-14.319999694824219 
9320048,-14.319999694824219 
9330012,-14.3100004196167 
9340032,-14.1899995803833 
9350040,-14.170000076293945 
9360025,-14.130000114440918 
9370012,-13.61199951171875 
9380010,-14.6899995803833 
9390004,-14.001999855041504 
9400034,-14.350000381469727 
9410009,-14.092000961303711 
9420049,-14.088000297546387 
9430049,-14.470000267028809 
9440044,-14.680000305175781 
9450018,-14.345999717712402 
9460048,-14.425999641418457 
9470037,-14.217999458312988 
9480019,-13.779999732971191 
9490019,-14.640000343322754 
9500044,-14.369999885559082 
9510029,-14.36199951171875 
9520011,-14.6899995803833 
9530035,-14.284000396728516 
9540013,-13.826000213623047 
9550013,-14.52199935913086 
9560036,-14.238000869750977 
9570015,-14.539999961853027 
9580001,-14.380000114440918 
9590002,-14.020000457763672 
9600047,-14.130000114440918 
9610033,-13.796001434326172 
9620011,-14.470000267028809 
9630032,-14.11199951171875 
9640019,-14.458000183105469 
9650022,-14.165999412536621 
9660031,-14.050000190734863 
9670009,-14.300000190734863 
9680021,-14.32800006866455 
9690008,-14.377999305725098 
9700035,-14.5 
9710030,-14.40999984741211 
9720049,-14.5600004196167 
9730047,-14.300000190734863 
9740022,-14.631999969482422 
9750040,-14.350000381469727 
9760014,-14.47800064086914 
9770008,-14.399999618530273 
9780032,-14.093999862670898 
9790018,-14.324000358581543 
9800018,-14.489999771118164 
9810006,-14.351999282836914 
9820049,-14.441999435424805 
9830049,-13.944000244140625 
9840028,-14.098000526428223 
9850036,-14.600000381469727 
9860036,-14.489999771118164 
9870007,-14.630000114440918 
9880008,-14.183999061584473 
9890036,-14.329999923706055 
9900011,-14.300000190734863 
9910006,-14.5600004196167 
9920011,-13.784000396728516 
9930045,-14.449999809265137 
9940045,-14.520000457763672 
9950035,-14.4399995803833 
9960035,-14.15999984741211 
9970030,-13.94800090789795 
9980007,-14.38800048828125 
9990007,-14.039999961853027 
10000007,-14.25 
10010038,-14.164000511169434 
10020006,-14.157999038696289 
10030007,-14.345999717712402 
10040013,-14.25 
10050010,-14.461999893188477 
10060023,-14.265999794006348 
10070009,-14.433999061584473 
10080033,-14.08799934387207 
10090046,-14.425999641418457 
10100039,-14.125999450683594 
10110039,-14.07800006866455 
10120001,-14.510000228881836 
10130037,-14.165999412536621 
10140007,-14.34000015258789 
10150038,-13.981999397277832 
10160043,-14.214000701904297 
10170004,-14.348000526428223 
10180010,-14.539999961853027 
10190001,-14.308000564575195 
10200024,-14.258000373840332 
10210003,-14.520000457763672 
10220026,-14.285999298095703 
10230012,-14.333998680114746 
10240039,-14.031999588012695 
10250039,-14.6899995803833 
10260022,-14.093999862670898 
10270028,-14.531999588012695 
10280026,-14.539999961853027 
10290043,-13.928000450134277 
10300028,-14.609999656677246 
10310028,-14.319999694824219 
10320005,-13.920000076293945 
10330034,-14.170000076293945 
10340022,-14.350000381469727 
10350037,-14.125999450683594 
10360003,-14.244000434875488 
10370042,-14.124000549316406 
10380004,-14.520000457763672 
10390022,-14.17199993133545 
10400045,-14.061999320983887 
10410031,-14.630000114440918 
10420042,-14.180000305175781 
10430042,-14.670000076293945 
10440008,-14.185999870300293 
10450003,-13.965999603271484 
10460031,-14.329999923706055 
10470038,-14.32800006866455 
10480039,-13.949999809265137 
10490006,-14.3100004196167 
10500047,-14.460000038146973 
10510022,-14.220000267028809 
10520011,-14.319999694824219 
10530024,-14.210000038146973 
10540005,-14.539999961853027 
10550045,-13.911999702453613 
10560019,-14.369999885559082 
10570001,-14.045999526977539 
10580041,-14.314000129699707 
10590034,-14.3100004196167 
10600036,-14.001999855041504 
10610034,-14.539999961853027 
10620047,-14.013998985290527 
10630018,-14.173999786376953 
10640044,-14.335999488830566 
10650037,-14.531999588012695 
10660016,-14.449999809265137 
10670036,-14.399999618530273 
10680031,-14.345999717712402 
10690020,-14.371999740600586 
10700029,-14.020000457763672 
10710002,-14.151999473571777 
10720035,-14.399999618530273 
10730005,-14.038000106811523 
10740032,-14.338000297546387 
10750018,-14.438000679016113 
10760022,-14.710000038146973 
10770022,-14.40999984741211 
10780049,-14.36400032043457 
10790043,-14.248000144958496 
10800029,-14.245999336242676 
10810012,-13.960000991821289 
10820023,-13.958000183105469 
10830014,-13.892001152038574 
10840047,-13.932001113891602 
10850040,-14.151999473571777 
10860033,-14.294000625610352 
10870029,-14.535999298095703 
10880042,-13.761999130249023 
10890034,-14.194000244140625 
10900034,-14.038000106811523 
10910021,-14.278000831604004 
10920002,-13.723999977111816 
10930031,-13.65999984741211 
10940041,-14.164000511169434 
10950006,-14.140000343322754 
10960006,-14.140000343322754 
10970037,-14.116000175476074 
10980047,-14.069999694824219 
10990039,-13.875999450683594 
11000012,-13.925999641418457 
11010007,-14.489999771118164 
11020038,-14.053999900817871 
11030013,-13.882000923156738 
11040008,-13.63800048828125 
11050038,-14.119999885559082 
11060017,-14.489999771118164 
11070041,-14.144000053405762 
11080024,-14.390000343322754 
11090042,-13.925999641418457 
11100026,-14.3100004196167 
11110042,-14.619999885559082 
11120047,-14.334000587463379 
11130047,-14.630000114440918 
11140023,-14.239999771118164 
11150017,-14.319999694824219 
11160004,-13.808000564575195 
11170023,-14.125999450683594 
11180049,-14.5 
11190044,-14.40999984741211 
11200021,-14.430000305175781 
11210048,-14.418000221252441 
11220028,-14.100000381469727 
11230000,-13.968000411987305 
11240036,-14.354000091552734 
11250010,-14.295999526977539 
11260047,-14.289999961853027 
11270014,-14.550000190734863 
11280038,-14.47599983215332 
11290027,-14.520000457763672 
11300014,-14.40999984741211 
11310003,-14.455999374389648 
11320042,-14.265999794006348 
11330008,-14.130000114440918 
11340044,-14.489999771118164 
11350046,-13.968000411987305 
11360025,-14.093998908996582 
11370021,-14.308000564575195 
11380010,-14.430000305175781 
11390013,-14.102001190185547 
11400003,-14.205999374389648 
11410021,-14.210000038146973 
11420039,-14.343999862670898 
11430008,-14.125999450683594 
11440009,-14.374000549316406 
11450044,-14.148000717163086 
11460006,-14.434000015258789 
11470042,-14.350000381469727 
11480038,-14.348000526428223 
11490027,-14.168000221252441 
11500003,-14.414000511169434 
11510039,-14.0 
11520013,-14.097999572753906 
11530030,-14.069999694824219 
11540039,-14.25 
11550023,-13.645999908447266 
11560023,-14.489999771118164 
11570018,-14.484000205993652 
11580049,-14.630000114440918 
11590049,-14.4399995803833 
11600041,-14.184000015258789 
11610040,-14.128000259399414 
11620039,-14.520000457763672 
11630039,-14.380000114440918 
11640015,-14.579999923706055 
11650015,-14.3100004196167 
11660044,-14.5 
11670018,-14.285999298095703 
11680034,-14.175999641418457 
11690013,-14.318000793457031 
11700037,-14.366000175476074 
11710037,-14.720000267028809 
11720024,-14.375999450683594 
11730014,-14.289999961853027 
11740041,-14.628000259399414 
11750041,-14.4399995803833 
11760021,-14.489999771118164 
11770013,-14.208000183105469 
11780001,-14.245999336242676 
11790018,-13.918000221252441 
11800018,-14.022000312805176 
11810046,-14.5 
11820018,-14.458000183105469 
11830031,-14.220000267028809 
11840008,-14.279999732971191 
11850008,-14.640000343322754 
11860048,-14.359999656677246 
11870049,-14.084000587463379 
11880033,-14.510000228881836 
11890031,-14.331999778747559 
11900001,-14.180000305175781 
11910025,-14.057999610900879 
11920026,-14.425999641418457 
11930034,-14.140000343322754 
11940031,-14.255999565124512 
11950037,-14.4399995803833 
11960004,-14.177999496459961 
11970025,-14.420000076293945 
11980021,-14.260000228881836 
11990037,-14.098000526428223 
12000037,-14.579999923706055 
12010037,-14.133999824523926 
12020047,-14.231999397277832 
12030005,-14.311999320983887 
12040028,-13.97599983215332 
12050040,-14.36199951171875 
12060023,-14.390000343322754 
12070029,-14.172000885009766 
12080001,-14.251999855041504 
12090031,-13.998000144958496 
12100047,-13.714000701904297 
12110034,-14.07800006866455 
12120008,-14.398000717163086 
12130043,-14.148000717163086 
12140008,-14.378000259399414 
12150008,-14.479999542236328 
12160046,-14.319999694824219 
12170016,-14.36400032043457 
12180003,-14.468000411987305 
12190014,-14.305999755859375 
12200014,-14.449999809265137 
12210025,-13.954000473022461 
12220004,-14.380000114440918 
12230013,-14.241999626159668 
12240042,-14.529999732971191 
12250045,-14.194000244140625 
12260045,-14.158000946044922 
12270008,-14.045999526977539 
12280023,-14.173999786376953 
12290011,-13.824000358581543 
12300047,-14.343999862670898 
12310033,-13.70199966430664 
12320028,-14.4399995803833 
12330003,-13.995999336242676 
12340003,-14.460000038146973 
12350003,-14.3100004196167 
12360000,-14.199999809265137 
12370021,-14.170000076293945 
12380026,-14.061999320983887 
12390018,-14.278000831604004 
12400010,-14.394000053405762 
12410003,-14.315999984741211 
12420010,-14.100000381469727 
12430010,-14.3100004196167 
12440025,-14.15999984741211 
12450031,-14.034000396728516 
12460005,-14.710000038146973 
12470042,-14.529999732971191 
12480044,-14.404000282287598 
12490026,-14.148000717163086 
12500021,-14.170000076293945 
12510009,-14.038000106811523 
12520014,-13.90999984741211 
12530012,-14.211999893188477 
12540047,-14.486000061035156 
12550000,-14.411999702453613 
12560003,-14.331999778747559 
12570023,-14.654000282287598 
12580023,-14.4399995803833 
12590037,-14.34000015258789 
12600004,-14.187999725341797 
12610004,-14.359999656677246 
12620045,-14.479999542236328 
12630037,-14.460000038146973 
12640024,-14.32800006866455 
12650004,-14.449999809265137 
12660003,-14.345999717712402 
12670031,-14.5 
12680033,-14.640000343322754 
12690019,-14.460000038146973 
12700015,-14.494000434875488 
12710045,-14.220000267028809 
12720003,-14.284000396728516 
12730003,-14.5600004196167 
12740039,-14.001999855041504 
12750041,-14.522000312805176 
12760042,-14.064000129699707 
12770006,-14.495999336242676 
12780035,-14.263999938964844 
12790028,-14.028000831604004 
12800025,-13.894000053405762 
12810033,-13.833998680114746 
12820048,-13.920000076293945 
12830048,-14.449999809265137 
12840031,-14.315999984741211 
12850030,-14.318000793457031 
12860030,-14.369999885559082 
12870021,-13.942000389099121 
12880024,-14.221999168395996 
12890017,-14.236000061035156 
12900030,-14.528000831604004 
12910010,-14.140000343322754 
12920010,-14.300000190734863 
12930010,-14.100000381469727 
12940042,-14.241999626159668 
12950031,-14.133999824523926 
12960031,-14.529999732971191 
12970038,-14.398000717163086 
12980029,-14.144000053405762 
12990049,-14.619999885559082 
13000023,-14.32800006866455 
13010035,-14.355999946594238 
13020035,-14.59000015258789 
13030024,-14.729999542236328 
13040004,-14.380000114440918 
13050030,-14.449999809265137 
13060022,-13.807999610900879 
13070041,-14.326000213623047 
13080041,-14.569999694824219 
13090037,-14.088000297546387 
13100020,-13.922000885009766 
13110046,-14.3100004196167 
13120009,-14.539999961853027 
13130009,-14.239999771118164 
13140009,-14.25 
13150033,-14.156000137329102 
13160033,-14.5 
13170001,-14.5600004196167 
13180018,-14.619999885559082 
13190005,-14.358000755310059 
13200046,-14.520000457763672 
13210031,-14.25 
13220036,-14.128000259399414 
13230036,-14.529999732971191 
13240022,-14.6899995803833 
13250029,-14.289999961853027 
13260029,-14.34000015258789 
13270028,-14.061999320983887 
13280034,-13.891999244689941 
13290028,-14.116000175476074 
13300043,-14.194000244140625 
13310004,-13.904000282287598 
13320026,-14.47800064086914 
13330045,-14.108000755310059 
13340017,-14.600000381469727 
13350019,-14.020000457763672 
13360035,-13.776000022888184 
13370027,-14.008000373840332 
13380001,-14.446000099182129 
13390035,-14.510000228881836 
13400033,-14.258000373840332 
13410031,-14.489999771118164 
13420033,-14.194000244140625 
13430046,-14.359999656677246 
13440046,-14.245999336242676 
13450029,-14.20199966430664 
13460018,-14.36400032043457 
13470018,-14.40999984741211 
13480033,-14.065999984741211 
13490013,-14.079999923706055 
13500044,-14.182001113891602 
13510044,-14.069999694824219 
13520016,-14.25 
13530023,-14.045999526977539 
13540012,-14.119999885559082 
13550049,-14.248000144958496 
13560001,-14.4399995803833 
13570042,-14.359999656677246 
13580004,-13.794000625610352 
13590002,-14.458000183105469 
13600046,-14.13599967956543 
13610023,-14.208000183105469 
13620046,-13.973999977111816 
13630046,-14.1899995803833 
13640039,-14.104000091552734 
13650022,-14.146000862121582 
13660021,-13.874000549316406 
13670021,-14.479999542236328 
13680011,-14.119999885559082 
13690003,-14.188000679016113 
13700044,-13.777998924255371 
13710029,-14.291999816894531 
13720031,-14.118000030517578 
13730023,-13.968000411987305 
13740035,-14.305999755859375 
13750048,-14.010000228881836 
13760023,-13.973999977111816 
13770046,-14.130000114440918 
13780002,-14.380000114440918 
13790038,-14.255999565124512 
13800043,-13.918000221252441 
13810005,-14.165999412536621 
13820002,-13.930000305175781 
13830015,-14.458000183105469 
13840010,-14.4399995803833 
13850010,-14.399999618530273 
13860007,-14.118000030517578 
13870041,-14.600000381469727 
13880001,-13.854000091552734 
13890003,-14.294000625610352 
13900038,-14.329999923706055 
13910005,-14.404000282287598 
13920037,-14.065999984741211 
13930035,-14.100000381469727 
13940031,-14.231999397277832 
13950010,-14.36400032043457 
13960019,-14.3100004196167 
13970033,-14.254000663757324 
13980028,-14.401999473571777 
13990016,-14.124000549316406 
14000003,-14.258000373840332 
14010008,-14.010000228881836 
14020031,-14.121999740600586 
14030043,-13.920000076293945 
14040042,-14.34000015258789 
14050031,-14.380000114440918 
14060044,-14.131999969482422 
14070005,-14.760000228881836 
14080025,-14.505999565124512 
14090001,-14.315999984741211 
14100018,-14.430000305175781 
14110030,-14.449999809265137 
14120008,-13.86199951171875 
14130036,-14.188000679016113 
14140028,-14.569999694824219 
14150019,-14.0 
14160025,-14.044000625610352 
14170030,-14.028000831604004 
14180046,-14.210000038146973 
14190046,-14.430000305175781 
14200041,-14.460000038146973 
14210038,-14.208000183105469 
14220038,-14.430000305175781 
14230013,-14.100000381469727 
14240044,-14.11400032043457 
14250044,-14.479999542236328 
14260025,-14.291999816894531 
14270032,-14.074000358581543 
14280046,-14.239999771118164 
14290048,-14.180000305175781 
14300013,-14.343999862670898 
14310044,-14.215999603271484 
14320033,-14.375999450683594 
14330049,-14.234000205993652 
14340049,-14.1899995803833 
14350031,-14.104000091552734 
14360048,-14.42199993133545 
14370043,-14.109999656677246 
14380043,-14.350000381469727 
14390018,-14.109999656677246 
14400042,-14.185999870300293 
14410035,-14.34000015258789 
14420035,-14.289999961853027 
14430032,-14.294000625610352 
14440036,-13.755999565124512 
14450040,-14.291999816894531 
14460034,-14.255999565124512 
14470025,-14.350000381469727 
14480004,-14.076000213623047 
14490031,-14.579999923706055 
14500016,-14.279999732971191 
14510011,-14.071999549865723 
14520032,-14.645999908447266 
14530013,-14.460000038146973 
14540002,-14.488000869750977 
14550012,-14.140000343322754 
14560002,-14.289999961853027 
14570000,-14.34000015258789 
14580000,-14.550000190734863 
14590021,-14.303999900817871 
14600021,-14.300000190734863 
14610021,-14.486000061035156 
14620033,-14.265999794006348 
14630004,-14.255999565124512 
14640045,-14.34000015258789 
14650045,-14.619999885559082 
14660018,-14.34000015258789 
14670014,-14.420000076293945 
14680022,-13.969998359680176 
14690003,-13.9139986038208 
14700039,-14.371999740600586 
14710039,-14.359999656677246 
14720038,-14.265999794006348 
14730018,-14.25 
14740018,-14.390000343322754 
14750024,-14.3100004196167 
14760048,-14.600000381469727 
14770034,-14.4399995803833 
14780035,-14.27400016784668 
14790021,-14.196000099182129 
14800043,-14.13599967956543 
14810023,-14.15999984741211 
14820039,-14.245999336242676 
14830030,-14.164000511169434 
14840036,-14.158000946044922 
14850039,-14.308000564575195 
14860013,-14.1899995803833 
14870042,-14.624000549316406 
14880042,-14.529999732971191 
14890017,-14.194000244140625 
14900029,-14.159998893737793 
14910019,-14.319999694824219 
14920025,-14.011999130249023 
14930017,-14.460000038146973 
14940046,-14.245999336242676 
14950003,-14.258000373840332 
14960003,-14.148000717163086 
14970024,-14.074000358581543 
14980024,-14.300000190734863 
14990027,-14.380000114440918 
15000034,-14.338000297546387 
15010000,-14.065999984741211 
15020000,-14.529999732971191 
15030026,-14.430000305175781 
15040021,-14.329999923706055 
15050010,-14.6899995803833 
15060005,-14.420000076293945 
15070047,-13.881999969482422 
15080046,-14.430000305175781 
15090008,-14.331999778747559 
15100013,-14.170000076293945 
15110013,-14.3100004196167 
15120013,-14.158000946044922 
15130013,-14.649999618530273 
15140000,-14.720000267028809 
15150041,-13.957999229431152 
15160021,-14.341999053955078 
15170046,-14.11400032043457 
15180030,-14.258000373840332 
15190028,-13.672000885009766 
15200009,-14.214000701904297 
15210043,-14.046001434326172 
15220035,-14.444000244140625 
15230039,-14.0860013961792 
15240018,-14.625999450683594 
15250030,-14.064000129699707 
15260021,-14.600000381469727 
15270047,-14.144000053405762 
15280016,-14.528000831604004 
15290039,-14.869999885559082 
15300022,-14.425999641418457 
15310026,-13.957999229431152 
15320039,-14.248000144958496 
15330046,-14.231999397277832 
15340043,-14.630000114440918 
15350029,-14.720000267028809 
15360011,-14.338000297546387 
15370040,-14.36400032043457 
15380019,-13.989999771118164 
15390025,-14.36199951171875 
15400002,-14.265999794006348 
15410025,-14.420000076293945 
15420041,-13.964000701904297 
15430038,-14.324000358581543 
15440026,-14.351999282836914 
15450037,-14.074000358581543 
15460037,-14.489999771118164 
15470037,-14.380000114440918 
15480029,-14.273999214172363 
15490007,-14.211999893188477 
15500008,-14.010000228881836 
15510028,-14.34000015258789 
15520029,-14.488000869750977 
15530014,-14.068000793457031 
15540009,-14.026000022888184 
15550014,-14.721999168395996 
15560049,-14.520000457763672 
15570022,-14.34000015258789 
15580028,-14.329999923706055 
15590021,-14.302000999450684 
15600022,-13.714000701904297 
15610019,-13.998000144958496 
15620049,-14.199999809265137 
15630021,-13.668000221252441 
15640018,-14.279999732971191 
15650008,-14.289999961853027 
15660003,-14.470000267028809 
15670009,-14.258000373840332 
15680001,-14.630000114440918 
15690028,-14.359999656677246 
15700030,-14.137999534606934 
15710024,-14.300000190734863 
15720024,-14.369999885559082 
15730000,-14.09000015258789 
15740043,-14.131999969482422 
15750030,-14.489999771118164 
15760000,-13.930000305175781 
15770045,-14.334000587463379 
15780040,-14.1899995803833 
15790023,-14.261999130249023 
15800042,-14.085999488830566 
15810021,-14.430000305175781 
15820041,-14.369999885559082 
15830041,-14.3100004196167 
15840004,-14.088000297546387 
15850045,-14.36400032043457 
15860019,-14.305999755859375 
15870003,-14.535999298095703 
15880034,-14.294000625610352 
15890017,-14.223999977111816 
15900041,-14.13599967956543 
15910001,-13.75 
15920020,-14.192000389099121 
15930004,-14.239999771118164 
15940036,-14.418000221252441 
15950003,-14.199999809265137 
15960039,-14.273999214172363 
15970033,-14.380000114440918 
15980025,-14.359999656677246 
15990015,-14.430000305175781 
16000015,-14.270000457763672 
16010015,-14.649999618530273 
16020008,-13.52199935913086 
16030000,-14.008000373840332 
16040047,-14.359999656677246 
16050029,-14.220000267028809 
16060032,-13.895999908447266 
16070024,-14.008000373840332 
16080037,-14.1899995803833 
16090008,-14.124000549316406 
16100040,-14.4399995803833 
16110026,-13.768000602722168 
16120046,-14.098000526428223 
16130027,-13.744000434875488 
16140022,-14.335999488830566 
16150041,-14.305999755859375 
16160022,-14.263999938964844 
16170022,-14.579999923706055 
16180009,-14.211999893188477 
16190030,-14.133999824523926 
16200003,-13.731999397277832 
16210003,-14.130000114440918 
16220023,-14.076000213623047 
16230030,-14.173998832702637 
16240048,-14.5600004196167 
16250048,-14.350000381469727 
16260028,-14.739999771118164 
16270005,-14.194000244140625 
16280034,-13.935999870300293 
16290034,-14.435999870300293 
16300045,-14.22599983215332 
16310046,-14.263999938964844 
16320032,-14.154000282287598 
16330025,-14.510000228881836 
16340023,-14.101999282836914 
16350019,-14.324000358581543 
16360020,-14.044000625610352 
16370017,-14.281999588012695 
16380019,-13.903999328613281 
16390041,-14.515999794006348 
16400010,-14.381999969482422 
16410010,-14.359999656677246 
16420010,-14.279999732971191 
16430040,-14.140000343322754 
16440018,-14.050000190734863 
16450007,-14.479999542236328 
16460014,-14.028000831604004 
16470004,-14.391999244689941 
16480004,-14.5600004196167 
16490030,-14.158000946044922 
16500027,-14.531999588012695 
16510027,-14.539999961853027 
16520024,-14.36199951171875 
16530002,-14.52199935913086 
16540023,-14.465999603271484 
16550020,-14.718000411987305 
16560049,-14.255999565124512 
16570042,-13.925999641418457 
16580040,-14.30199909210205 
16590016,-14.368000030517578 
16600044,-14.601999282836914 
16610028,-14.520000457763672 
16620030,-14.279999732971191 
16630010,-14.039999961853027 
16640046,-14.473999977111816 
16650037,-14.420000076293945 
16660049,-14.255999565124512 
16670022,-14.454000473022461 
16680047,-14.229999542236328 
16690045,-14.501999855041504 
16700021,-14.255999565124512 
16710028,-14.218000411987305 
16720002,-14.529999732971191 
16730020,-14.029999732971191 
16740010,-14.510000228881836 
16750046,-14.489999771118164 
16760015,-14.63599967956543 
16770002,-14.418000221252441 
16780006,-14.184000015258789 
16790007,-14.25 
16800038,-14.553999900817871 
16810019,-14.59000015258789 
16820043,-14.534000396728516 
16830026,-14.241999626159668 
16840004,-14.221999168395996 
16850017,-14.486000061035156 
16860026,-13.88599967956543 
16870013,-14.458000183105469 
16880039,-14.470000267028809 
16890009,-14.079999923706055 
16900002,-14.1899995803833 
16910047,-14.460000038146973 
16920031,-14.411999702453613 
16930004,-14.128000259399414 
16940004,-14.3100004196167 
16950016,-13.960000038146973 
16960046,-14.199999809265137 
16970008,-14.52199935913086 
16980008,-14.210000038146973 
16990048,-14.465999603271484 
17000020,-13.906000137329102 
17010020,-14.390000343322754 
17020047,-14.350000381469727 
17030025,-14.22599983215332 
17040033,-13.991999626159668 
17050017,-14.184000015258789 
17060047,-14.239999771118164 
17070014,-14.288000106811523 
17080013,-14.165999412536621 
17090013,-14.289999961853027 
17100019,-13.979999542236328 
17110033,-14.05199909210205 
17120007,-14.303999900817871 
17130043,-13.776000022888184 
17140029,-14.479999542236328 
17150023,-14.260000228881836 
17160020,-14.22599983215332 
17170016,-14.494000434875488 
17180027,-14.065999984741211 
17190007,-14.241999626159668 
17200000,-13.991999626159668 
17210036,-13.934000015258789 
17220004,-14.279999732971191 
17230033,-14.291999816894531 
17240015,-13.97800064086914 
17250032,-14.210000038146973 
17260002,-14.284000396728516 
17270038,-14.124000549316406 
17280031,-13.965999603271484 
17290039,-14.191999435424805 
17300049,-14.039999961853027 
17310022,-14.420000076293945 
17320008,-14.180000305175781 
17330000,-14.29800033569336 
17340000,-14.220000267028809 
17350015,-13.979999542236328 
17360022,-14.380000114440918 
17370029,-14.229999542236328 
17380047,-14.180000305175781 
17390011,-14.039999961853027 
17400013,-14.121999740600586 
17410019,-14.184000015258789 
17420024,-14.118000030517578 
17430008,-14.191999435424805 
17440033,-13.84000015258789 
17450003,-14.343999862670898 
17460015,-14.09000015258789 
17470020,-13.79800033569336 
17480020,-14.569999694824219 
17490005,-14.022000312805176 
17500035,-14.149999618530273 
17510035,-14.8100004196167 
17520035,-14.329999923706055 
17530012,-14.418000221252441 
17540025,-13.612000465393066 
17550044,-14.65999984741211 
17560043,-14.165999412536621 
17570040,-14.183999061584473 
17580017,-14.5600004196167 
17590005,-14.018000602722168 
17600004,-14.1899995803833 
17610016,-14.649999618530273 
17620022,-14.680000305175781 
17630046,-14.460000038146973 
17640033,-14.11199951171875 
17650002,-14.279999732971191 
17660003,-14.11400032043457 
17670007,-14.289999961853027 
17680024,-14.359999656677246 
17690024,-14.028000831604004 
17700042,-14.284000396728516 
17710010,-14.091999053955078 
17720039,-14.468000411987305 
17730025,-14.414000511169434 
17740020,-14.369999885559082 
17750041,-14.470000267028809 
17760001,-14.119999885559082 
17770049,-14.281999588012695 
17780039,-14.130000114440918 
17790039,-14.079999923706055 
17800018,-14.279999732971191 
17810032,-13.904000282287598 
17820024,-14.338000297546387 
17830048,-14.302000999450684 
17840048,-14.229999542236328 
17850046,-14.261999130249023 
17860027,-14.348000526428223 
17870031,-14.116000175476074 
17880036,-14.348000526428223 
17890005,-14.529999732971191 
17900016,-14.300000190734863 
17910025,-13.99799919128418 
17920022,-14.430000305175781 
17930022,-14.630000114440918 
17940020,-14.098000526428223 
17950020,-14.579999923706055 
17960015,-13.815999984741211 
17970041,-14.218000411987305 
17980031,-14.479999542236328 
17990021,-14.147998809814453 
18000032,-14.418000221252441 
18010018,-14.534000396728516 
18020007,-14.430000305175781 
18030004,-14.100000381469727 
18040026,-14.369999885559082 
18050026,-14.550000190734863 
18060006,-14.640000343322754 
18070049,-14.355999946594238 
18080032,-14.109999656677246 
18090036,-14.394000053405762 
18100001,-14.0600004196167 
18110026,-14.261999130249023 
18120006,-14.460000038146973 
18130017,-14.214000701904297 
18140007,-14.383999824523926 
18150016,-14.420000076293945 
18160023,-14.321999549865723 
18170014,-14.390000343322754 
18180034,-14.199999809265137 
18190033,-14.460000038146973 
18200045,-14.449999809265137 
18210006,-14.248000144958496 
18220034,-14.141999244689941 
18230004,-14.319999694824219 
18240004,-14.22800064086914 
18250046,-14.238000869750977 
18260049,-14.170000076293945 
18270009,-14.338000297546387 
18280023,-14.32800006866455 
18290001,-13.991999626159668 
18300019,-14.378000259399414 
18310042,-14.406000137329102 
18320036,-14.165999412536621 
18330042,-14.345999717712402 
18340012,-14.319999694824219 
18350026,-14.196000099182129 
18360018,-14.529999732971191 
18370028,-14.020000457763672 
18380033,-14.254000663757324 
18390039,-13.713998794555664 
18400016,-14.289999961853027 
18410033,-14.178000450134277 
18420015,-14.07800006866455 
18430032,-14.170000076293945 
18440004,-13.968000411987305 
18450004,-14.4399995803833 
18460036,-14.279999732971191 
18470018,-14.173999786376953 
18480002,-14.098000526428223 
18490038,-14.354000091552734 
18500032,-14.285999298095703 
18510041,-14.053999900817871 
18520012,-14.329999923706055 
18530012,-14.289999961853027 
18540017,-13.885998725891113 
18550005,-14.449999809265137 
18560030,-14.185999870300293 
18570036,-13.923999786376953 
18580036,-14.170000076293945 
18590017,-14.263999938964844 
18600017,-14.289999961853027 
18610015,-14.210000038146973 
18620015,-14.229999542236328 
18630030,-14.268000602722168 
18640003,-14.231999397277832 
18650011,-14.149999618530273 
18660021,-14.194000244140625 
18670004,-14.092000961303711 
18680012,-14.326000213623047 
18690039,-13.648000717163086 
18700023,-13.965999603271484 
18710026,-14.055999755859375 
18720036,-14.128000259399414 
18730028,-14.261999130249023 
18740039,-14.0 
18750010,-14.22599983215332 
18760041,-14.279999732971191 
18770034,-14.341999053955078 
18780000,-13.992000579833984 
18790033,-14.30199909210205 
18800007,-14.300000190734863 
18810023,-13.875999450683594 
18820020,-14.173999786376953 
18830035,-14.0 
18840048,-13.763999938964844 
18850018,-13.829999923706055 
18860044,-14.204000473022461 
18870026,-14.144000053405762 
18880015,-14.013999938964844 
18890001,-14.214000701904297 
18900049,-13.923999786376953 
18910042,-14.213998794555664 
18920042,-14.59000015258789 
18930034,-14.02400016784668 
18940032,-14.399999618530273 
18950012,-14.069999694824219 
18960014,-14.210000038146973 
18970016,-14.208000183105469 
18980016,-14.220000267028809 
18990028,-14.098000526428223 
19000022,-14.215999603271484 
19010012,-14.508000373840332 
19020012,-14.300000190734863 
19030002,-13.988000869750977 
19040042,-14.34000015258789 
19050013,-14.220000267028809 
19060013,-14.4399995803833 
19070045,-14.1899995803833 
19080024,-13.976000785827637 
19090024,-14.539999961853027 
19100046,-14.07800006866455 
19110035,-14.29800033569336 
19120023,-14.331999778747559 
19130005,-14.350000381469727 
19140027,-14.550000190734863 
19150002,-14.300000190734863 
19160025,-14.591999053955078 
19170013,-14.288000106811523 
19180034,-14.242000579833984 
19190034,-14.359999656677246 
19200004,-14.319999694824219 
19210004,-14.529999732971191 
19220003,-14.335999488830566 
19230008,-14.321999549865723 
19240008,-14.069999694824219 
19250033,-13.904000282287598 
19260021,-14.27199935913086 
19270007,-14.505999565124512 
19280007,-14.270000457763672 
19290003,-14.124000549316406 
19300030,-14.34000015258789 
19310007,-14.408000946044922 
19320015,-14.369999885559082 
19330006,-13.918000221252441 
19340028,-14.369999885559082 
19350009,-14.093999862670898 
19360002,-13.984000205993652 
19370000,-14.319999694824219 
19380003,-13.852001190185547 
19390011,-14.038000106811523 
19400005,-14.4399995803833 
19410014,-14.17199993133545 
19420039,-14.520000457763672 
19430020,-14.098000526428223 
19440049,-14.085999488830566 
19450047,-13.989999771118164 
19460030,-14.11400032043457 
19470035,-13.86199951171875 
19480026,-13.9139986038208 
19490013,-14.258000373840332 
19500044,-14.260000228881836 
19510031,-14.529999732971191 
19520025,-14.354000091552734 
19530036,-14.130000114440918 
19540045,-14.098000526428223 
19550011,-13.79800033569336 
19560038,-14.157999038696289 
19570019,-14.473999977111816 
19580016,-14.65999984741211 
19590028,-14.22800064086914 
19600020,-14.004000663757324 
19610015,-14.149999618530273 
19620033,-14.261999130249023 
19630015,-14.539999961853027 
19640040,-13.97800064086914 
19650044,-14.348000526428223 
19660043,-14.236000061035156 
19670043,-14.180000305175781 
19680028,-14.579999923706055 
19690020,-14.489999771118164 
19700020,-14.420000076293945 
19710016,-14.020000457763672 
19720040,-14.295999526977539 
19730006,-14.619999885559082 
19740030,-14.399999618530273 
19750049,-14.579999923706055 
19760001,-13.843999862670898 
19770041,-14.359999656677246 
19780000,-14.175999641418457 
19790020,-14.32800006866455 
19800020,-14.569999694824219 
19810006,-14.074000358581543 
19820027,-14.29800033569336 
19830043,-14.359999656677246 
19840021,-14.460000038146973 
19850020,-14.38599967956543 
19860049,-14.140000343322754 
19870039,-14.390000343322754 
19880038,-13.930000305175781 
19890011,-14.381999969482422 
19900027,-13.88399887084961 
19910028,-13.854000091552734 
19920011,-13.880000114440918 
19930032,-14.154000282287598 
19940044,-14.40999984741211 
19950038,-14.053999900817871 
19960005,-14.223999977111816 
19970037,-14.003998756408691 
19980026,-14.285999298095703 
19990037,-14.390000343322754 
20000020,-13.991999626159668 
20010001,-14.076000213623047 
20020019,-13.968000411987305 
20030005,-14.220000267028809 
20040031,-14.071999549865723 
20050031,-14.191999435424805 
20060042,-14.295999526977539 
20070016,-14.630000114440918 
20080048,-14.15999984741211 
20090042,-14.414000511169434 
20100044,-14.117999076843262 
20110009,-14.25 
20120005,-14.760000228881836 
20130041,-13.941999435424805 
20140041,-13.748000144958496 
20150046,-13.890000343322754 
20160021,-14.633999824523926 
20170048,-14.368000030517578 
20180013,-13.934000015258789 
20190000,-14.098000526428223 
20200028,-14.039999961853027 
20210018,-13.911999702453613 
20220002,-14.5 
20230046,-14.180000305175781 
20240005,-14.239999771118164 
20250038,-14.510000228881836 
20260048,-13.964000701904297 
20270026,-14.15999984741211 
20280016,-14.220000267028809 
20290016,-14.329999923706055 
20300007,-13.755999565124512 
20310010,-13.751999855041504 
20320005,-14.130000114440918 
20330001,-14.75 
20340031,-14.068000793457031 
20350013,-14.284000396728516 
20360025,-14.011999130249023 
20370027,-14.130000114440918 
20380002,-14.187999725341797 
20390042,-14.011999130249023 
20400029,-13.984000205993652 
20410029,-14.220000267028809 
20420028,-14.380000114440918 
20430034,-14.133999824523926 
20440033,-13.785999298095703 
20450022,-14.265999794006348 
20460007,-14.251999855041504 
20470040,-14.291999816894531 
20480049,-13.80199909210205 
20490014,-14.4399995803833 
20500023,-14.210000038146973 
20510042,-14.185999870300293 
20520030,-14.331999778747559 
20530048,-14.369999885559082 
20540006,-14.181999206542969 
20550040,-14.215999603271484 
20560036,-14.25 
20570022,-14.223999977111816 
20580013,-14.07800006866455 
20590036,-13.881999969482422 
20600024,-13.778000831604004 
20610000,-14.380000114440918 
20620041,-14.02199935913086 
20630023,-14.329999923706055 
20640000,-14.188000679016113 
20650025,-13.874000549316406 
20660005,-13.891999244689941 
20670020,-14.245999336242676 
20680001,-14.144000053405762 
20690005,-14.058000564575195 
20700039,-14.145999908447266 
20710006,-14.289999961853027 
20720021,-14.0600004196167 
20730021,-14.170000076293945 
20740021,-14.479999542236328 
20750006,-14.3100004196167 
20760003,-14.430000305175781 
20770044,-14.550000190734863 
20780031,-14.569999694824219 
20790015,-14.331999778747559 
20800015,-14.34000015258789 
20810028,-14.319999694824219 
20820007,-14.270000457763672 
20830028,-14.535999298095703 
20840000,-14.508000373840332 
20850048,-14.194000244140625 
20860028,-14.359999656677246 
20870012,-14.11400032043457 
20880016,-14.401999473571777 
20890038,-14.435999870300293 
20900033,-14.084000587463379 
20910032,-14.118000030517578 
20920041,-14.526000022888184 
20930017,-14.034000396728516 
20940014,-14.098000526428223 
20950006,-14.398000717163086 
20960035,-14.245999336242676 
20970041,-14.489999771118164 
20980023,-14.510000228881836 
20990023,-14.579999923706055 
21000000,-14.29800033569336 
21010040,-13.782000541687012 
21020007,-14.36400032043457 
21030033,-14.464000701904297 
21040018,-14.214000701904297 
21050043,-14.359999656677246 
21060024,-14.433999061584473 
21070008,-14.305999755859375 
21080014,-14.36199951171875 
21090045,-14.428000450134277 
21100029,-14.77400016784668 
21110001,-14.470000267028809 
21120024,-14.311999320983887 
21130012,-14.472001075744629 
21140003,-14.640000343322754 
21150037,-14.3100004196167 
21160043,-14.119999885559082 
21170014,-14.11400032043457 
21180014,-14.59000015258789 
21190043,-14.335999488830566 
21200024,-13.814000129699707 
21210044,-14.278000831604004 
21220010,-14.505999565124512 
21230000,-14.550000190734863 
21240014,-14.338000297546387 
21250023,-14.504000663757324 
21260010,-14.598000526428223 
21270040,-13.938000679016113 
21280014,-14.173999786376953 
21290027,-13.72599983215332 
21300001,-14.425999641418457 
21310048,-14.415999412536621 
21320014,-14.044000625610352 
21330014,-14.489999771118164 
21340018,-14.390000343322754 
21350033,-14.276000022888184 
21360031,-14.391999244689941 
21370020,-14.326000213623047 
21380020,-14.4399995803833 
21390020,-14.420000076293945 
21400022,-14.550000190734863 
21410043,-14.358000755310059 
21420019,-14.380000114440918 
21430019,-14.359999656677246 
21440042,-14.431999206542969 
21450041,-14.148000717163086 
21460046,-14.015999794006348 
21470044,-14.326000213623047 
21480041,-14.168000221252441 
21490040,-14.510000228881836 
21500013,-14.221999168395996 
21510008,-14.133999824523926 
21520019,-13.979999542236328 
21530038,-14.119999885559082 
21540038,-14.619999885559082 
21550033,-14.270000457763672 
21560017,-14.460000038146973 
21570045,-14.072000503540039 
21580006,-14.279999732971191 
21590046,-14.378000259399414 
21600009,-14.291999816894531 
21610000,-14.199999809265137 
21620000,-14.520000457763672 
21630039,-14.315999984741211 
21640005,-14.425999641418457 
21650034,-14.699999809265137 
21660028,-14.465999603271484 
21670046,-14.238000869750977 
21680046,-14.329999923706055 
21690006,-13.960000038146973 
21700016,-13.877999305725098 
21710007,-14.184000015258789 
21720048,-13.938000679016113 
21730000,-14.254000663757324 
21740012,-14.45199966430664 
21750049,-14.044000625610352 
21760002,-14.067998886108398 
21770031,-14.196000099182129 
21780021,-14.148000717163086 
21790047,-14.394000053405762 
21800029,-13.539999961853027 
21810012,-14.172000885009766 
21820008,-14.449999809265137 
21830043,-14.345999717712402 
21840002,-14.11400032043457 
21850028,-13.953998565673828 
21860008,-14.064000129699707 
21870020,-14.173999786376953 
21880004,-14.415999412536621 
21890044,-14.140000343322754 
21900028,-13.852001190185547 
21910008,-14.109999656677246 
21920007,-14.1899995803833 
21930003,-14.173999786376953 
21940018,-14.354000091552734 
21950016,-13.748000144958496 
21960038,-13.781999588012695 
21970038,-14.460000038146973 
21980003,-14.489999771118164 
21990013,-13.789999008178711 
22000017,-14.098000526428223 
22010017,-14.239999771118164 
22020032,-13.857998847961426 
22030032,-14.260000228881836 
22040010,-14.13800048828125 
22050024,-14.148000717163086 
22060024,-14.170000076293945 
22070047,-14.284000396728516 
22080023,-13.994000434875488 
22090019,-13.928000450134277 
22100048,-14.390000343322754 
22110015,-14.15999984741211 
22120024,-14.300000190734863 
22130011,-14.11199951171875 
22140003,-14.449999809265137 
22150021,-14.0600004196167 
22160023,-13.981999397277832 
22170012,-14.1899995803833 
22180044,-14.600000381469727 
22190013,-14.571999549865723 
22200044,-14.314000129699707 
22210022,-14.314000129699707 
22220035,-14.468000411987305 
22230018,-14.295999526977539 
22240018,-14.760000228881836 
22250036,-14.539999961853027 
22260014,-14.27400016784668 
22270014,-14.520000457763672 
22280003,-14.285999298095703 
22290033,-14.520000457763672 
22300008,-14.056000709533691 
22310002,-14.039999961853027 
22320022,-14.350000381469727 
22330002,-14.595999717712402 
22340022,-14.449999809265137 
22350023,-13.760000228881836 
22360035,-14.221999168395996 
22370001,-14.381999969482422 
22380018,-14.471999168395996 
22390034,-14.148000717163086 
22400047,-14.408000946044922 
22410038,-14.020000457763672 
22420040,-14.569999694824219 
22430040,-14.470000267028809 
22440022,-14.050000190734863 
22450016,-14.779999732971191 
22460037,-14.034000396728516 
22470035,-14.034000396728516 
22480011,-14.42199993133545 
22490048,-14.278000831604004 
22500023,-14.550000190734863 
22510023,-14.300000190734863 
22520023,-14.5 
22530029,-14.449999809265137 
22540035,-14.081999778747559 
22550014,-14.303999900817871 
22560043,-14.043998718261719 
22570014,-14.15999984741211 
22580041,-14.5600004196167 
22590041,-14.214000701904297 
22600009,-14.30199909210205 
22610043,-14.368000030517578 
22620016,-14.25 
22630040,-14.15999984741211 
22640002,-14.199999809265137 
22650005,-13.800000190734863 
22660022,-13.971999168395996 
22670040,-14.369999885559082 
22680036,-14.184000015258789 
22690008,-14.218000411987305 
22700030,-14.260000228881836 
22710033,-14.149999618530273 
22720028,-14.239999771118164 
22730012,-13.915999412536621 
22740009,-14.288000106811523 
22750037,-13.95199966430664 
22760012,-13.928000450134277 
22770029,-14.133999824523926 
22780037,-14.008000373840332 
22790031,-13.874000549316406 
22800039,-14.331999778747559 
22810049,-14.270000457763672 
22820042,-14.071999549865723 
22830034,-13.468000411987305 
22840046,-14.112000465393066 
22850046,-14.289999961853027 
22860046,-14.4399995803833 
22870045,-14.555999755859375 
22880007,-14.285999298095703 
22890014,-14.116000175476074 
22900001,-14.428000450134277 
22910026,-14.3100004196167 
22920049,-14.042000770568848 
22930048,-14.285999298095703 
22940016,-13.781999588012695 
22950022,-13.855999946594238 
22960017,-13.9399995803833 
22970036,-13.899999618530273 
22980022,-14.170000076293945 
22990033,-13.486000061035156 
23000046,-14.263999938964844 
23010022,-13.72599983215332 
23020046,-14.380000114440918 
23030042,-14.329999923706055 
23040005,-14.30199909210205 
23050005,-14.239999771118164 
23060027,-14.414000511169434 
23070007,-14.27199935913086 
23080040,-14.581999778747559 
23090004,-13.489999771118164 
23100024,-14.315999984741211 
23110042,-14.619999885559082 
23120033,-13.92199993133545 
23130000,-14.208000183105469 
23140010,-13.75 
23150037,-14.550000190734863 
23160008,-13.866000175476074 
23170038,-14.479999542236328 
23180012,-14.399999618530273 
23190007,-14.289999961853027 
23200022,-14.220000267028809 
23210038,-14.335999488830566 
23220043,-14.108000755310059 
23230005,-14.527998924255371 
23240030,-14.539999961853027 
23250009,-14.3360013961792 
23260048,-14.223999977111816 
23270048,-14.09000015258789 
23280038,-14.13800048828125 
23290004,-14.068000793457031 
23300012,-13.866000175476074 
23310039,-14.289999961853027 
23320046,-13.768000602722168 
23330007,-14.22599983215332 
23340046,-14.285999298095703 
23350020,-14.13599967956543 
23360001,-13.946000099182129 
23370046,-14.449999809265137 
23380017,-14.511999130249023 
23390009,-14.430000305175781 
23400042,-14.369999885559082 
23410012,-14.100000381469727 
23420026,-14.245999336242676 
23430007,-14.124000549316406 
23440043,-14.144000053405762 
23450000,-14.038000106811523 
23460011,-14.057999610900879 
23470010,-14.236000061035156 
23480029,-14.369999885559082 
23490001,-14.057999610900879 
23500001,-14.6899995803833 
23510010,-14.568000793457031 
23520021,-14.034000396728516 
23530035,-14.281999588012695 
23540015,-14.510000228881836 
23550019,-13.881999969482422 
23560005,-14.038000106811523 
23570006,-14.170000076293945 
23580042,-14.430000305175781 
23590002,-14.145999908447266 
23600033,-14.434000015258789 
23610044,-13.994000434875488 
23620026,-14.109999656677246 
23630026,-14.170000076293945 
23640014,-14.526000022888184 
23650011,-14.54800033569336 
23660042,-14.630000114440918 
23670042,-14.1899995803833 
23680011,-14.270000457763672 
23690025,-14.314000129699707 
23700002,-14.018000602722168 
23710029,-14.446000099182129 
23720008,-14.390000343322754 
23730032,-14.05199909210205 
23740003,-14.441999435424805 
23750028,-14.278000831604004 
23760024,-14.515999794006348 
23770039,-14.314000129699707 
23780042,-14.303998947143555 
23790014,-14.25 
23800017,-14.091999053955078 
23810009,-14.739999771118164 
23820042,-14.348000526428223 
23830036,-14.084000587463379 
23840006,-14.334000587463379 
23850046,-14.147998809814453 
23860029,-14.178000450134277 
23870026,-14.358000755310059 
23880025,-14.02400016784668 
23890039,-14.208000183105469 
23900004,-14.015999794006348 
23910033,-14.284000396728516 
23920031,-14.010000228881836 
23930004,-14.278000831604004 
23940026,-14.5600004196167 
23950023,-14.449999809265137 
23960006,-14.02199935913086 
23970016,-14.223999977111816 
23980016,-14.3100004196167 
23990016,-14.329999923706055 
24000003,-14.158000946044922 
24010022,-14.010000228881836 
24020038,-14.128000259399414 
24030030,-14.72599983215332 
24040030,-14.359999656677246 
24050001,-13.970000267028809 
24060034,-14.420000076293945 
24070007,-14.191999435424805 
24080020,-14.180000305175781 
24090031,-14.128000259399414 
24100035,-14.067998886108398 
24110003,-14.199999809265137 
24120047,-14.105999946594238 
24130021,-14.510000228881836 
24140009,-14.449999809265137 
24150009,-14.4399995803833 
24160018,-14.27400016784668 
24170044,-14.5600004196167 
24180014,-14.390000343322754 
24190028,-13.8100004196167 
24200011,-14.258000373840332 
24210039,-13.965999603271484 
24220018,-14.13599967956543 
24230019,-14.15999984741211 
24240002,-14.181999206542969 
24250041,-14.270000457763672 
24260022,-14.319999694824219 
24270049,-14.181999206542969 
24280030,-14.263999938964844 
24290024,-13.94800090789795 
24300044,-14.255999565124512 
24310043,-14.411999702453613 
24320011,-13.92199993133545 
24330030,-13.970000267028809 
24340021,-14.27199935913086 
24350004,-14.520000457763672 
24360004,-14.479999542236328 
24370030,-14.359999656677246 
24380041,-13.915999412536621 
24390033,-14.520000457763672 
24400048,-14.020000457763672 
24410035,-14.508000373840332 
24420015,-13.869999885559082 
24430006,-14.390000343322754 
24440006,-14.210000038146973 
24450032,-14.270000457763672 
24460018,-14.100000381469727 
24470009,-13.973999977111816 
24480042,-14.151999473571777 
24490023,-14.529999732971191 
24500018,-13.954000473022461 
24510002,-14.255999565124512 
24520031,-14.255999565124512 
24530039,-14.125999450683594 
24540026,-14.145999908447266 
24550006,-13.680000305175781 
24560042,-14.369999885559082 
24570005,-14.008000373840332 
24580011,-13.986001014709473 
24590013,-13.761999130249023 
24600045,-14.279999732971191 
24610014,-14.486000061035156 
24620032,-13.97599983215332 
24630029,-14.279999732971191 
24640012,-14.303999900817871 
24650016,-14.133999824523926 
24660006,-14.144000053405762 
24670028,-14.128000259399414 
24680022,-14.399999618530273 
24690008,-14.303999900817871 
24700024,-14.210000038146973 
24710024,-14.390000343322754 
24720006,-14.430000305175781 
24730003,-14.32800006866455 
24740008,-14.234000205993652 
24750009,-14.510000228881836 
24760047,-14.244000434875488 
24770032,-14.350000381469727 
24780039,-14.435999870300293 
24790047,-13.922000885009766 
24800029,-14.223999977111816 
24810042,-14.210000038146973 
24820048,-14.131999969482422 
24830027,-14.165999412536621 
24840044,-13.958000183105469 
24850025,-14.381999969482422 
24860042,-14.100000381469727 
24870022,-14.305999755859375 
24880041,-14.244000434875488 
24890001,-14.403999328613281 
24900015,-14.004000663757324 
24910045,-14.414000511169434 
24920018,-14.65999984741211 
24930024,-14.068000793457031 
24940021,-14.358000755310059 
24950019,-14.461999893188477 
24960022,-14.118000030517578 
24970009,-14.218000411987305 
24980001,-14.210000038146973 
24990013,-14.284000396728516 
25000041,-14.601999282836914 
25010018,-14.279999732971191 
25020004,-14.380000114440918 
25030022,-14.101999282836914 
25040013,-14.050000190734863 
25050004,-14.279999732971191 
25060008,-14.338000297546387 
25070003,-14.119999885559082 
25080018,-14.104000091552734 
25090017,-14.420000076293945 
25100015,-13.871999740600586 
25110048,-14.026000022888184 
25120047,-14.22599983215332 
25130018,-14.420000076293945 
25140029,-13.994000434875488 
25150008,-13.934000015258789 
25160039,-14.779999732971191 
25170004,-14.185999870300293 
25180019,-14.005999565124512 
25190001,-14.109999656677246 
25200001,-14.359999656677246 
25210039,-14.291999816894531 
25220012,-14.255999565124512 
25230010,-14.121999740600586 
25240022,-14.031999588012695 
25250010,-14.221999168395996 
25260029,-14.133999824523926 
25270004,-14.068000793457031 
25280003,-14.569999694824219 
25290006,-14.004000663757324 
25300049,-13.958000183105469 
25310033,-14.081999778747559 
25320007,-14.004000663757324 
25330019,-14.550000190734863 
25340048,-14.359999656677246 
25350023,-14.25 
25360002,-13.979999542236328 
25370013,-13.968000411987305 
25380033,-14.0 
25390017,-14.180000305175781 
25400040,-13.995999336242676 
25410040,-14.399999618530273 
25420009,-14.27400016784668 
25430036,-14.510000228881836 
25440036,-14.300000190734863 
25450009,-13.802000999450684 
25460017,-14.220000267028809 
25470046,-14.420000076293945 
25480002,-13.843999862670898 
25490037,-13.683999061584473 
25500037,-14.300000190734863 
25510041,-14.04800033569336 
25520034,-14.061999320983887 
25530001,-13.734000205993652 
25540042,-14.319999694824219 
25550031,-14.285999298095703 
25560046,-14.263999938964844 
25570033,-13.877999305725098 
25580006,-14.380000114440918 
25590038,-14.378000259399414 
25600038,-14.40999984741211 
25610005,-14.064000129699707 
25620008,-14.085999488830566 
25630003,-14.208000183105469 
25640031,-14.40999984741211 
25650016,-13.995999336242676 
25660016,-14.239999771118164 
25670044,-14.140000343322754 
25680032,-14.34000015258789 
25690021,-13.762001037597656 
25700028,-13.795999526977539 
25710045,-13.858000755310059 
25720037,-13.782000541687012 
25730024,-13.955999374389648 
25740006,-14.331999778747559 
25750039,-13.934000015258789 
25760026,-13.858000755310059 
25770026,-13.350000381469727 
25780034,-14.204000473022461 
25790016,-14.218000411987305 
25800006,-13.949999809265137 
25810031,-14.300000190734863 
25820048,-13.88800048828125 
25830009,-14.251999855041504 
25840004,-14.5 
25850049,-14.4399995803833 
25860018,-14.029999732971191 
25870018,-14.09000015258789 
25880023,-13.710000038146973 
25890014,-14.204000473022461 
25900005,-14.188000679016113 
25910027,-13.848000526428223 
25920012,-14.640000343322754 
25930045,-13.80199909210205 
25940016,-14.018000602722168 
25950018,-14.291999816894531 
25960003,-14.265999794006348 
25970028,-14.119999885559082 
25980007,-14.425999641418457 
25990021,-14.345999717712402 
26000029,-14.220000267028809 
26010013,-14.255999565124512 
26020046,-14.199999809265137 
26030013,-14.317998886108398 
26040032,-14.236001014709473 
26050038,-14.289999961853027 
26060008,-14.380000114440918 
26070047,-14.460000038146973 
26080049,-14.118000030517578 
26090028,-14.265999794006348 
26100025,-14.119999885559082 
26110033,-14.02199935913086 
26120004,-14.25 
26130041,-14.248000144958496 
26140033,-13.647998809814453 
26150028,-14.300000190734863 
26160020,-13.871999740600586 
26170013,-14.270000457763672 
26180013,-14.0600004196167 
26190003,-13.952000617980957 
26200000,-14.30199909210205 
26210019,-14.065999984741211 
26220019,-14.100000381469727 
26230035,-14.029999732971191 
26240048,-14.149999618530273 
26250042,-13.965999603271484 
26260028,-13.808000564575195 
26270049,-14.020000457763672 
26280049,-14.550000190734863 
26290045,-13.814000129699707 
26300034,-13.965999603271484 
26310029,-14.406000137329102 
26320024,-14.359999656677246 
26330021,-13.88800048828125 
26340003,-14.109999656677246 
26350027,-14.245999336242676 
26360030,-14.158000946044922 
26370023,-14.211999893188477 
26380023,-14.270000457763672 
26390048,-14.261999130249023 
26400033,-14.170000076293945 
26410020,-13.720000267028809 
26420010,-14.188000679016113 
26430037,-13.862000465393066 
26440017,-14.050000190734863 
26450008,-14.173999786376953 
26460013,-13.86400032043457 
26470017,-13.898000717163086 
26480017,-14.199999809265137 
26490047,-14.156000137329102 
26500013,-14.470000267028809 
26510038,-14.156000137329102 
26520009,-14.350000381469727 
26530040,-14.699999809265137 
26540006,-14.158000946044922 
26550025,-14.390000343322754 
26560039,-13.968000411987305 
26570049,-14.449999809265137 
26580044,-14.470000267028809 
26590045,-14.378000259399414 
26600045,-14.470000267028809 
26610046,-14.471999168395996 
26620026,-14.180000305175781 
26630010,-14.289999961853027 
26640039,-14.270000457763672 
26650026,-14.008000373840332 
26660021,-14.380000114440918 
26670021,-14.350000381469727 
26680030,-14.261999130249023 
26690030,-14.350000381469727 
26700008,-14.3360013961792 
26710031,-14.197999000549316 
26720046,-14.15999984741211 
26730026,-14.279999732971191 
26740026,-14.350000381469727 
26750027,-13.925999641418457 
26760008,-14.173999786376953 
26770039,-13.8100004196167 
26780026,-13.995999336242676 
26790022,-14.335999488830566 
26800006,-14.329999923706055 
26810021,-14.09000015258789 
26820040,-14.270000457763672 
26830023,-14.359999656677246 
26840002,-14.081999778747559 
26850038,-13.814000129699707 
26860015,-14.319999694824219 
26870010,-14.285999298095703 
26880010,-14.5 
26890036,-14.420000076293945 
26900015,-14.40999984741211 
26910040,-14.09000015258789 
26920025,-14.369999885559082 
26930012,-14.248000144958496 
26940049,-14.11400032043457 
26950043,-14.050000190734863 
26960037,-14.494000434875488 
26970015,-13.75200080871582 
26980010,-13.964000701904297 
26990035,-14.11400032043457 
27000016,-14.329999923706055 
27010043,-14.229999542236328 
27020019,-14.579999923706055 
27030038,-14.141999244689941 
27040038,-14.369999885559082 
27050020,-14.4399995803833 
27060049,-14.430000305175781 
27070031,-14.270000457763672 
27080036,-14.11400032043457 
27090000,-14.184000015258789 
27100031,-14.11400032043457 
27110021,-14.100000381469727 
27120021,-14.380000114440918 
27130008,-14.630000114440918 
27140036,-13.923999786376953 
27150000,-14.211999893188477 
27160000,-14.199999809265137 
27170012,-13.776000022888184 
27180031,-14.199999809265137 
27190033,-14.173999786376953 
27200017,-14.149999618530273 
27210041,-14.241999626159668 
27220008,-14.084000587463379 
27230026,-14.285999298095703 
27240011,-14.204000473022461 
27250046,-14.420000076293945 
27260036,-14.287999153137207 
27270015,-13.971999168395996 
27280045,-14.018000602722168 
27290003,-14.121999740600586 
27300007,-13.649999618530273 
27310012,-14.093999862670898 
27320028,-13.989999771118164 
27330011,-14.314000129699707 
27340025,-14.165999412536621 
27350034,-13.946001052856445 
27360034,-14.34000015258789 
27370030,-14.091999053955078 
27380009,-14.205999374389648 
27390010,-14.013999938964844 
27400031,-14.449999809265137 
27410027,-14.70199966430664 
27420043,-13.9739990234375 
27430012,-14.449999809265137 
27440015,-14.109999656677246 
27450045,-14.214000701904297 
27460007,-14.121999740600586 
27470042,-14.239999771118164 
27480033,-14.383999824523926 
27490004,-13.968000411987305 
27500019,-14.131999969482422 
27510003,-14.15999984741211 
27520013,-14.260000228881836 
27530008,-14.061999320983887 
27540045,-14.0 
27550038,-14.539999961853027 
27560036,-13.923998832702637 
27570023,-14.088000297546387 
27580035,-14.15999984741211 
27590022,-14.408000946044922 
27600022,-14.420000076293945 
27610039,-13.788000106811523 
27620049,-14.084000587463379 
27630038,-14.029999732971191 
27640011,-14.028000831604004 
27650023,-14.026000022888184 
27660008,-14.005999565124512 
27670001,-14.305999755859375 
27680001,-14.15999984741211 
27690041,-14.029999732971191 
27700041,-14.130000114440918 
27710042,-14.245999336242676 
27720011,-13.850000381469727 
27730023,-14.180000305175781 
27740038,-14.0600004196167 
27750037,-14.276000022888184 
27760031,-14.245999336242676 
27770039,-13.95199966430664 
27780037,-14.239999771118164 
27790042,-14.039999961853027 
27800044,-13.89000129699707 
27810025,-13.914000511169434 
27820014,-14.165999412536621 
27830044,-14.598000526428223 
27840016,-14.128000259399414 
27850018,-14.3100004196167 
27860040,-14.004000663757324 
27870036,-14.065999984741211 
27880044,-13.831999778747559 
27890022,-14.335999488830566 
27900044,-14.168000221252441 
27910008,-14.229999542236328 
27920041,-14.175999641418457 
27930032,-14.260000228881836 
27940039,-14.539999961853027 
27950013,-13.511999130249023 
27960027,-13.968000411987305 
27970043,-14.223999977111816 
27980013,-13.989999771118164 
27990006,-13.824000358581543 
28000010,-14.038000106811523 
28010014,-13.785999298095703 
28020014,-14.130000114440918 
28030014,-14.40999984741211 
28040010,-14.300000190734863 
28050043,-14.151999473571777 
28060027,-14.121999740600586 
28070022,-13.675999641418457 
28080016,-14.130000114440918 
28090045,-14.218000411987305 
28100040,-14.569999694824219 
28110027,-14.308000564575195 
28120047,-14.425999641418457 
28130047,-14.210000038146973 
28140011,-14.329999923706055 
28150044,-14.076000213623047 
28160025,-13.981999397277832 
28170005,-13.954000473022461 
28180024,-13.88800048828125 
28190041,-14.238000869750977 
28200039,-13.826000213623047 
28210025,-14.076000213623047 
28220036,-13.894000053405762 
28230038,-14.185999870300293 
28240015,-13.891999244689941 
28250006,-14.22800064086914 
28260015,-13.973999977111816 
28270013,-14.122000694274902 
28280026,-13.949999809265137 
28290048,-14.15999984741211 
28300015,-14.19800090789795 
28310001,-14.074000358581543 
28320002,-14.15999984741211 
28330020,-13.970000267028809 
28340029,-14.095999717712402 
28350030,-14.180000305175781 
28360000,-14.470000267028809 
28370000,-14.470000267028809 
28380040,-14.105999946594238 
28390014,-14.076000213623047 
28400005,-14.156000137329102 
28410026,-14.289999961853027 
28420009,-14.165999412536621 
28430031,-13.605999946594238 
28440016,-14.260000228881836 
28450028,-14.095999717712402 
28460040,-14.220000267028809 
28470011,-14.204000473022461 
28480014,-14.02400016784668 
28490048,-14.038000106811523 
28500010,-13.967999458312988 
28510025,-14.315999984741211 
28520011,-14.323999404907227 
28530019,-14.36400032043457 
28540036,-14.343999862670898 
28550028,-14.223999977111816 
28560024,-14.124000549316406 
28570017,-13.949999809265137 
28580006,-14.455999374389648 
28590044,-13.949999809265137 
28600001,-13.779999732971191 
28610024,-14.390000343322754 
28620013,-14.470000267028809 
28630006,-14.164000511169434 
28640025,-14.630000114440918 
28650024,-14.329999923706055 
28660014,-14.800000190734863 
28670001,-14.188000679016113 
28680023,-14.359999656677246 
28690038,-14.044000625610352 
28700038,-14.229999542236328 
28710033,-14.161999702453613 
28720045,-13.918000221252441 
28730004,-14.187999725341797 
28740004,-14.59000015258789 
28750043,-14.036001205444336 
28760024,-14.034000396728516 
28770027,-13.874000549316406 
28780008,-14.140000343322754 
28790048,-13.998000144958496 
28800013,-14.408000946044922 
28810049,-13.850000381469727 
28820006,-13.788000106811523 
28830035,-13.855999946594238 
28840021,-14.081999778747559 
28850010,-14.5 
28860013,-14.291999816894531 
28870048,-14.229999542236328 
28880006,-14.354000091552734 
28890007,-13.866000175476074 
28900007,-14.550000190734863 
28910038,-13.537999153137207 
28920017,-14.329999923706055 
28930011,-13.92199993133545 
28940000,-14.315999984741211 
28950011,-14.034000396728516 
28960025,-14.25 
28970010,-14.170000076293945 
28980010,-14.470000267028809 
28990032,-14.175999641418457 
29000028,-13.941999435424805 
29010029,-13.988000869750977 
29020046,-14.191999435424805 
29030027,-14.170000076293945 
29040009,-14.05199909210205 
29050048,-14.199999809265137 
29060018,-14.38800048828125 
29070030,-13.871999740600586 
29080007,-13.88800048828125 
29090049,-14.018000602722168 
29100030,-14.261999130249023 
29110030,-14.380000114440918 
29120018,-14.329999923706055 
29130008,-14.079999923706055 
29140045,-14.147998809814453 
29150037,-14.390000343322754 
29160047,-13.881999969482422 
29170047,-14.260000228881836 
29180042,-13.843999862670898 
29190001,-13.871999740600586 
29200010,-13.866000175476074 
29210015,-14.0600004196167 
29220015,-14.0600004196167 
29230019,-14.268000602722168 
29240048,-14.214000701904297 
29250013,-14.141999244689941 
29260030,-14.263999938964844 
29270011,-13.883999824523926 
29280008,-14.489999771118164 
29290040,-13.738000869750977 
29300009,-14.194000244140625 
29310049,-14.015999794006348 
29320040,-14.121999740600586 
29330044,-13.585999488830566 
29340024,-14.1899995803833 
29350038,-13.82800006866455 
29360000,-14.415999412536621 
29370017,-13.835999488830566 
29380026,-14.399999618530273 
29390021,-14.329999923706055 
29400005,-14.011999130249023 
29410025,-13.70199966430664 
29420008,-14.210000038146973 
29430014,-13.97599983215332 
29440030,-14.069999694824219 
29450043,-14.09000015258789 
29460029,-14.257999420166016 
29470015,-13.954000473022461 
29480030,-14.013999938964844 
29490039,-14.04800033569336 
29500008,-14.446000099182129 
29510026,-13.717999458312988 
29520015,-14.018000602722168 
29530007,-14.341999053955078 
29540008,-14.185999870300293 
29550008,-14.149999618530273 
29560027,-14.489999771118164 
29570031,-13.923999786376953 
29580033,-13.902000427246094 
29590007,-14.204000473022461 
29600033,-14.288000106811523 
29610032,-14.076000213623047 
29620041,-14.149999618530273 
29630021,-13.665999412536621 
29640001,-14.053998947143555 
29650027,-13.869999885559082 
29660013,-14.279999732971191 
29670021,-14.508000373840332 
29680042,-14.148000717163086 
29690025,-13.868000030517578 
29700008,-14.390000343322754 
29710034,-14.649999618530273 
29720047,-13.763999938964844 
29730038,-14.399999618530273 
29740022,-13.970000267028809 
29750023,-13.664000511169434 
29760046,-13.94800090789795 
29770011,-13.964000701904297 
29780010,-14.515999794006348 
29790040,-13.838000297546387 
29800028,-13.871999740600586 
29810026,-13.971999168395996 
29820016,-13.90999984741211 
29830003,-13.868000030517578 
29840001,-14.239999771118164 
29850006,-14.104000091552734 
29860030,-13.898000717163086 
29870004,-14.131999969482422 
29880031,-13.673999786376953 
29890020,-13.802000999450684 
29900020,-14.40999984741211 
