10000,-4.642500000000001 
20024,-4.303740648379053 
30005,-3.767076167076167 
40000,-3.469586374695864 
50021,-2.7680751173708926 
60024,-1.9502222222222225 
70009,-1.5063829787234047 
80021,-1.1334693877551023 
90001,0.12105263157894712 
100002,1.2107714701601164 
110001,1.8617128463476071 
120020,2.1742459396751737 
130001,2.3763012181616836 
140001,2.527806925498426 
150006,2.6322778345250257 
160009,2.7154 
170019,2.6888217522658606 
180004,2.606776180698152 
190013,2.548861283643892 
200009,2.5192834562697577 
210003,2.645398773006135 
220005,2.7957073170731706 
230006,2.8861742424242425 
240005,3.030209281164695 
250000,3.2165820642978002 
260006,3.3268533772652384 
270001,3.391235059760956 
280000,3.4153724247226624 
290002,3.4444790046656295 
300010,3.4187549251379035 
310004,3.402229299363058 
320005,3.404773269689737 
330004,3.426593233674273 
340004,3.4484895429899303 
350000,3.4270735524256644 
360000,3.349673202614379 
370008,3.4228166797797006 
380003,3.4285714285714284 
390004,3.4225552050473187 
400005,3.389305666400638 
410007,3.3992025518341302 
420008,3.389262820512821 
430004,3.406836248012718 
440008,3.421209740769835 
450000,3.4039872408293466 
460008,3.4287724784988267 
470003,3.4455676516329703 
480003,3.41031746031746 
490008,3.434272300469483 
500007,3.3995207667731626 
510002,3.395051875498803 
520000,3.4105928853754937 
530008,3.429329173166926 
540000,3.42859375 
550005,3.4465116279069767 
560003,3.4427682737169514 
570003,3.436278342455043 
580005,3.427251370399374 
590003,3.421574803149606 
600004,3.4323185011709603 
610008,3.454699537750385 
620002,3.44071484071484 
630001,3.450695517774343 
640005,3.4501936483346243 
650001,3.4490302560124126 
660002,3.430985915492957 
670005,3.453941267387944 
680001,3.4393442622950814 
690000,3.447360248447205 
700003,3.4575827559661274 
710003,3.4076130055511498 
720008,3.42688679245283 
730000,3.4592135697764075 
740000,3.4532095901005415 
750004,3.415843137254902 
760001,3.450732459521974 
770007,3.460615384615384 
780003,3.4258418167580267 
790004,3.4210196078431365 
800005,3.4481481481481477 
810011,3.4327613104524177 
820003,3.4601076095311303 
830006,3.444323483670295 
840005,3.4370716510903425 
850003,3.4346875 
860002,3.4334113973458233 
870005,3.4234830575256106 
880002,3.401264822134387 
890009,3.4590490797546014 
900005,3.475569044006069 
910000,3.4190251572327046 
920004,3.4594470046082946 
930005,3.4356420233463028 
940009,3.434059097978227 
950005,3.4394388152766946 
960011,3.4297507788161994 
970003,3.4425038639876355 
980001,3.4193901485535574 
990009,3.446213292117465 
1000010,3.4411358403683803 
1010000,3.4488067744418784 
1020011,3.4470316114109485 
1030002,3.3904534606205243 
1040003,3.4061176470588235 
1050002,3.3829346092503987 
1060001,3.4496530454895913 
1070002,3.4478026214340787 
1080009,3.453117782909931 
1090002,3.438485316846986 
1100004,3.4479938271604933 
1110006,3.4350116189000772 
1120005,3.438235294117647 
1130000,3.4256651017214397 
1140003,3.3944925255704166 
1150002,3.43968992248062 
1160007,3.4020537124802526 
1170003,3.4387548638132297 
1180006,3.3893819334389854 
1190003,3.4603630862329804 
1200006,3.413996889580093 
1210001,3.422623723487824 
1220001,3.4412451361867706 
1230004,3.4528185328185326 
1240005,3.423731459797034 
1250002,3.4702826585179527 
1260007,3.4585253456221197 
1270006,3.425273010920437 
1280002,3.4186666666666663 
1290001,3.4543494996150885 
1300004,3.4389189189189184 
1310008,3.4274999999999998 
1320003,3.465848042977744 
1330003,3.442457231726283 
1340002,3.442447714949651 
1350004,3.4360248447204973 
1360001,3.4735003796507216 
1370005,3.4538580246913577 
1380003,3.4511520737327186 
1390000,3.4411402157164863 
1400002,3.436801242236025 
1410008,3.46385911179173 
1420005,3.4491119691119696 
1430009,3.391358994501178 
1440002,3.427877838684416 
1450001,3.4494972931167824 
1460004,3.443297380585516 
1470007,3.4629007633587783 
1480007,3.4305772230889238 
1490000,3.459059367771781 
1500000,3.4545454545454546 
1510005,3.4354215003866977 
1520004,3.446320681642138 
1530007,3.4516228748068003 
1540001,3.4776846915460777 
1550005,3.4538580246913577 
1560000,3.4542659492697925 
1570005,3.450038729666925 
1580007,3.454517374517375 
1590001,3.4711009174311926 
1600000,3.4380434782608695 
1610001,3.4461776061776064 
1620011,3.4623655913978495 
1630005,3.434937888198758 
1640006,3.4293063133281367 
1650002,3.4483076923076923 
1660000,3.4689602446483176 
1670006,3.463036809815951 
1680000,3.436829836829836 
1690003,3.4623177283192628 
1700008,3.455803228285934 
1710005,3.454657428791378 
1720005,3.423076923076923 
1730010,3.417910447761194 
1740003,3.4708938120702824 
1750008,3.4644223412394797 
1760002,3.4754745634016704 
1770008,3.460615384615384 
1780000,3.4592135697764075 
1790005,3.471927162367223 
1800001,3.4298670836591083 
1810005,3.4574287913779824 
1820002,3.4536098310291856 
1830005,3.464728385615914 
1840007,3.448606811145511 
1850005,3.4700841622035195 
1860007,3.4540958268933544 
1870005,3.4499224806201547 
1880000,3.4652936689549962 
1890000,3.4271239282930632 
1900003,3.439906469212782 
1910005,3.4416408668730654 
1920005,3.432917316692668 
1930009,3.4715484363081615 
1940000,3.4629230769230763 
1950000,3.444616576297444 
1960006,3.4723664122137405 
1970003,3.4317187500000004 
1980007,3.4586153846153853 
1990002,3.4584615384615383 
2000004,3.4780228136882134 
2010000,3.4571867794004607 
2020000,3.490566037735849 
2030004,3.4600458365164237 
2040003,3.4594470046082946 
2050009,3.4942235558889725 
2060000,3.440062111801242 
2070007,3.438449612403101 
2080003,3.4503863987635235 
2090005,3.4455108359133124 
2100002,3.4544478527607363 
2110000,3.465387567152724 
2120005,3.467175572519084 
2130006,3.4626819923371643 
2140003,3.452696456086287 
2150004,3.465247148288973 
2160006,3.4600461893764436 
2170009,3.4406201550387596 
2180002,3.4132511556240366 
2190005,3.4389751552795027 
2200002,3.454865900383142 
2210002,3.431570762052877 
2220006,3.4550501156515034 
2230001,3.4909638554216866 
2240003,3.464827586206897 
2250001,3.452321981424148 
2260011,3.4663093415007658 
2270001,3.463076923076923 
2280001,3.436575875486381 
2290002,3.4516576715497296 
2300004,3.4342370255615804 
2310007,3.440961986035686 
2320006,3.4104933437744713 
2330005,3.4439969016266465 
2340007,3.464988558352403 
2350004,3.3827990617670056 
2360009,3.4593155893536123 
2370005,3.431750972762646 
2380001,3.4395672333848526 
2390000,3.4544196771714066 
2400000,3.4726858877086495 
2410003,3.4318818040435457 
2420006,3.4751524390243897 
