10000,0.08490617204432993 
20000,0.08483561321719217 
30000,0.10304476079476078 
40000,0.10325375727213963 
50000,0.10983783321941218 
60000,0.11311111519199754 
70000,0.11058977542065777 
80000,0.1109632200874461 
90000,0.13395180513930516 
100000,0.11494151700982197 
110000,0.1077493152272564 
120000,0.1242204392829393 
130000,0.13086933613771848 
140000,0.1117493074735722 
150000,0.1295674186924187 
160000,0.1159052765045412 
170000,0.10727696097761888 
180000,0.10473600234474847 
190000,0.10929115919769945 
200000,0.12371507495772201 
210000,0.11277560348148583 
220000,0.12465455622808562 
230000,0.1405838299772123 
240000,0.1346074632067279 
250000,0.11336752544840781 
260048,0.12076314492907997 
270048,0.12956180521834548 
280048,0.1438185677626467 
290048,0.12108356431150549 
300048,0.11613607123011148 
310048,0.12348301126977597 
320025,0.1361414380038606 
330025,0.11533895679483913 
340025,0.13440719387681463 
350025,0.12107803735222465 
360025,0.1138208907105966 
370025,0.10949850353894472 
380025,0.13392799194269783 
390013,0.13381945758919442 
400013,0.10996442446442446 
410013,0.1209965891951186 
420045,0.1310127695443762 
430045,0.14840966386554622 
440045,0.1365561488949647 
450045,0.13602773615273614 
460045,0.1388766274575098 
470045,0.11514096728434964 
480045,0.14414287101787104 
490045,0.1416958500950374 
500045,0.12344540059613589 
510045,0.13056623755501462 
520045,0.136279905036484 
530045,0.13496654813624626 
540039,0.11960782395708865 
550039,0.13322499640881996 
560033,0.13489396385777966 
570033,0.1317654033058445 
580014,0.1311746447996448 
590011,0.148627949149234 
600011,0.12633912604423442 
610011,0.11967844859388975 
620011,0.13696359318785792 
630011,0.1257684249874652 
640011,0.14011356127532598 
650011,0.1353330241954468 
660011,0.14931405155302213 
670011,0.12690179183561537 
680011,0.13425616866793338 
690011,0.14990349386595517 
700011,0.14967527508181533 
710035,0.13485102615399275 
720021,0.1350449799383623 
730021,0.13821638288182406 
740021,0.11961713469279259 
750021,0.13539048859637096 
760021,0.13844408878445255 
770021,0.15362726162726162 
780021,0.1263481522562405 
790021,0.12570182431947138 
800021,0.13851715847362134 
810021,0.14077420047272987 
820021,0.1272314788754417 
830041,0.13289939054864428 
840026,0.15377383828331972 
850026,0.15956976397785222 
860026,0.14419437792599557 
870026,0.1461503529150588 
880026,0.12811596287699228 
890016,0.12336097562568153 
900016,0.10800058683146918 
910014,0.146419365764954 
920014,0.14654582835465188 
930014,0.16396327202209554 
940014,0.14405816150224043 
950014,0.15229925752352222 
960043,0.1487946374630999 
970024,0.14030316026852405 
980012,0.15707615627836216 
990039,0.12413912787047116 
1000039,0.14004266281104516 
1010019,0.15459729975906447 
1020019,0.14107508463758464 
1030019,0.13726162440500678 
1040019,0.14413142127480363 
1050011,0.1544841637121049 
1060011,0.1313438167224932 
1070011,0.1290981351165175 
1080037,0.1315945667021172 
1090037,0.14823640942390942 
1100013,0.1322424907608731 
1110013,0.12536769918677815 
1120013,0.1507866381984029 
1130013,0.1643110957669781 
1140013,0.14600557693940044 
1150007,0.12612609530991883 
1160007,0.15929965173715172 
1170042,0.17307741521964526 
1180042,0.12701582342236364 
1190034,0.1465002032281444 
1200001,0.13846742514021926 
1210001,0.10972916666666667 
1220017,0.1395402819903767 
1230006,0.13393542282880516 
1240006,0.1348212314431355 
1250006,0.1405834308665191 
1260006,0.13877443235299272 
1270006,0.14687780988361482 
1280006,0.15387375818625817 
1290006,0.1418997840394899 
1300006,0.1202910018902666 
1310006,0.12310404097536452 
1320006,0.13777277583527586 
1330006,0.12814470660058896 
1340006,0.12994945740533975 
1350006,0.1336918738940798 
1360002,0.13026189088689089 
1370002,0.13212092439724019 
1380002,0.14358124411278436 
1390002,0.1534030414030414 
1400029,0.14299157475766688 
1410029,0.13865222277722278 
1420029,0.13789542277467973 
1430029,0.15107965134280923 
1440029,0.14826534943814354 
1450026,0.12214608226740581 
1460011,0.16185198339242457 
1470035,0.17249174304705472 
1480035,0.12247376234876235 
1490035,0.13065288102420458 
1500035,0.13474857933604065 
1510028,0.13955856969827557 
1520022,0.13122665528915528 
1530022,0.14212516832582622 
1540022,0.1293478825096472 
1550049,0.14026953479323978 
1560025,0.15346443833943835 
1570025,0.16230156159200276 
1580025,0.13636355841870546 
1590023,0.1505960589548051 
1600023,0.1346074977653925 
1610023,0.13731273301861535 
1620023,0.14158810348148582 
1630023,0.14152652821035175 
1640023,0.1365432357675005 
1650023,0.16162180425783368 
1660023,0.1413993223838425 
1670023,0.1505757955280014 
1680043,0.1580857250413879 
1690043,0.15434293484293485 
1700043,0.1532716954098533 
1710025,0.17090213972044466 
1720025,0.14937479329236297 
1730025,0.14002612428850822 
1740025,0.14334910636748874 
1750040,0.1304300218040341 
1760040,0.13670850881145 
1770040,0.13507001250383602 
1780038,0.17515570429310548 
1790038,0.14546493985890271 
1800045,0.14272116772116772 
1810042,0.14405042996219466 
1820025,0.15519004810548928 
1830007,0.12533611220221128 
1840007,0.13282393483709273 
1850007,0.1508360946543996 
1860007,0.14738274378270508 
1870007,0.1556313184364655 
1880040,0.14906538929804952 
1890040,0.15484884886355477 
1900040,0.17205647375500316 
1910039,0.17034168160271101 
1920016,0.1461762861321685 
1930016,0.14504453226512048 
1940016,0.13891106238532708 
1950011,0.15869377273053745 
1960011,0.15788145881895882 
1970040,0.1532709774698361 
1980040,0.14045550609521196 
1990040,0.13639579864579865 
2000040,0.14146534204099992 
2010015,0.15092657677719598 
2020015,0.14814853260344749 
2030015,0.15309075769002237 
2040037,0.1410011309374786 
2050037,0.13506722566649038 
2060037,0.139832670382593 
2070037,0.15431849318981672 
2080037,0.16172266948737538 
2090037,0.15762460456210456 
2100037,0.14178451336675021 
2110006,0.1586128842562666 
2120006,0.1458163405222229 
2130006,0.1397746579400991 
2140006,0.16293089957428195 
2150006,0.14279872619210854 
2160006,0.13929596792096793 
2170006,0.13842020805991395 
2180006,0.1254560292648528 
2190048,0.18080323772874946 
2200048,0.16535959128161137 
2210048,0.13923025757352384 
2220048,0.14471749084249083 
2230048,0.14938530913530912 
2240048,0.17352103084823675 
2250048,0.1553272948456772 
2260047,0.1771194810091869 
2270023,0.16015028027528025 
2280013,0.1519293039476863 
2290019,0.16914110524214032 
2300031,0.14348688900927709 
2310028,0.18577147770530125 
2320028,0.15930554208863032 
2330028,0.15360301145363064 
2340020,0.14707875172213408 
2350030,0.17478744619126302 
2360005,0.181750133853075 
2370041,0.15621328643716703 
2380015,0.16508276057018317 
2390006,0.16897235036205627 
2400006,0.14975376420964656 
2410006,0.15605725728519845 
2420034,0.1619259035038112 
2430014,0.16347986041736043 
2440045,0.18969481623702777 
2450017,0.16111509139295518 
2460010,0.16580542322744335 
2470010,0.15957835321283462 
2480023,0.1873698954419577 
2490023,0.15547265153147508 
2500021,0.1531808787617611 
2510021,0.14710767418855653 
2520039,0.16558171204791047 
2530047,0.16312506592357337 
2540044,0.16924562446950506 
2550040,0.14883520646020645 
2560010,0.15194693541752366 
2570035,0.15939142231942932 
2580035,0.13451341550606255 
2590005,0.15798439469027703 
2600005,0.1503890155896735 
2610034,0.16510918722288345 
2620034,0.14268798276886513 
2630034,0.16321214039228743 
2640034,0.1513258477633478 
2650006,0.1584837978498969 
2660038,0.14641273799526652 
2670038,0.1625545557383793 
2680024,0.18321806230059082 
2690012,0.1487847915972916 
2700009,0.16535410523858665 
2710031,0.155857856658998 
2720031,0.16642677970464348 
2730031,0.15901271816848442 
2740031,0.161050675631558 
2750002,0.18718340175905965 
2760022,0.18299600176823963 
2770022,0.17087889316565785 
2780022,0.15029746968717558 
2790014,0.16601395948822423 
2800014,0.14674745576061365 
2810045,0.15012291689778867 
2820027,0.18957424519924518 
2830008,0.1710628484003097 
2840024,0.17430114718306114 
2850024,0.1630332020920256 
2860010,0.14260956527132998 
2870010,0.1673397578728461 
2880045,0.1667938458521149 
2890045,0.14021517289899643 
2900045,0.17078280053280054 
2910037,0.17427035279821657 
2920013,0.18629256160506158 
2930013,0.16712618957839545 
2940013,0.17340642690642688 
2950031,0.185264537514318 
2960031,0.1974342404671352 
2970031,0.1666740445012504 
2980031,0.17293169657140248 
2990031,0.17594002321208202 
3000031,0.15853440268881447 
3010031,0.17694109770948002 
3020048,0.18718432617686348 
3030048,0.17431248436376146 
3040048,0.17937712970723804 
3050031,0.17326791079577458 
3060031,0.16661264266778972 
3070043,0.1692475918222187 
3080043,0.16258792106586223 
3090010,0.17222222505736437 
3100010,0.17693479151567387 
3110035,0.17887841231841048 
3120030,0.1789760419319243 
3130036,0.19240679978169004 
3140032,0.17541002797807012 
3150032,0.17214097340567927 
3160032,0.19223560546780363 
3170032,0.17473524392274392 
3180015,0.20421304594098713 
3190015,0.19033834833467186 
3200015,0.19501099105143221 
3210012,0.18477609623778357 
3220012,0.1702110381448617 
3230029,0.2058793948060849 
3240029,0.17362531912531914 
3250015,0.14495631819161234 
3260015,0.16266072040704393 
3270003,0.20399545838148783 
3280009,0.16812709226587974 
3290037,0.17731947634332 
3300004,0.19861117507363638 
3310004,0.1720991271800095 
3320045,0.16351949110948233 
3330045,0.1805264277131537 
3340048,0.18489171950541572 
3350014,0.19319835189320483 
3360024,0.19337466016570493 
3370002,0.1720145874292546 
3380028,0.17298095768245023 
3390004,0.19315290213742223 
3400002,0.20161509831176205 
3410024,0.1997477183824857 
3420027,0.1876946821217351 
3430046,0.17520129915351948 
3440027,0.18877974027606378 
3450027,0.185055722850421 
3460027,0.1846796009288269 
3470047,0.19749990481992233 
3480047,0.1927270561181165 
3490030,0.17406881639602226 
3500030,0.18459887171651876 
3510046,0.18654971523196187 
3520019,0.17232966869731578 
3530019,0.17144964428846005 
3540006,0.20369035453539405 
3550003,0.18483563903416844 
3560037,0.17724354327805114 
3570012,0.18818435159611627 
3580038,0.19711077359649687 
3590026,0.18688944408274902 
3600004,0.1755321455505279 
3610038,0.18080963601156752 
3620027,0.19449839026212865 
3630036,0.19369780584719826 
3640010,0.19746659742905873 
3650012,0.20220928715221956 
3660012,0.1675579227703841 
3670006,0.18799525627021757 
3680005,0.19280611594044428 
3690005,0.18311940836940835 
3700026,0.16840746215775096 
3710036,0.19429985283573384 
3720036,0.1843846692523163 
3730046,0.17345984300549708 
3740040,0.2075836743665691 
3750040,0.18953503481812306 
3760032,0.17069973776223776 
3770032,0.18260706164750282 
3780004,0.20215818536039123 
3790018,0.1983735234203096 
3800006,0.1996540367312426 
3810002,0.19208109455903571 
3820002,0.19616890176816645 
3830025,0.2029491920624493 
3840018,0.24064055848054097 
3850004,0.20901066993033632 
3860001,0.1978503755016913 
3870017,0.2043342684694748 
3880017,0.20095558852911793 
3890001,0.1861746598989246 
3900001,0.185024886877828 
3910001,0.17091083445708058 
3920027,0.17743260300327907 
3930022,0.1795307262961253 
3940045,0.19279835462659728 
3950007,0.20613845028902097 
3960001,0.20796928866159162 
3970021,0.18728173186030958 
3980006,0.19941694920946523 
3990047,0.19093441758059843 
4000015,0.21072448099286334 
4010015,0.2244371502680326 
4020041,0.20969421778822914 
4030024,0.2071205338712617 
4040000,0.20291507797757796 
4050013,0.22387755035911314 
4060044,0.22771009567020048 
4070043,0.21305213087566027 
4080026,0.2058368524786435 
4090026,0.2095350164541341 
4100035,0.23120412975193347 
4110039,0.20723255177820585 
4120003,0.2033262760416398 
4130027,0.21519722310986575 
4140041,0.20960454732403808 
4150028,0.22192769226351314 
4160006,0.1971681784203069 
4170019,0.22392837336416255 
4180049,0.2334009051357624 
4190023,0.23705833818728422 
4200002,0.21984208845490671 
4210039,0.2075134369581253 
4220046,0.2188735025732696 
4230033,0.24158414306201148 
4240017,0.21383665779546282 
4250017,0.21087851405130814 
4260000,0.24544931865520103 
4270000,0.19386522505272505 
4280033,0.23897963713880263 
4290040,0.23037850761731357 
4300026,0.21774795902377805 
4310016,0.2365847496999215 
4320032,0.20026937686646112 
4330044,0.20284688038199888 
4340004,0.21640765177375085 
4350044,0.18487421960863576 
4360049,0.2077754651942536 
4370032,0.19740823869113341 
4380027,0.22545676813675058 
4390040,0.20913602826464986 
4400007,0.19773463892497212 
4410040,0.18250434325404435 
4420007,0.17720320181194793 
4430005,0.22113986697531818 
4440005,0.18747718702865762 
4450043,0.23837943221736868 
4460048,0.22722472202856658 
4470048,0.20640086996336998 
4480033,0.20441320199408433 
4490029,0.2031169524919525 
4500046,0.21602268207843273 
4510028,0.2114892191142191 
4520041,0.2425992015769521 
4530022,0.23821965248803487 
4540047,0.21066935685368288 
4550027,0.2261183163729257 
4560046,0.18618101689875172 
4570014,0.22313515949554025 
4580049,0.2216275749418857 
4590022,0.21165118530849952 
4600036,0.20575917885906234 
4610009,0.18667562398905682 
4620026,0.20250541578075062 
4630040,0.21164203582529903 
4640011,0.242458044664314 
4650047,0.24547193730362046 
4660044,0.2341105105979332 
4670031,0.22513769479309426 
4680002,0.22917174225842957 
4690025,0.23336406019686226 
4700013,0.24839032094299876 
4710000,0.22663549695225682 
4720011,0.19176170746627288 
4730038,0.2258730919148799 
4740030,0.23301258131630875 
4750005,0.22469105475278078 
4760031,0.25077013920297503 
4770007,0.22300732364962297 
4780030,0.22104888535071998 
4790024,0.19974866682793765 
4800009,0.1769432688798707 
4810003,0.24999042270771857 
4820022,0.19505908654860313 
4830006,0.21979898414270668 
4840025,0.21045654220588375 
4850041,0.19835009872612105 
4860016,0.17432125478657526 
4870027,0.2331167679672832 
4880001,0.2266229973648762 
4890024,0.24502879667410823 
4900006,0.2228395498917887 
4910036,0.24015818444622566 
4920017,0.2482192788001207 
4930027,0.2445588696576405 
4940033,0.2506234179250676 
4950048,0.2248117514123013 
4960020,0.24278710831652006 
4970040,0.24320473579355353 
4980037,0.2514047340765145 
4990018,0.22811670899906197 
5000025,0.24618643891898362 
5010041,0.24599414286425753 
5020040,0.253937701462454 
5030040,0.22329770352196823 
5040044,0.22037228452943997 
5050044,0.20220435711089735 
5060024,0.25445707843927656 
5070029,0.23526384396665345 
5080039,0.23414550728964642 
5090049,0.22740185707701074 
5100004,0.25224749085623693 
5110011,0.2173432568001904 
5120025,0.234084023751784 
5130000,0.26383555402115927 
5140013,0.23282950465786287 
5150036,0.24033033431628692 
5160035,0.22071131523301007 
5170044,0.21645151899516155 
5180020,0.2349108690035634 
5190008,0.2364832874409604 
5200012,0.25697000372306134 
5210012,0.21408637940741357 
5220044,0.2557792440181602 
5230025,0.2482920353835812 
5240020,0.20767496025216617 
5250045,0.24903990881591268 
5260017,0.24130904746651302 
5270040,0.2601755634516264 
5280017,0.22967572415553097 
5290035,0.23865012768229227 
5300033,0.23120101982042277 
5310011,0.2674196241537535 
5320005,0.2377518651584054 
5330034,0.22938092918094902 
5340014,0.22627356393587159 
5350040,0.26256293246993934 
5360044,0.25296121889105116 
5370039,0.24681016618740773 
5380015,0.2218887095076966 
5390012,0.25287108652479934 
5400034,0.22036862865342774 
5410002,0.23651123182373182 
5420041,0.24920216749926616 
5430040,0.2187561445711485 
5440048,0.2520316065536943 
5450034,0.2300142813970733 
5460002,0.2283665380241324 
5470030,0.23157064332806904 
5480042,0.25169707905660493 
5490009,0.22855148501548853 
5500015,0.25787814097628947 
5510043,0.25774880119590904 
5520014,0.2519329859650316 
5530010,0.24608479236211322 
5540015,0.23360906541905574 
5550021,0.2522334084104154 
5560030,0.26969584644308 
5570007,0.23252289852377647 
5580010,0.280402236427836 
5590047,0.252692760650599 
5600041,0.27383348324881135 
5610047,0.2688583154874192 
5620016,0.252652437887062 
5630037,0.2435742673330035 
5640004,0.25199533881151526 
5650037,0.234690245233995 
5660013,0.2848061893831498 
5670017,0.2578659875949754 
5680029,0.26312650576628444 
5690038,0.2778464966729381 
5700024,0.2846752210208093 
5710041,0.2642916161108847 
5720016,0.2318969538899302 
5730046,0.2258436828614164 
5740034,0.27480910704192596 
5750034,0.2540734417600089 
5760047,0.2553121108814178 
5770011,0.2588501741486816 
5780026,0.24254012060869948 
5790005,0.22205114090539904 
5800004,0.2762190497045633 
5810022,0.261780931031728 
5820033,0.23443247365661157 
5830049,0.22082045427373742 
5840022,0.25005966053942175 
5850039,0.24606653902300377 
5860011,0.26061337643115284 
5870029,0.19866673601749313 
5880043,0.2619919248142951 
5890014,0.24572200018031945 
5900017,0.2393170619904597 
5910049,0.2282207713337591 
5920033,0.23393536258647818 
5930047,0.26874630488800294 
5940001,0.2258019707407409 
5950026,0.28364178160613973 
5960002,0.2541230606586875 
5970006,0.24063326789930722 
5980024,0.24930346490403807 
5990041,0.22046695782486644 
6000041,0.1903464741957389 
6010024,0.25184670884670884 
6020023,0.27340286266829655 
6030034,0.24781822813106028 
6040042,0.21908715949844906 
6050033,0.2552564088894138 
6060003,0.2548637072451822 
6070021,0.22445478829368207 
6080003,0.23497417330823825 
6090044,0.27433778286696586 
6100038,0.2146988969311182 
6110003,0.2459803550207962 
6120003,0.19826231529908 
6130014,0.22211766999727353 
6140007,0.2348828781512605 
6150019,0.25907580070938746 
6160015,0.2534935592528818 
6170019,0.24971709051234026 
6180049,0.2424718110859809 
6190031,0.25788647096367684 
6200009,0.23457344203612862 
6210040,0.2514008706126933 
6220020,0.24855971395468185 
6230006,0.24222971084213346 
6240009,0.2325537678297748 
6250016,0.2533612782739166 
6260020,0.24102068444231464 
6270009,0.245745969472923 
6280010,0.27041065777987955 
6290004,0.26679971884260495 
6300034,0.30701130142596383 
6310017,0.28256852335018084 
6320018,0.26834117119584244 
6330003,0.24576633979619053 
6340011,0.2552023009687081 
6350003,0.26435603840189087 
6360009,0.24253919310551136 
6370016,0.23789173115760187 
6380012,0.26005799117828976 
6390031,0.25280552820957597 
6400022,0.22852370900000402 
6410012,0.26336026825350267 
6420024,0.2403706176342607 
6430040,0.26339990646355604 
6440036,0.27360278791936293 
6450004,0.2735811602470953 
6460047,0.2949566781983778 
6470011,0.2866650627570837 
6480026,0.2719322975553054 
6490009,0.2745951982671475 
6500045,0.287128730601637 
6510004,0.2529867670813878 
6520003,0.2314731288611886 
6530031,0.2555132245708005 
6540015,0.2788902374710836 
6550021,0.2716286503152748 
6560042,0.2639590825719008 
6570005,0.28000880426831165 
6580022,0.2756712074834968 
6590010,0.23384663075908518 
6600041,0.2640826800844273 
6610011,0.2952835686551612 
6620005,0.2712966490209137 
6630029,0.27559785373500695 
6640042,0.2852858646070759 
6650005,0.2427821969631046 
6660026,0.2126594774054005 
6670029,0.24770253531844375 
6680028,0.2697243707385695 
6690010,0.25098006856383526 
6700035,0.29047577417523696 
6710019,0.2923671194646427 
6720010,0.25660464276873707 
6730010,0.2926751090614731 
6740039,0.2740899422494998 
6750022,0.2593708032747356 
6760039,0.2867205593248006 
6770030,0.2724220022196143 
6780016,0.2734241049764824 
6790042,0.2915302950805627 
6800006,0.28732069067479094 
6810012,0.28498874200932117 
6820039,0.27175873372728354 
6830012,0.2893927793291356 
6840005,0.29763500752143734 
6850046,0.27353444539670513 
6860009,0.2971713662560897 
6870002,0.2848448439523608 
6880040,0.2888289521644102 
6890035,0.24319643344006822 
6900019,0.2929870875285248 
6910012,0.2869562861901473 
6920019,0.30204918964747157 
6930045,0.29452461637335586 
6940013,0.2894659762762448 
6950006,0.30079904338300073 
6960015,0.249583896827406 
6970037,0.2733447692277322 
6980001,0.2886416916416916 
6990012,0.23963065371025244 
7000011,0.25342882765310104 
7010029,0.2361361040026536 
7020002,0.2676113517477356 
7030009,0.2522234969176161 
7040019,0.3066127378872097 
7050029,0.2769135823286794 
7060004,0.28812807882877084 
7070002,0.26721610186228706 
7080032,0.2522140972049779 
7090008,0.2909732949700917 
7100040,0.2623173142383132 
7110034,0.294783432367154 
7120030,0.2876461793330725 
7130046,0.23858818825100284 
7140011,0.2785219934489621 
7150027,0.2584660017391526 
7160012,0.28975167872283886 
7170036,0.2667018141554508 
7180039,0.27294536423158017 
7190002,0.2851015677434021 
7200013,0.2935587059355532 
7210009,0.28261415144423296 
7220004,0.2801369978381224 
7230048,0.28884235351563664 
7240030,0.297142746063119 
7250033,0.27735528379667485 
7260049,0.2938004568437776 
7270046,0.3060436052867904 
7280044,0.26939667463837524 
7290017,0.32243283997176725 
7300030,0.3163496678530167 
7310036,0.28943102640943846 
7320031,0.2791664478012152 
7330019,0.31413627664714305 
7340028,0.31398457175694927 
7350008,0.3011317371363658 
7360030,0.2860978391284847 
7370017,0.28345764010298335 
7380018,0.30228280914657096 
7390025,0.2845658105216162 
7400031,0.30074898001727274 
7410013,0.2971705081891068 
7420031,0.2620097327361812 
7430045,0.29934393811068244 
7440035,0.27276998153863824 
7450016,0.24261924626279324 
7460049,0.31155768809372436 
7470031,0.272073753108989 
7480008,0.2988013348591009 
7490025,0.3106068569555507 
7500028,0.3039226734822214 
7510009,0.31270414914446054 
7520014,0.3014140963643559 
7530022,0.31765225675260284 
7540038,0.2872070723714322 
7550016,0.2960194768753914 
7560023,0.27065214375319 
7570019,0.30245882377507305 
7580033,0.3272029995162166 
7590038,0.2927303735544854 
7600017,0.28156337813807236 
7610047,0.2821550724622298 
7620003,0.302463994896585 
7630037,0.30560392249242924 
7640012,0.28909885793397816 
7650030,0.3464873153963935 
7660041,0.3056495153364482 
7670040,0.2990570494680213 
7680011,0.2963811575889328 
7690010,0.32880732261138834 
7700029,0.3174438496429359 
7710013,0.3059343176390581 
7720030,0.3295015994194195 
7730037,0.3116867341456442 
7740024,0.3257748193939012 
7750012,0.28220912759121997 
7760018,0.28553284654090677 
7770020,0.338412691935502 
7780032,0.29454347258714575 
7790003,0.3124145124894213 
7800020,0.31791784096662146 
7810001,0.33035388707460744 
7820017,0.311973891510292 
7830004,0.3446636343134494 
7840028,0.30988211013138167 
7850026,0.3070208159177609 
7860033,0.3042873585708233 
7870047,0.31874842786821656 
7880037,0.2913094442571024 
7890020,0.3077827017285832 
7900023,0.28141396767862775 
7910022,0.31485705051909835 
7920028,0.27998620877496566 
7930027,0.2836502967877932 
7940026,0.28531072625175785 
7950046,0.3000282188271177 
7960006,0.3187465392876868 
7970039,0.3045056717114016 
7980019,0.3120891990748554 
7990013,0.29471056407451657 
8000000,0.33005169090809233 
8010038,0.32710097333961335 
8020026,0.3600265911644372 
8030018,0.34611548468982584 
8040030,0.34123989235955327 
8050040,0.31262087345810186 
8060049,0.3142486248367076 
8070032,0.31692740111125095 
8080006,0.2842973604196514 
8090048,0.32302171858036 
8100029,0.3103690232213437 
8110039,0.32587569941592437 
8120033,0.31171453831914564 
8130029,0.30500784298362155 
8140008,0.3222732771269427 
8150003,0.312779347203961 
8160029,0.31319214554508673 
8170032,0.3399705591841142 
8180044,0.28811147798173825 
8190046,0.31706077053440135 
8200032,0.3327079795023869 
8210008,0.3210180375382524 
8220045,0.290582996574395 
8230019,0.33301866835148575 
8240018,0.30053621471030667 
8250031,0.33440523654680915 
8260049,0.3470514794977883 
8270035,0.357230554396982 
8280018,0.3472313813064587 
8290013,0.3532587611392701 
8300011,0.3527833952020687 
8310024,0.32676138617170203 
8320009,0.31826184756548076 
8330041,0.3379068289434143 
8340017,0.3157585635319903 
8350029,0.3309664991221285 
8360047,0.3206336083498713 
8370004,0.33468561835548727 
8380031,0.3445843156273195 
8390018,0.29391701779472673 
8400012,0.3132180005048691 
8410022,0.3551066532467917 
8420037,0.3716116388168142 
8430010,0.3325927924760104 
8440021,0.32633433224136327 
8450031,0.2996837449043332 
8460023,0.33930454477599803 
8470002,0.31595592188152744 
8480031,0.3434141592019504 
8490024,0.3520720757549648 
8500010,0.3427689212240897 
8510030,0.37041900551226237 
8520010,0.332545096649704 
8530043,0.3139274295342179 
8540039,0.3726029178163673 
8550040,0.37370101440605247 
8560025,0.33352430376273895 
8570024,0.34918360394992615 
8580028,0.31687713337287643 
8590015,0.33276667332920906 
8600019,0.3178659027449802 
8610017,0.3243172092658753 
8620011,0.3265486385560629 
8630046,0.3482183529326789 
8640016,0.3331915893242511 
8650035,0.32083597798546404 
8660029,0.30977280817729136 
8670016,0.3199129688261682 
8680021,0.3533030173238207 
8690021,0.34152864948712697 
8700018,0.3017124998443777 
8710013,0.3194051970982403 
8720039,0.3295956384085114 
8730005,0.3604448959985292 
8740041,0.33175739094318724 
8750012,0.30565397374733677 
8760008,0.35752952192486737 
8770041,0.3234598802948556 
8780009,0.3115563705233164 
8790000,0.3505454888574309 
8800005,0.34995307527322717 
8810047,0.31208760701152904 
8820004,0.32745276622699643 
8830048,0.29555739876435105 
8840019,0.3510840431064588 
8850035,0.3368569884602883 
8860020,0.33344574313306463 
8870018,0.34949002826287234 
8880019,0.3611115833650271 
8890012,0.3412398984189769 
8900040,0.31418869695568713 
8910013,0.3303163837597123 
8920006,0.33311228371782003 
8930037,0.34154279021170963 
8940040,0.32511713728875347 
8950022,0.30007187641270683 
8960025,0.3066076232911542 
8970020,0.29908981965822856 
8980014,0.33093547252499156 
8990049,0.3456067426117641 
9000007,0.3085051105408281 
9010035,0.358832282715064 
9020041,0.31772263511359305 
9030045,0.3421665974491052 
9040031,0.32660673762878706 
9050044,0.3647278461556169 
9060031,0.32693589838178705 
9070045,0.3373919159398886 
9080045,0.3330474317680876 
9090014,0.338385587737225 
9100021,0.33194755817342775 
9110006,0.36935650830916256 
9120032,0.31626114320877596 
9130023,0.3712441542532911 
9140027,0.3548360024571098 
9150027,0.3666279254514549 
9160042,0.3981544948421363 
9170027,0.36396982880176154 
9180001,0.34181101936482133 
9190047,0.39409034524004083 
9200046,0.3556900354647507 
9210021,0.3592626968059494 
9220012,0.3876584074547875 
9230019,0.3767463673196756 
9240009,0.3734547428735745 
9250006,0.3452101394769494 
9260016,0.3869005189657364 
9270040,0.3657433911483358 
9280049,0.3825755651911114 
9290036,0.383866868425692 
9300021,0.350301380990987 
9310028,0.36561151885444076 
9320045,0.3548068701873671 
9330025,0.3708204657693066 
9340031,0.38239116247035665 
9350026,0.34616000026404603 
9360020,0.3805710758110139 
9370016,0.3981567423517888 
9380001,0.36467303042474375 
9390009,0.3825151139098656 
9400015,0.4147189864893215 
9410015,0.4118981880771265 
9420019,0.38287186591061023 
9430028,0.35798214955403007 
9440029,0.3807189493594845 
9450047,0.3671973939280669 
9460022,0.39068478946527724 
9470000,0.35604592974864885 
9480004,0.3503359359309673 
9490023,0.3405187752161324 
9500041,0.3658435689513795 
9510029,0.34295608003883726 
9520017,0.35555582657327656 
9530022,0.3732193891560333 
9540035,0.37321527528043147 
9550046,0.38213786198090494 
9560044,0.3725771670267673 
9570000,0.39168908819333964 
9580002,0.3612639444480877 
9590045,0.34191878855991586 
9600004,0.3772046384467125 
9610043,0.3844677834014327 
9620022,0.3542699663305558 
9630019,0.37166853622522855 
