10000,-207.44079205677218 
20000,-191.3667401737422 
30000,-175.33150801725168 
40000,-161.81264791056557 
50000,-151.5958722297083 
60000,-145.63772621575998 
70000,-131.15841255690302 
80000,-113.86918804351379 
90000,-97.07122668579107 
100000,-63.103924686470435 
110000,1.8850178572019296 
120000,86.52750847282321 
130000,200.34242285116238 
140000,285.26830819799846 
150000,362.7937577928949 
160000,427.7949188234423 
170000,465.5312835280289 
180000,494.7044006490464 
190000,512.5838892415471 
200000,511.79044547965253 
210000,526.0755282537974 
220000,533.3580372561554 
230000,523.2830973957612 
240000,530.8529459775932 
250000,532.8488667989836 
260000,529.5421660712897 
270000,537.312968769749 
280000,531.2798691020423 
290000,534.1699009826832 
300000,522.8579397605259 
310000,530.5339465098135 
320000,528.7671132379322 
330000,530.8040202995504 
340000,526.718146309306 
350000,526.0904880280514 
360000,526.4470056728219 
370000,526.2512890627767 
380000,526.7217850797647 
390000,522.1499689491228 
400000,525.7485994154918 
410000,531.0125978446381 
420000,524.1239343619662 
430000,524.2533411566969 
440000,526.0154280983318 
450000,529.2910266671622 
460000,533.2195516384322 
470000,531.1952963355997 
480000,529.3125059777132 
490000,525.2249644324609 
500000,526.44414734031 
510000,529.5289339356755 
520000,520.5082943831746 
530000,531.4875559347928 
540000,530.78805746973 
550000,534.1670101433612 
560000,529.3199214068418 
570000,532.9699598114521 
580000,525.3834327936595 
590000,534.8634083328413 
600000,521.8116995265185 
610000,525.7263030442077 
620000,532.8600266711961 
630000,533.3365935733071 
640000,528.2682882233162 
650000,527.8566426865843 
660000,529.3189568416409 
670000,524.2919413862726 
680000,531.0544547316223 
690000,529.6489774560166 
700000,528.9098803940965 
710000,523.8472825978657 
720000,529.3597016307094 
730000,525.9143676503463 
740000,529.318137049187 
750000,526.8215218557957 
760000,531.0043673599397 
770000,528.2088385818669 
780000,527.5405766117339 
790000,531.2173327452922 
800000,526.6632695571681 
810000,524.5271813513152 
820000,526.2197918666625 
830000,530.8880029629373 
840000,523.9381556335157 
850000,529.4296323147365 
860000,524.2231564211396 
870000,526.8136727709674 
880000,520.8450071717139 
890000,531.4804552501377 
900000,530.0091087415564 
910000,538.0890868953774 
920000,531.8879844993172 
930000,527.7523913709545 
940000,533.0404450993645 
950000,533.0025991312224 
960000,522.2429274577942 
970000,534.4741514453242 
980000,522.8230837676585 
990000,533.9532771856256 
1000000,532.3281900616792 
1010000,533.4684406955644 
1020000,533.8997225870042 
1030000,528.0184087781 
1040000,533.2905809707735 
1050000,530.4782033285744 
1060000,525.3027097458963 
1070000,533.0073038091729 
1080000,529.5314613292314 
1090000,533.6928774059368 
1100000,534.3644179818929 
1110000,532.9666304330976 
1120000,532.091022638374 
1130000,531.9556850645155 
1140000,534.7348158529408 
1150000,531.9909515734299 
1160000,528.1622580585441 
1170000,532.3000478554969 
1180000,532.1932366716032 
1190000,532.0776870829316 
1200000,531.2022320364248 
1210000,534.7045069278439 
1220000,532.0695558627084 
1230000,529.9837658655377 
1240000,529.1623345337599 
1250000,528.3377573287238 
1260000,534.090902644492 
1270000,525.0359991164089 
1280000,537.2481055400505 
1290000,530.6551447632629 
1300000,529.8569600593921 
1310000,533.0722177923974 
1320000,526.3247739971146 
1330000,526.9487450155375 
1340000,531.7277019573772 
1350000,526.6861896574469 
1360000,520.1127034370645 
1370000,522.8109313001019 
1380000,525.5267667973787 
1390000,527.3827992550235 
1400000,526.577985282184 
1410000,528.491235851901 
1420000,524.5204238555542 
1430000,525.6365724703563 
1440000,525.9222829455153 
1450000,534.8502653428998 
1460000,525.8468081662926 
1470000,531.4552677373982 
1480000,531.3530874998364 
1490000,522.3241149062989 
1500000,527.6838911744319 
1510000,528.7485612392013 
1520000,521.1753600951056 
1530000,530.8212641056991 
1540000,530.9156348512846 
1550000,529.1057702686537 
1560000,534.7897449870019 
1570000,529.9292933941589 
1580000,530.4021542772507 
1590000,525.0163070243913 
1600000,528.1973083611442 
1610000,529.588308117419 
1620000,520.4467418715593 
1630000,524.8208096133766 
1640000,527.915652322813 
1650000,524.0089930549703 
1660000,529.3450354179483 
1670000,531.0267502046389 
1680000,530.1513331380444 
1690000,526.2120870473707 
1700000,530.2875699969253 
1710000,530.8794925430103 
1720000,528.4981469131563 
1730000,532.1319676238725 
1740000,533.0570660229737 
1750000,527.672571558497 
1760000,519.9607378869382 
1770000,528.2310923139506 
1780000,526.6708888227962 
1790000,531.3752880745647 
1800000,524.1231293720051 
1810000,529.444152332952 
1820000,529.8199530733152 
1830000,528.1894105316267 
1840000,523.8433908140337 
1850000,520.4197035786387 
1860000,528.0712043054456 
1870000,528.1427821394238 
1880000,526.7890853023986 
1890000,530.7071064595807 
1900000,527.259373266547 
1910000,529.6827407851403 
1920000,530.9665229663088 
1930000,532.731322989837 
1940000,525.5815882655568 
1950000,526.8957985880211 
1960000,530.4416623639826 
1970000,532.7727952656578 
1980000,528.2997967488253 
1990000,532.759393071495 
2000000,533.7256109877949 
2010000,525.6846101443493 
2020000,527.435712432763 
2030000,529.216568330989 
2040000,528.4704078735363 
2050000,525.5950855147759 
2060000,528.1518051943075 
2070000,527.4438469999237 
2080000,529.3907253721713 
2090000,532.3338503957508 
2100000,533.1599674330574 
2110000,530.9107006818311 
2120000,529.1314223829861 
2130000,527.1483389282424 
2140000,533.3553880310661 
2150000,525.4649533654684 
2160000,528.969846615941 
2170000,524.7126916002862 
2180000,533.6161203859738 
2190000,525.9919574211606 
2200000,533.2975436333599 
2210000,527.8683957018923 
2220000,531.5345117955665 
2230000,531.3399882599948 
2240000,531.3981486204816 
2250000,533.3597015826232 
2260000,531.9082667056966 
2270000,524.7468833138508 
2280000,532.55753590505 
2290000,524.472525323324 
2300000,527.8010640008812 
2310000,525.4597946894704 
2320000,531.2679222570374 
2330000,528.7450815805024 
2340000,536.8543614727321 
2350000,527.7241446131343 
2360000,533.7417012527351 
2370000,530.4172801968767 
2380000,533.4169456757195 
2390000,534.3511570209636 
2400000,536.465908791199 
2410000,536.5687765988673 
2420000,526.1429189560345 
2430000,533.1974947112325 
2440000,530.3986235291053 
2450000,527.5143946964603 
2460000,524.6893798379241 
2470000,526.3713368939761 
2480000,539.9522269867199 
2490000,534.5641055311124 
2500000,533.4491063858858 
2510000,526.1577115170986 
2520000,529.1795069794907 
2530000,532.737386519225 
2540000,535.5233352017121 
2550000,527.5268716141925 
2560000,534.2814935757509 
2570000,520.467218962469 
2580000,526.8532596354135 
2590000,530.2458424317804 
2600000,530.7877644728148 
2610000,532.6462729732451 
2620000,529.9134464378017 
2630000,525.0004566774342 
2640000,523.9871879941617 
2650000,533.6811544332002 
2660000,523.734330985971 
2670000,535.4294987317319 
2680000,529.0201072548874 
2690000,526.4985491321936 
2700000,535.9035071000077 
2710000,526.6695531024982 
2720000,521.764994030674 
2730000,535.1479161068836 
2740000,526.2117811870444 
2750000,530.039278315771 
2760000,534.5076152074397 
2770000,535.7076908458108 
2780000,529.6039694789613 
2790000,527.4939533941097 
2800000,530.9870237831886 
2810000,531.1785023137584 
2820000,532.2488952036699 
2830000,527.3243527234148 
2840000,526.5740386333227 
2850000,533.1423176197391 
2860000,524.0351229821248 
2870000,525.4845237614394 
2880000,529.9834764443402 
2890000,531.1042199999423 
2900000,533.3557230108573 
2910000,526.6862524124558 
2920000,531.846312604455 
2930000,523.9140483040143 
2940000,534.9809619900424 
2950000,533.4824667139272 
2960000,533.528654396095 
2970000,532.1158328060875 
2980000,529.370084217611 
2990000,530.2215152269256 
3000000,531.100465489464 
3010000,529.3463353913132 
3020000,533.1769147953412 
3030000,526.8342413395394 
3040000,530.2935366835762 
3050000,533.5231156062292 
3060000,526.0129861455608 
3070000,528.823160988759 
3080000,532.6258040979405 
3090000,536.2082934327256 
3100000,528.8844615850307 
3110000,529.9355153962704 
3120000,523.2688104682165 
3130000,528.406410967767 
3140000,526.4940648432272 
3150000,523.3779505527777 
3160000,534.0936634455575 
3170000,533.9539934769487 
3180000,522.7341460241835 
3190000,536.7419191191125 
3200000,528.9305599064916 
3210000,534.3245969104152 
3220000,526.575973819618 
3230000,526.4580164074927 
3240000,533.0515277723775 
3250000,529.1248793792566 
3260000,527.9456918121408 
3270000,527.4722035619945 
3280000,528.996031276656 
3290000,528.9533917869873 
3300000,533.5582055322141 
3310000,532.2544437165222 
3320000,532.1075052738281 
3330000,524.6310315261168 
3340000,523.8550832897128 
3350000,525.3269032029689 
3360000,526.7185054804881 
3370000,529.4464898981643 
3380000,532.324900581612 
3390000,531.3347523166965 
3400000,527.9072430110851 
3410000,527.9535015596875 
3420000,534.6554786451783 
3430000,529.62419793234 
3440000,526.2978975658292 
3450000,527.6993479166176 
3460000,526.8537600670484 
3470000,530.6807950040372 
3480000,526.231866548648 
3490000,535.6576660047006 
3500000,529.5412035643654 
3510000,528.7811471197268 
3520000,529.9895150154762 
3530000,535.6779114164118 
3540000,528.9143406919277 
3550000,529.3289391529016 
3560000,529.472747098139 
3570000,527.1796098284061 
3580000,527.9611735158064 
3590000,534.5964218513831 
3600000,527.6935513739104 
3610000,535.8476533343696 
3620000,528.2338621523932 
3630000,526.9914821770623 
3640000,531.769617302325 
3650000,524.4430334406829 
3660000,524.9719770202239 
3670000,526.8709643234047 
3680000,530.1644358695632 
3690000,524.038430399786 
3700000,532.4289684041759 
3710000,526.9412934687607 
3720000,533.6917493400327 
3730000,533.8972780689942 
3740000,529.2996658991515 
3750000,525.9965681497243 
3760000,528.5848144972558 
3770000,529.403651573857 
3780000,526.2830294615995 
3790000,530.253490621268 
3800000,523.5339311479121 
3810000,530.1459331859681 
3820000,535.1997821638639 
3830000,534.1354445886103 
3840000,526.6728326580674 
3850000,531.1772106529895 
3860000,525.1301125784395 
3870000,531.2468240518559 
3880000,523.6926258548347 
3890000,525.0443756639763 
3900000,527.7706831993573 
3910000,535.5556360378869 
3920000,524.5227533524609 
3930000,534.4068810343857 
3940000,530.4171242554105 
3950000,531.5932002908826 
3960000,533.6313787681039 
3970000,534.1502416964885 
3980000,530.9413540121435 
3990000,529.3333211747453 
4000000,526.8139193305141 
