10000,0.0024999999441206455 
20000,0.0 
30000,0.0 
40000,0.0 
50000,0.0024999999441206455 
60000,0.0024999999441206455 
70000,0.0 
80000,0.007499999832361937 
90000,0.0024999999441206455 
100000,0.004999999888241291 
110000,0.009999999776482582 
120000,0.009999999776482582 
130000,0.007499999832361937 
140000,0.0024999999441206455 
150000,0.0024999999441206455 
160000,0.004999999888241291 
170000,0.0024999999441206455 
180000,0.0024999999441206455 
190000,0.012500000186264515 
200000,0.0024999999441206455 
210000,0.009999999776482582 
220000,0.009999999776482582 
230000,0.004999999888241291 
240000,0.007499999832361937 
250000,0.004999999888241291 
260000,0.012500000186264515 
270000,0.007499999832361937 
280000,0.004999999888241291 
290000,0.004999999888241291 
300000,0.009999999776482582 
310000,0.012500000186264515 
320000,0.004999999888241291 
330000,0.012500000186264515 
340000,0.007499999832361937 
350000,0.007499999832361937 
360000,0.0024999999441206455 
370000,0.004999999888241291 
380000,0.009999999776482582 
390000,0.007499999832361937 
400000,0.0 
410000,0.004999999888241291 
420000,0.009999999776482582 
430000,0.007499999832361937 
440000,0.004999999888241291 
450000,0.004999999888241291 
460000,0.007499999832361937 
470000,0.009999999776482582 
480000,0.004999999888241291 
490000,0.0 
500000,0.0024999999441206455 
510000,0.017500000074505806 
520000,0.007499999832361937 
530000,0.004999999888241291 
540000,0.012500000186264515 
550000,0.012500000186264515 
560000,0.012500000186264515 
570000,0.017500000074505806 
580000,0.012500000186264515 
590000,0.009999999776482582 
600000,0.007499999832361937 
610000,0.007499999832361937 
620000,0.004999999888241291 
630000,0.0 
640000,0.009999999776482582 
650000,0.009999999776482582 
660000,0.014999999664723873 
670000,0.012500000186264515 
680000,0.009999999776482582 
690000,0.012500000186264515 
700000,0.017500000074505806 
710000,0.007499999832361937 
720000,0.017500000074505806 
730000,0.017500000074505806 
740000,0.009999999776482582 
750000,0.02500000037252903 
760000,0.007499999832361937 
770000,0.007499999832361937 
780000,0.019999999552965164 
790000,0.019999999552965164 
800000,0.02500000037252903 
810000,0.017500000074505806 
820000,0.027499999850988388 
830000,0.02500000037252903 
840000,0.032499998807907104 
850000,0.012500000186264515 
860000,0.019999999552965164 
870000,0.03500000014901161 
880000,0.014999999664723873 
890000,0.032499998807907104 
900000,0.009999999776482582 
910000,0.02250000089406967 
920000,0.02500000037252903 
930000,0.009999999776482582 
940000,0.014999999664723873 
950000,0.03999999910593033 
960000,0.017500000074505806 
970000,0.027499999850988388 
980000,0.019999999552965164 
990000,0.019999999552965164 
1000000,0.02500000037252903 
1010000,0.02500000037252903 
1020000,0.029999999329447746 
1030000,0.019999999552965164 
1040000,0.019999999552965164 
1050000,0.03500000014901161 
1060000,0.009999999776482582 
1070000,0.014999999664723873 
1080000,0.017500000074505806 
1090000,0.012500000186264515 
1100000,0.029999999329447746 
1110000,0.014999999664723873 
1120000,0.019999999552965164 
1130000,0.017500000074505806 
1140000,0.014999999664723873 
1150000,0.029999999329447746 
1160000,0.017500000074505806 
1170000,0.032499998807907104 
1180000,0.012500000186264515 
1190000,0.04500000178813934 
1200000,0.019999999552965164 
1210000,0.007499999832361937 
1220000,0.02250000089406967 
1230000,0.02250000089406967 
1240000,0.032499998807907104 
1250000,0.017500000074505806 
1260000,0.027499999850988388 
1270000,0.019999999552965164 
1280000,0.014999999664723873 
1290000,0.012500000186264515 
1300000,0.027499999850988388 
1310000,0.02250000089406967 
1320000,0.014999999664723873 
1330000,0.014999999664723873 
1340000,0.014999999664723873 
1350000,0.014999999664723873 
1360000,0.02250000089406967 
1370000,0.014999999664723873 
1380000,0.027499999850988388 
1390000,0.02250000089406967 
1400000,0.017500000074505806 
1410000,0.02250000089406967 
1420000,0.009999999776482582 
1430000,0.019999999552965164 
1440000,0.027499999850988388 
1450000,0.019999999552965164 
1460000,0.029999999329447746 
1470000,0.019999999552965164 
1480000,0.017500000074505806 
1490000,0.029999999329447746 
1500000,0.007499999832361937 
1510000,0.019999999552965164 
1520000,0.02500000037252903 
1530000,0.017500000074505806 
1540000,0.017500000074505806 
1550000,0.014999999664723873 
1560000,0.027499999850988388 
1570000,0.019999999552965164 
1580000,0.02500000037252903 
1590000,0.017500000074505806 
1600000,0.019999999552965164 
1610000,0.02250000089406967 
1620000,0.027499999850988388 
1630000,0.02250000089406967 
1640000,0.029999999329447746 
1650000,0.029999999329447746 
1660000,0.032499998807907104 
1670000,0.014999999664723873 
1680000,0.02500000037252903 
1690000,0.012500000186264515 
1700000,0.02500000037252903 
1710000,0.017500000074505806 
1720000,0.029999999329447746 
1730000,0.012500000186264515 
1740000,0.02250000089406967 
1750000,0.029999999329447746 
1760000,0.019999999552965164 
1770000,0.019999999552965164 
1780000,0.032499998807907104 
1790000,0.02250000089406967 
1800000,0.0024999999441206455 
1810000,0.019999999552965164 
1820000,0.027499999850988388 
1830000,0.017500000074505806 
1840000,0.02500000037252903 
1850000,0.014999999664723873 
1860000,0.03750000149011612 
1870000,0.019999999552965164 
1880000,0.017500000074505806 
1890000,0.019999999552965164 
1900000,0.014999999664723873 
1910000,0.027499999850988388 
1920000,0.012500000186264515 
1930000,0.019999999552965164 
1940000,0.014999999664723873 
1950000,0.007499999832361937 
1960000,0.02250000089406967 
1970000,0.02500000037252903 
1980000,0.02250000089406967 
1990000,0.014999999664723873 
2000000,0.012500000186264515 
2010000,0.014999999664723873 
2020000,0.032499998807907104 
2030000,0.019999999552965164 
2040000,0.027499999850988388 
2050000,0.019999999552965164 
2060000,0.029999999329447746 
2070000,0.017500000074505806 
2080000,0.017500000074505806 
2090000,0.027499999850988388 
2100000,0.027499999850988388 
2110000,0.03500000014901161 
2120000,0.019999999552965164 
2130000,0.02500000037252903 
2140000,0.019999999552965164 
2150000,0.02500000037252903 
2160000,0.019999999552965164 
2170000,0.017500000074505806 
2180000,0.017500000074505806 
2190000,0.027499999850988388 
2200000,0.03500000014901161 
2210000,0.02250000089406967 
2220000,0.019999999552965164 
2230000,0.019999999552965164 
2240000,0.014999999664723873 
2250000,0.027499999850988388 
2260000,0.019999999552965164 
2270000,0.017500000074505806 
2280000,0.012500000186264515 
2290000,0.02500000037252903 
2300000,0.02250000089406967 
2310000,0.03750000149011612 
2320000,0.012500000186264515 
2330000,0.03500000014901161 
2340000,0.032499998807907104 
2350000,0.027499999850988388 
2360000,0.027499999850988388 
2370000,0.014999999664723873 
2380000,0.02250000089406967 
2390000,0.019999999552965164 
2400000,0.02250000089406967 
2410000,0.02500000037252903 
2420000,0.019999999552965164 
2430000,0.02250000089406967 
2440000,0.02250000089406967 
2450000,0.027499999850988388 
2460000,0.02250000089406967 
2470000,0.012500000186264515 
2480000,0.02500000037252903 
2490000,0.029999999329447746 
2500000,0.014999999664723873 
2510000,0.03750000149011612 
2520000,0.02250000089406967 
2530000,0.019999999552965164 
2540000,0.019999999552965164 
2550000,0.019999999552965164 
2560000,0.02500000037252903 
2570000,0.012500000186264515 
2580000,0.02500000037252903 
2590000,0.03500000014901161 
2600000,0.04500000178813934 
2610000,0.02250000089406967 
2620000,0.017500000074505806 
2630000,0.02500000037252903 
2640000,0.027499999850988388 
2650000,0.019999999552965164 
2660000,0.014999999664723873 
2670000,0.027499999850988388 
2680000,0.012500000186264515 
2690000,0.02250000089406967 
2700000,0.027499999850988388 
2710000,0.029999999329447746 
2720000,0.03500000014901161 
2730000,0.019999999552965164 
2740000,0.029999999329447746 
2750000,0.032499998807907104 
2760000,0.02250000089406967 
2770000,0.027499999850988388 
2780000,0.03500000014901161 
2790000,0.017500000074505806 
2800000,0.029999999329447746 
2810000,0.012500000186264515 
2820000,0.03500000014901161 
2830000,0.02250000089406967 
2840000,0.027499999850988388 
2850000,0.027499999850988388 
2860000,0.029999999329447746 
2870000,0.029999999329447746 
2880000,0.02500000037252903 
2890000,0.03500000014901161 
2900000,0.029999999329447746 
2910000,0.02500000037252903 
2920000,0.03999999910593033 
2930000,0.02500000037252903 
2940000,0.02250000089406967 
2950000,0.019999999552965164 
2960000,0.027499999850988388 
2970000,0.012500000186264515 
2980000,0.02250000089406967 
2990000,0.027499999850988388 
3000000,0.02250000089406967 
3010000,0.027499999850988388 
3020000,0.029999999329447746 
3030000,0.029999999329447746 
3040000,0.019999999552965164 
3050000,0.02250000089406967 
3060000,0.017500000074505806 
3070000,0.03750000149011612 
3080000,0.02250000089406967 
3090000,0.029999999329447746 
3100000,0.019999999552965164 
3110000,0.029999999329447746 
3120000,0.02500000037252903 
3130000,0.027499999850988388 
3140000,0.032499998807907104 
3150000,0.009999999776482582 
3160000,0.019999999552965164 
3170000,0.029999999329447746 
3180000,0.02500000037252903 
3190000,0.027499999850988388 
3200000,0.042500000447034836 
3210000,0.02250000089406967 
3220000,0.029999999329447746 
3230000,0.02500000037252903 
3240000,0.029999999329447746 
3250000,0.02500000037252903 
3260000,0.019999999552965164 
3270000,0.02250000089406967 
3280000,0.029999999329447746 
3290000,0.02500000037252903 
3300000,0.032499998807907104 
3310000,0.02500000037252903 
3320000,0.02500000037252903 
3330000,0.042500000447034836 
3340000,0.019999999552965164 
3350000,0.05249999836087227 
3360000,0.04500000178813934 
3370000,0.014999999664723873 
3380000,0.042500000447034836 
3390000,0.019999999552965164 
3400000,0.02250000089406967 
3410000,0.02250000089406967 
3420000,0.03500000014901161 
3430000,0.03500000014901161 
3440000,0.03750000149011612 
3450000,0.027499999850988388 
3460000,0.029999999329447746 
3470000,0.027499999850988388 
3480000,0.02500000037252903 
3490000,0.02250000089406967 
3500000,0.03750000149011612 
3510000,0.017500000074505806 
3520000,0.02500000037252903 
3530000,0.02500000037252903 
3540000,0.03750000149011612 
3550000,0.017500000074505806 
3560000,0.02250000089406967 
3570000,0.04500000178813934 
3580000,0.02250000089406967 
3590000,0.029999999329447746 
3600000,0.02500000037252903 
3610000,0.032499998807907104 
3620000,0.029999999329447746 
3630000,0.014999999664723873 
3640000,0.029999999329447746 
3650000,0.03750000149011612 
3660000,0.03999999910593033 
3670000,0.02250000089406967 
3680000,0.029999999329447746 
3690000,0.02250000089406967 
3700000,0.02250000089406967 
3710000,0.019999999552965164 
3720000,0.027499999850988388 
3730000,0.02250000089406967 
3740000,0.03500000014901161 
3750000,0.027499999850988388 
3760000,0.017500000074505806 
3770000,0.019999999552965164 
3780000,0.017500000074505806 
3790000,0.019999999552965164 
3800000,0.03750000149011612 
3810000,0.027499999850988388 
3820000,0.019999999552965164 
3830000,0.017500000074505806 
3840000,0.02250000089406967 
3850000,0.02500000037252903 
3860000,0.017500000074505806 
3870000,0.017500000074505806 
3880000,0.02500000037252903 
3890000,0.017500000074505806 
3900000,0.012500000186264515 
3910000,0.019999999552965164 
3920000,0.027499999850988388 
3930000,0.02500000037252903 
3940000,0.029999999329447746 
3950000,0.02250000089406967 
3960000,0.027499999850988388 
3970000,0.012500000186264515 
3980000,0.017500000074505806 
3990000,0.019999999552965164 
4000000,0.032499998807907104 
4010000,0.014999999664723873 
4020000,0.017500000074505806 
4030000,0.02250000089406967 
4040000,0.019999999552965164 
4050000,0.019999999552965164 
4060000,0.029999999329447746 
4070000,0.027499999850988388 
4080000,0.012500000186264515 
4090000,0.03500000014901161 
4100000,0.014999999664723873 
4110000,0.017500000074505806 
4120000,0.02250000089406967 
4130000,0.04500000178813934 
4140000,0.014999999664723873 
4150000,0.03750000149011612 
4160000,0.027499999850988388 
4170000,0.02500000037252903 
4180000,0.02250000089406967 
4190000,0.02250000089406967 
4200000,0.029999999329447746 
4210000,0.03750000149011612 
4220000,0.02250000089406967 
4230000,0.042500000447034836 
4240000,0.03750000149011612 
4250000,0.03500000014901161 
4260000,0.02500000037252903 
4270000,0.03999999910593033 
4280000,0.019999999552965164 
4290000,0.019999999552965164 
4300000,0.02250000089406967 
4310000,0.017500000074505806 
4320000,0.02250000089406967 
4330000,0.032499998807907104 
4340000,0.027499999850988388 
4350000,0.032499998807907104 
4360000,0.027499999850988388 
4370000,0.029999999329447746 
4380000,0.03500000014901161 
4390000,0.02500000037252903 
4400000,0.017500000074505806 
4410000,0.029999999329447746 
4420000,0.019999999552965164 
4430000,0.03500000014901161 
4440000,0.032499998807907104 
4450000,0.019999999552965164 
4460000,0.02250000089406967 
4470000,0.02500000037252903 
4480000,0.03500000014901161 
4490000,0.029999999329447746 
4500000,0.032499998807907104 
4510000,0.027499999850988388 
4520000,0.029999999329447746 
4530000,0.042500000447034836 
4540000,0.03500000014901161 
4550000,0.02250000089406967 
4560000,0.03750000149011612 
4570000,0.009999999776482582 
4580000,0.02500000037252903 
4590000,0.03500000014901161 
4600000,0.02500000037252903 
4610000,0.017500000074505806 
4620000,0.017500000074505806 
4630000,0.02500000037252903 
4640000,0.027499999850988388 
4650000,0.029999999329447746 
4660000,0.019999999552965164 
4670000,0.027499999850988388 
4680000,0.02500000037252903 
4690000,0.019999999552965164 
4700000,0.02500000037252903 
4710000,0.019999999552965164 
4720000,0.032499998807907104 
4730000,0.02500000037252903 
4740000,0.02250000089406967 
4750000,0.019999999552965164 
4760000,0.032499998807907104 
4770000,0.02250000089406967 
4780000,0.027499999850988388 
4790000,0.02500000037252903 
4800000,0.042500000447034836 
4810000,0.027499999850988388 
4820000,0.03750000149011612 
4830000,0.03500000014901161 
4840000,0.014999999664723873 
4850000,0.02250000089406967 
4860000,0.042500000447034836 
4870000,0.032499998807907104 
4880000,0.03750000149011612 
4890000,0.02500000037252903 
4900000,0.02250000089406967 
4910000,0.032499998807907104 
4920000,0.02250000089406967 
4930000,0.027499999850988388 
4940000,0.042500000447034836 
4950000,0.027499999850988388 
4960000,0.027499999850988388 
4970000,0.027499999850988388 
4980000,0.02250000089406967 
4990000,0.029999999329447746 
5000000,0.03500000014901161 
5010000,0.02250000089406967 
5020000,0.019999999552965164 
5030000,0.029999999329447746 
5040000,0.027499999850988388 
5050000,0.009999999776482582 
5060000,0.019999999552965164 
5070000,0.027499999850988388 
5080000,0.017500000074505806 
5090000,0.04500000178813934 
5100000,0.029999999329447746 
5110000,0.032499998807907104 
5120000,0.02500000037252903 
5130000,0.03750000149011612 
5140000,0.027499999850988388 
5150000,0.02250000089406967 
5160000,0.03500000014901161 
5170000,0.042500000447034836 
5180000,0.012500000186264515 
5190000,0.02500000037252903 
5200000,0.029999999329447746 
5210000,0.05249999836087227 
5220000,0.027499999850988388 
5230000,0.029999999329447746 
5240000,0.019999999552965164 
5250000,0.042500000447034836 
5260000,0.02500000037252903 
5270000,0.02500000037252903 
5280000,0.03750000149011612 
5290000,0.029999999329447746 
5300000,0.02250000089406967 
5310000,0.02500000037252903 
5320000,0.03999999910593033 
5330000,0.02250000089406967 
5340000,0.019999999552965164 
5350000,0.032499998807907104 
5360000,0.03500000014901161 
5370000,0.032499998807907104 
5380000,0.029999999329447746 
5390000,0.027499999850988388 
5400000,0.027499999850988388 
5410000,0.02500000037252903 
5420000,0.029999999329447746 
5430000,0.029999999329447746 
5440000,0.027499999850988388 
5450000,0.02500000037252903 
5460000,0.02500000037252903 
5470000,0.032499998807907104 
5480000,0.029999999329447746 
5490000,0.017500000074505806 
5500000,0.027499999850988388 
5510000,0.027499999850988388 
5520000,0.03999999910593033 
5530000,0.03750000149011612 
5540000,0.042500000447034836 
5550000,0.032499998807907104 
5560000,0.03750000149011612 
5570000,0.03500000014901161 
5580000,0.029999999329447746 
5590000,0.027499999850988388 
5600000,0.03750000149011612 
5610000,0.029999999329447746 
5620000,0.03750000149011612 
5630000,0.029999999329447746 
5640000,0.05000000074505806 
5650000,0.02500000037252903 
5660000,0.027499999850988388 
5670000,0.02250000089406967 
5680000,0.03750000149011612 
5690000,0.032499998807907104 
5700000,0.032499998807907104 
5710000,0.03500000014901161 
5720000,0.042500000447034836 
5730000,0.027499999850988388 
5740000,0.029999999329447746 
5750000,0.032499998807907104 
5760000,0.03750000149011612 
5770000,0.02500000037252903 
5780000,0.032499998807907104 
5790000,0.03500000014901161 
5800000,0.042500000447034836 
5810000,0.03750000149011612 
5820000,0.03750000149011612 
5830000,0.027499999850988388 
5840000,0.03750000149011612 
5850000,0.042500000447034836 
5860000,0.03750000149011612 
5870000,0.05000000074505806 
5880000,0.05249999836087227 
5890000,0.04749999940395355 
5900000,0.03750000149011612 
5910000,0.05000000074505806 
5920000,0.05249999836087227 
5930000,0.057500001043081284 
5940000,0.029999999329447746 
5950000,0.04500000178813934 
5960000,0.042500000447034836 
5970000,0.05249999836087227 
5980000,0.057500001043081284 
5990000,0.03500000014901161 
6000000,0.06499999761581421 
6010000,0.07000000029802322 
6020000,0.06499999761581421 
6030000,0.05249999836087227 
6040000,0.0625 
6050000,0.054999999701976776 
6060000,0.042500000447034836 
6070000,0.05000000074505806 
6080000,0.07500000298023224 
6090000,0.07000000029802322 
6100000,0.057500001043081284 
6110000,0.09000000357627869 
6120000,0.05249999836087227 
6130000,0.057500001043081284 
6140000,0.0625 
6150000,0.057500001043081284 
6160000,0.057500001043081284 
6170000,0.06750000268220901 
6180000,0.05999999865889549 
6190000,0.057500001043081284 
6200000,0.07500000298023224 
6210000,0.0949999988079071 
6220000,0.05249999836087227 
6230000,0.05999999865889549 
6240000,0.04500000178813934 
6250000,0.06750000268220901 
6260000,0.08749999850988388 
6270000,0.08749999850988388 
6280000,0.09749999642372131 
6290000,0.07999999821186066 
6300000,0.08749999850988388 
6310000,0.07249999791383743 
6320000,0.08500000089406967 
6330000,0.07000000029802322 
6340000,0.08500000089406967 
6350000,0.07500000298023224 
6360000,0.07999999821186066 
6370000,0.07999999821186066 
6380000,0.0925000011920929 
6390000,0.07000000029802322 
6400000,0.0925000011920929 
6410000,0.10750000178813934 
6420000,0.07500000298023224 
6430000,0.09749999642372131 
6440000,0.07999999821186066 
6450000,0.09000000357627869 
6460000,0.10249999910593033 
6470000,0.11500000208616257 
6480000,0.125 
6490000,0.09749999642372131 
6500000,0.11749999970197678 
6510000,0.11749999970197678 
6520000,0.11249999701976776 
6530000,0.13750000298023224 
6540000,0.14749999344348907 
6550000,0.14000000059604645 
6560000,0.14249999821186066 
6570000,0.13249999284744263 
6580000,0.11749999970197678 
6590000,0.1574999988079071 
6600000,0.1550000011920929 
6610000,0.1525000035762787 
6620000,0.1599999964237213 
6630000,0.14000000059604645 
6640000,0.1574999988079071 
6650000,0.18250000476837158 
6660000,0.16500000655651093 
6670000,0.18250000476837158 
6680000,0.16750000417232513 
6690000,0.17499999701976776 
6700000,0.17000000178813934 
6710000,0.18000000715255737 
6720000,0.18250000476837158 
6730000,0.17000000178813934 
6740000,0.17499999701976776 
6750000,0.16750000417232513 
6760000,0.17749999463558197 
6770000,0.17000000178813934 
6780000,0.16249999403953552 
6790000,0.17749999463558197 
6800000,0.17000000178813934 
6810000,0.17000000178813934 
6820000,0.17499999701976776 
6830000,0.20000000298023224 
6840000,0.17000000178813934 
6850000,0.16500000655651093 
6860000,0.20000000298023224 
6870000,0.16249999403953552 
6880000,0.1850000023841858 
6890000,0.16750000417232513 
6900000,0.19249999523162842 
6910000,0.1850000023841858 
6920000,0.20250000059604645 
6930000,0.17499999701976776 
6940000,0.1875 
6950000,0.1899999976158142 
6960000,0.19499999284744263 
6970000,0.18250000476837158 
6980000,0.1899999976158142 
6990000,0.19750000536441803 
7000000,0.19249999523162842 
7010000,0.19499999284744263 
7020000,0.19249999523162842 
7030000,0.19750000536441803 
7040000,0.20749999582767487 
7050000,0.1899999976158142 
7060000,0.19499999284744263 
7070000,0.1899999976158142 
7080000,0.18250000476837158 
7090000,0.20999999344348907 
7100000,0.20499999821186066 
7110000,0.20250000059604645 
7120000,0.1875 
7130000,0.1899999976158142 
7140000,0.17249999940395355 
7150000,0.20749999582767487 
7160000,0.17499999701976776 
7170000,0.21250000596046448 
7180000,0.20999999344348907 
7190000,0.18250000476837158 
7200000,0.19750000536441803 
7210000,0.19249999523162842 
7220000,0.21250000596046448 
7230000,0.17749999463558197 
7240000,0.17249999940395355 
7250000,0.1899999976158142 
7260000,0.20999999344348907 
7270000,0.19499999284744263 
7280000,0.19750000536441803 
7290000,0.19750000536441803 
7300000,0.19750000536441803 
7310000,0.1875 
7320000,0.20999999344348907 
7330000,0.19249999523162842 
7340000,0.20000000298023224 
7350000,0.19750000536441803 
7360000,0.20499999821186066 
7370000,0.17499999701976776 
7380000,0.20250000059604645 
7390000,0.19499999284744263 
7400000,0.2175000011920929 
7410000,0.20250000059604645 
7420000,0.19499999284744263 
7430000,0.19750000536441803 
7440000,0.17749999463558197 
7450000,0.1899999976158142 
7460000,0.1899999976158142 
7470000,0.19750000536441803 
7480000,0.1899999976158142 
7490000,0.2150000035762787 
7500000,0.20000000298023224 
7510000,0.19249999523162842 
7520000,0.19750000536441803 
7530000,0.20000000298023224 
7540000,0.20749999582767487 
7550000,0.20749999582767487 
7560000,0.1899999976158142 
7570000,0.20749999582767487 
7580000,0.20250000059604645 
7590000,0.19750000536441803 
7600000,0.20999999344348907 
7610000,0.20000000298023224 
7620000,0.20749999582767487 
7630000,0.19750000536441803 
7640000,0.20499999821186066 
7650000,0.19249999523162842 
7660000,0.18000000715255737 
7670000,0.1875 
7680000,0.20999999344348907 
7690000,0.20000000298023224 
7700000,0.1850000023841858 
7710000,0.18250000476837158 
7720000,0.19750000536441803 
7730000,0.20000000298023224 
7740000,0.20000000298023224 
7750000,0.19750000536441803 
7760000,0.19499999284744263 
7770000,0.1850000023841858 
7780000,0.1875 
7790000,0.1899999976158142 
7800000,0.18250000476837158 
7810000,0.1899999976158142 
7820000,0.17749999463558197 
7830000,0.19249999523162842 
7840000,0.19750000536441803 
7850000,0.1875 
7860000,0.20000000298023224 
7870000,0.17499999701976776 
7880000,0.19750000536441803 
7890000,0.17499999701976776 
7900000,0.1875 
7910000,0.1875 
7920000,0.19499999284744263 
7930000,0.19249999523162842 
7940000,0.19249999523162842 
7950000,0.19499999284744263 
7960000,0.20250000059604645 
7970000,0.19249999523162842 
7980000,0.18250000476837158 
7990000,0.19750000536441803 
8000000,0.18000000715255737 
8010000,0.17749999463558197 
8020000,0.1899999976158142 
8030000,0.1850000023841858 
8040000,0.20000000298023224 
8050000,0.20749999582767487 
8060000,0.19249999523162842 
8070000,0.1875 
8080000,0.20499999821186066 
8090000,0.18250000476837158 
8100000,0.19499999284744263 
8110000,0.20250000059604645 
8120000,0.1899999976158142 
8130000,0.19750000536441803 
8140000,0.19750000536441803 
8150000,0.19249999523162842 
8160000,0.1850000023841858 
8170000,0.20250000059604645 
8180000,0.19249999523162842 
8190000,0.1899999976158142 
8200000,0.20250000059604645 
8210000,0.20250000059604645 
8220000,0.20000000298023224 
8230000,0.20999999344348907 
8240000,0.20749999582767487 
8250000,0.20749999582767487 
8260000,0.19750000536441803 
8270000,0.18250000476837158 
8280000,0.20250000059604645 
8290000,0.19750000536441803 
8300000,0.19750000536441803 
8310000,0.20499999821186066 
8320000,0.20749999582767487 
8330000,0.20250000059604645 
8340000,0.20000000298023224 
8350000,0.20749999582767487 
8360000,0.21250000596046448 
8370000,0.21250000596046448 
8380000,0.20749999582767487 
8390000,0.2150000035762787 
8400000,0.1899999976158142 
8410000,0.20749999582767487 
8420000,0.17499999701976776 
8430000,0.20000000298023224 
8440000,0.2150000035762787 
8450000,0.20499999821186066 
8460000,0.2175000011920929 
8470000,0.20250000059604645 
8480000,0.17249999940395355 
8490000,0.21250000596046448 
8500000,0.18250000476837158 
8510000,0.19499999284744263 
8520000,0.2199999988079071 
8530000,0.20999999344348907 
8540000,0.20250000059604645 
8550000,0.1899999976158142 
8560000,0.20000000298023224 
8570000,0.20499999821186066 
8580000,0.19750000536441803 
8590000,0.19750000536441803 
8600000,0.1899999976158142 
8610000,0.20000000298023224 
8620000,0.21250000596046448 
8630000,0.20250000059604645 
8640000,0.19249999523162842 
8650000,0.20000000298023224 
8660000,0.19750000536441803 
8670000,0.20749999582767487 
8680000,0.1850000023841858 
8690000,0.19750000536441803 
8700000,0.18250000476837158 
8710000,0.20250000059604645 
8720000,0.20000000298023224 
8730000,0.19750000536441803 
8740000,0.19499999284744263 
8750000,0.1850000023841858 
8760000,0.20499999821186066 
8770000,0.1899999976158142 
8780000,0.22499999403953552 
8790000,0.18250000476837158 
8800000,0.18000000715255737 
8810000,0.19249999523162842 
8820000,0.19499999284744263 
8830000,0.19249999523162842 
8840000,0.19249999523162842 
8850000,0.1899999976158142 
8860000,0.1850000023841858 
8870000,0.20000000298023224 
8880000,0.18000000715255737 
8890000,0.20749999582767487 
8900000,0.20250000059604645 
8910000,0.1875 
8920000,0.20749999582767487 
8930000,0.20000000298023224 
8940000,0.20749999582767487 
8950000,0.19499999284744263 
8960000,0.2175000011920929 
8970000,0.1875 
8980000,0.19750000536441803 
8990000,0.22499999403953552 
9000000,0.1875 
9010000,0.2199999988079071 
9020000,0.19249999523162842 
9030000,0.20000000298023224 
9040000,0.20250000059604645 
9050000,0.19249999523162842 
9060000,0.1850000023841858 
9070000,0.19249999523162842 
9080000,0.19499999284744263 
9090000,0.19499999284744263 
9100000,0.20250000059604645 
9110000,0.20499999821186066 
9120000,0.20499999821186066 
9130000,0.20499999821186066 
9140000,0.20499999821186066 
9150000,0.21250000596046448 
9160000,0.20749999582767487 
9170000,0.19499999284744263 
9180000,0.21250000596046448 
9190000,0.19750000536441803 
9200000,0.19750000536441803 
9210000,0.20000000298023224 
9220000,0.2175000011920929 
9230000,0.1850000023841858 
9240000,0.1875 
9250000,0.19750000536441803 
9260000,0.20250000059604645 
9270000,0.1899999976158142 
9280000,0.20499999821186066 
9290000,0.20250000059604645 
9300000,0.2150000035762787 
9310000,0.20499999821186066 
9320000,0.19249999523162842 
9330000,0.20250000059604645 
9340000,0.20250000059604645 
9350000,0.19499999284744263 
9360000,0.19750000536441803 
9370000,0.19249999523162842 
9380000,0.1899999976158142 
9390000,0.20749999582767487 
9400000,0.19750000536441803 
9410000,0.1875 
9420000,0.20749999582767487 
9430000,0.20000000298023224 
9440000,0.22499999403953552 
9450000,0.19499999284744263 
9460000,0.19750000536441803 
9470000,0.20000000298023224 
9480000,0.2199999988079071 
9490000,0.19499999284744263 
9500000,0.20250000059604645 
9510000,0.19249999523162842 
9520000,0.20000000298023224 
9530000,0.20499999821186066 
9540000,0.19249999523162842 
9550000,0.21250000596046448 
9560000,0.16500000655651093 
9570000,0.19249999523162842 
9580000,0.1899999976158142 
9590000,0.19499999284744263 
9600000,0.1899999976158142 
9610000,0.18250000476837158 
9620000,0.19499999284744263 
9630000,0.20250000059604645 
9640000,0.1875 
9650000,0.1875 
9660000,0.20499999821186066 
9670000,0.20499999821186066 
9680000,0.20749999582767487 
9690000,0.20000000298023224 
9700000,0.20000000298023224 
9710000,0.19750000536441803 
9720000,0.17000000178813934 
9730000,0.19249999523162842 
9740000,0.17499999701976776 
9750000,0.20000000298023224 
9760000,0.20000000298023224 
9770000,0.17499999701976776 
9780000,0.20999999344348907 
9790000,0.20749999582767487 
9800000,0.19249999523162842 
9810000,0.19249999523162842 
9820000,0.21250000596046448 
9830000,0.20749999582767487 
9840000,0.2150000035762787 
9850000,0.19249999523162842 
9860000,0.2150000035762787 
9870000,0.20749999582767487 
9880000,0.18000000715255737 
9890000,0.1850000023841858 
9900000,0.18000000715255737 
9910000,0.19249999523162842 
9920000,0.19249999523162842 
9930000,0.1875 
9940000,0.20749999582767487 
9950000,0.1850000023841858 
9960000,0.21250000596046448 
9970000,0.1850000023841858 
9980000,0.20000000298023224 
9990000,0.1899999976158142 
10000000,0.20749999582767487 
10010000,0.20250000059604645 
10020000,0.20499999821186066 
10030000,0.1875 
10040000,0.20000000298023224 
10050000,0.20999999344348907 
10060000,0.19499999284744263 
10070000,0.20749999582767487 
10080000,0.20250000059604645 
10090000,0.1899999976158142 
10100000,0.19249999523162842 
10110000,0.19249999523162842 
10120000,0.20000000298023224 
10130000,0.19750000536441803 
10140000,0.20000000298023224 
10150000,0.20499999821186066 
10160000,0.19750000536441803 
10170000,0.1899999976158142 
10180000,0.1850000023841858 
10190000,0.1899999976158142 
10200000,0.20999999344348907 
10210000,0.19750000536441803 
10220000,0.19750000536441803 
10230000,0.18250000476837158 
10240000,0.2150000035762787 
10250000,0.20000000298023224 
10260000,0.19499999284744263 
10270000,0.19499999284744263 
10280000,0.1899999976158142 
10290000,0.1875 
10300000,0.20999999344348907 
10310000,0.20499999821186066 
10320000,0.20250000059604645 
10330000,0.1899999976158142 
10340000,0.20499999821186066 
10350000,0.1875 
10360000,0.2150000035762787 
10370000,0.21250000596046448 
10380000,0.19750000536441803 
10390000,0.20000000298023224 
10400000,0.20749999582767487 
10410000,0.19750000536441803 
10420000,0.19750000536441803 
10430000,0.20000000298023224 
10440000,0.20250000059604645 
10450000,0.20999999344348907 
10460000,0.20250000059604645 
10470000,0.20250000059604645 
10480000,0.20000000298023224 
10490000,0.20499999821186066 
10500000,0.20749999582767487 
10510000,0.19750000536441803 
10520000,0.1899999976158142 
10530000,0.20250000059604645 
10540000,0.20999999344348907 
10550000,0.20999999344348907 
10560000,0.20250000059604645 
10570000,0.21250000596046448 
10580000,0.1875 
10590000,0.20499999821186066 
10600000,0.1875 
10610000,0.19750000536441803 
10620000,0.20250000059604645 
10630000,0.20999999344348907 
10640000,0.20999999344348907 
10650000,0.20499999821186066 
10660000,0.2224999964237213 
10670000,0.19750000536441803 
10680000,0.1875 
10690000,0.20000000298023224 
10700000,0.20749999582767487 
10710000,0.20999999344348907 
10720000,0.21250000596046448 
10730000,0.1899999976158142 
10740000,0.2150000035762787 
10750000,0.20499999821186066 
10760000,0.20250000059604645 
10770000,0.19750000536441803 
10780000,0.19750000536441803 
10790000,0.2150000035762787 
10800000,0.20749999582767487 
10810000,0.19499999284744263 
10820000,0.1850000023841858 
10830000,0.19249999523162842 
10840000,0.2175000011920929 
10850000,0.20250000059604645 
10860000,0.20250000059604645 
10870000,0.2150000035762787 
10880000,0.19499999284744263 
10890000,0.2199999988079071 
10900000,0.2150000035762787 
10910000,0.20999999344348907 
10920000,0.20000000298023224 
10930000,0.1899999976158142 
10940000,0.21250000596046448 
10950000,0.20499999821186066 
10960000,0.20250000059604645 
10970000,0.19249999523162842 
10980000,0.21250000596046448 
10990000,0.20000000298023224 
11000000,0.19499999284744263 
11010000,0.21250000596046448 
11020000,0.20000000298023224 
11030000,0.20499999821186066 
11040000,0.19499999284744263 
11050000,0.1850000023841858 
11060000,0.1899999976158142 
11070000,0.19499999284744263 
11080000,0.20000000298023224 
11090000,0.20749999582767487 
11100000,0.20999999344348907 
11110000,0.20499999821186066 
11120000,0.19249999523162842 
11130000,0.19499999284744263 
11140000,0.17749999463558197 
11150000,0.20250000059604645 
11160000,0.20999999344348907 
11170000,0.20499999821186066 
11180000,0.19499999284744263 
11190000,0.1899999976158142 
11200000,0.20000000298023224 
11210000,0.19499999284744263 
11220000,0.1875 
11230000,0.1899999976158142 
11240000,0.20999999344348907 
11250000,0.20749999582767487 
11260000,0.18000000715255737 
11270000,0.1899999976158142 
11280000,0.1899999976158142 
11290000,0.1899999976158142 
11300000,0.18250000476837158 
11310000,0.19750000536441803 
11320000,0.17499999701976776 
11330000,0.18000000715255737 
11340000,0.1850000023841858 
11350000,0.1875 
11360000,0.16750000417232513 
11370000,0.2175000011920929 
11380000,0.2175000011920929 
11390000,0.20000000298023224 
11400000,0.20250000059604645 
11410000,0.19249999523162842 
11420000,0.1899999976158142 
11430000,0.1850000023841858 
11440000,0.20250000059604645 
11450000,0.19499999284744263 
11460000,0.1899999976158142 
11470000,0.1899999976158142 
11480000,0.20000000298023224 
11490000,0.1875 
11500000,0.20499999821186066 
11510000,0.20000000298023224 
11520000,0.1850000023841858 
11530000,0.20000000298023224 
11540000,0.18250000476837158 
11550000,0.1899999976158142 
11560000,0.18000000715255737 
11570000,0.19499999284744263 
11580000,0.16750000417232513 
11590000,0.1875 
11600000,0.17499999701976776 
11610000,0.1899999976158142 
11620000,0.17749999463558197 
11630000,0.19249999523162842 
11640000,0.18250000476837158 
11650000,0.1875 
11660000,0.1875 
11670000,0.19249999523162842 
11680000,0.17749999463558197 
11690000,0.20000000298023224 
11700000,0.1875 
11710000,0.20000000298023224 
11720000,0.1850000023841858 
11730000,0.20250000059604645 
11740000,0.19249999523162842 
11750000,0.17749999463558197 
11760000,0.17749999463558197 
11770000,0.16750000417232513 
11780000,0.1850000023841858 
11790000,0.1899999976158142 
11800000,0.19249999523162842 
11810000,0.1850000023841858 
11820000,0.19249999523162842 
11830000,0.17749999463558197 
11840000,0.19750000536441803 
11850000,0.17749999463558197 
11860000,0.20250000059604645 
11870000,0.19750000536441803 
11880000,0.1899999976158142 
11890000,0.18000000715255737 
11900000,0.17749999463558197 
11910000,0.17499999701976776 
11920000,0.19499999284744263 
11930000,0.19499999284744263 
11940000,0.1875 
11950000,0.20000000298023224 
11960000,0.19499999284744263 
11970000,0.18000000715255737 
11980000,0.17000000178813934 
11990000,0.20499999821186066 
12000000,0.20250000059604645 
12010000,0.1875 
12020000,0.18000000715255737 
12030000,0.19750000536441803 
12040000,0.19499999284744263 
12050000,0.19750000536441803 
12060000,0.1899999976158142 
12070000,0.20000000298023224 
12080000,0.20499999821186066 
12090000,0.19499999284744263 
12100000,0.19750000536441803 
12110000,0.19249999523162842 
12120000,0.1899999976158142 
12130000,0.19249999523162842 
12140000,0.19499999284744263 
12150000,0.1899999976158142 
12160000,0.19750000536441803 
12170000,0.20000000298023224 
12180000,0.19499999284744263 
12190000,0.20999999344348907 
12200000,0.18000000715255737 
12210000,0.17749999463558197 
12220000,0.1850000023841858 
12230000,0.21250000596046448 
12240000,0.1875 
12250000,0.19499999284744263 
12260000,0.17749999463558197 
12270000,0.20250000059604645 
12280000,0.19750000536441803 
12290000,0.18000000715255737 
12300000,0.1875 
12310000,0.17749999463558197 
12320000,0.17249999940395355 
12330000,0.20499999821186066 
12340000,0.1850000023841858 
12350000,0.1574999988079071 
12360000,0.19249999523162842 
12370000,0.1875 
12380000,0.19750000536441803 
12390000,0.19750000536441803 
12400000,0.1850000023841858 
12410000,0.18250000476837158 
12420000,0.1899999976158142 
12430000,0.17000000178813934 
12440000,0.20000000298023224 
12450000,0.16500000655651093 
12460000,0.1875 
12470000,0.19249999523162842 
12480000,0.1850000023841858 
12490000,0.20250000059604645 
12500000,0.20749999582767487 
12510000,0.1850000023841858 
12520000,0.19249999523162842 
12530000,0.1899999976158142 
12540000,0.1850000023841858 
12550000,0.19499999284744263 
12560000,0.19249999523162842 
12570000,0.17499999701976776 
12580000,0.20250000059604645 
12590000,0.18250000476837158 
12600000,0.1875 
12610000,0.20499999821186066 
12620000,0.1850000023841858 
12630000,0.18250000476837158 
12640000,0.16750000417232513 
12650000,0.1899999976158142 
12660000,0.18000000715255737 
12670000,0.1574999988079071 
12680000,0.20250000059604645 
12690000,0.19750000536441803 
12700000,0.1850000023841858 
12710000,0.1875 
12720000,0.18000000715255737 
12730000,0.19249999523162842 
12740000,0.17249999940395355 
12750000,0.17749999463558197 
12760000,0.1850000023841858 
12770000,0.19750000536441803 
12780000,0.18250000476837158 
12790000,0.16249999403953552 
12800000,0.20499999821186066 
12810000,0.18000000715255737 
12820000,0.17000000178813934 
12830000,0.17000000178813934 
12840000,0.2150000035762787 
12850000,0.17749999463558197 
12860000,0.18000000715255737 
12870000,0.20499999821186066 
12880000,0.18000000715255737 
12890000,0.20499999821186066 
12900000,0.18250000476837158 
12910000,0.19249999523162842 
12920000,0.20250000059604645 
12930000,0.19750000536441803 
12940000,0.19499999284744263 
12950000,0.18000000715255737 
12960000,0.1899999976158142 
12970000,0.19249999523162842 
12980000,0.17249999940395355 
12990000,0.20499999821186066 
13000000,0.19499999284744263 
13010000,0.19249999523162842 
13020000,0.17749999463558197 
13030000,0.18000000715255737 
13040000,0.19750000536441803 
13050000,0.19499999284744263 
13060000,0.17749999463558197 
13070000,0.19249999523162842 
13080000,0.17249999940395355 
13090000,0.19750000536441803 
13100000,0.17249999940395355 
13110000,0.19249999523162842 
13120000,0.1899999976158142 
13130000,0.18000000715255737 
13140000,0.19249999523162842 
13150000,0.1899999976158142 
13160000,0.1899999976158142 
13170000,0.19750000536441803 
13180000,0.16750000417232513 
13190000,0.1899999976158142 
13200000,0.19249999523162842 
13210000,0.17749999463558197 
13220000,0.17749999463558197 
13230000,0.1850000023841858 
13240000,0.1599999964237213 
13250000,0.18250000476837158 
13260000,0.1850000023841858 
13270000,0.1899999976158142 
13280000,0.1875 
13290000,0.1899999976158142 
13300000,0.17499999701976776 
13310000,0.17499999701976776 
13320000,0.1850000023841858 
13330000,0.1850000023841858 
13340000,0.20000000298023224 
13350000,0.20250000059604645 
13360000,0.19499999284744263 
13370000,0.17249999940395355 
13380000,0.18250000476837158 
13390000,0.19750000536441803 
13400000,0.17499999701976776 
13410000,0.19499999284744263 
13420000,0.19750000536441803 
13430000,0.1899999976158142 
13440000,0.17249999940395355 
13450000,0.20749999582767487 
13460000,0.18000000715255737 
13470000,0.1899999976158142 
13480000,0.1875 
13490000,0.1875 
13500000,0.20999999344348907 
13510000,0.1850000023841858 
13520000,0.1899999976158142 
13530000,0.19750000536441803 
13540000,0.18250000476837158 
13550000,0.1850000023841858 
13560000,0.18000000715255737 
13570000,0.1875 
13580000,0.19750000536441803 
13590000,0.20499999821186066 
13600000,0.19249999523162842 
13610000,0.1850000023841858 
13620000,0.16500000655651093 
13630000,0.17249999940395355 
13640000,0.19499999284744263 
13650000,0.1875 
13660000,0.18250000476837158 
13670000,0.19750000536441803 
13680000,0.16750000417232513 
13690000,0.17749999463558197 
13700000,0.16750000417232513 
13710000,0.19249999523162842 
13720000,0.19499999284744263 
13730000,0.1899999976158142 
13740000,0.20000000298023224 
13750000,0.20499999821186066 
13760000,0.17000000178813934 
13770000,0.1850000023841858 
13780000,0.1875 
13790000,0.19249999523162842 
13800000,0.17249999940395355 
13810000,0.1899999976158142 
13820000,0.19750000536441803 
13830000,0.2224999964237213 
13840000,0.20000000298023224 
13850000,0.1850000023841858 
13860000,0.1875 
13870000,0.19750000536441803 
13880000,0.20000000298023224 
13890000,0.1899999976158142 
13900000,0.20499999821186066 
13910000,0.1899999976158142 
13920000,0.17749999463558197 
13930000,0.2224999964237213 
13940000,0.19499999284744263 
13950000,0.1850000023841858 
13960000,0.19750000536441803 
13970000,0.1850000023841858 
13980000,0.1899999976158142 
13990000,0.20000000298023224 
14000000,0.1899999976158142 
14010000,0.1850000023841858 
14020000,0.18000000715255737 
14030000,0.19249999523162842 
14040000,0.17499999701976776 
14050000,0.19499999284744263 
14060000,0.2175000011920929 
14070000,0.1875 
14080000,0.20000000298023224 
14090000,0.20250000059604645 
14100000,0.1875 
14110000,0.1875 
14120000,0.2224999964237213 
14130000,0.1875 
14140000,0.16500000655651093 
14150000,0.1850000023841858 
14160000,0.1850000023841858 
14170000,0.17749999463558197 
14180000,0.18000000715255737 
14190000,0.17249999940395355 
14200000,0.20499999821186066 
14210000,0.20499999821186066 
14220000,0.19249999523162842 
14230000,0.17000000178813934 
14240000,0.20250000059604645 
14250000,0.19249999523162842 
14260000,0.1850000023841858 
14270000,0.1875 
14280000,0.18000000715255737 
14290000,0.1875 
14300000,0.18250000476837158 
14310000,0.17000000178813934 
14320000,0.1899999976158142 
14330000,0.1875 
14340000,0.17249999940395355 
14350000,0.17749999463558197 
14360000,0.1875 
14370000,0.19249999523162842 
14380000,0.19750000536441803 
14390000,0.17000000178813934 
14400000,0.19750000536441803 
14410000,0.1875 
14420000,0.16750000417232513 
14430000,0.1875 
14440000,0.19750000536441803 
14450000,0.16249999403953552 
14460000,0.18000000715255737 
14470000,0.18250000476837158 
14480000,0.18000000715255737 
14490000,0.19750000536441803 
14500000,0.17499999701976776 
14510000,0.20250000059604645 
14520000,0.1850000023841858 
14530000,0.17749999463558197 
14540000,0.16249999403953552 
14550000,0.1850000023841858 
14560000,0.1850000023841858 
14570000,0.19249999523162842 
14580000,0.19750000536441803 
14590000,0.16500000655651093 
14600000,0.1850000023841858 
14610000,0.19750000536441803 
14620000,0.1875 
14630000,0.17249999940395355 
14640000,0.18000000715255737 
14650000,0.1550000011920929 
14660000,0.1875 
14670000,0.17000000178813934 
14680000,0.1850000023841858 
14690000,0.1850000023841858 
14700000,0.17249999940395355 
14710000,0.19750000536441803 
14720000,0.1875 
14730000,0.18250000476837158 
14740000,0.1899999976158142 
14750000,0.17000000178813934 
14760000,0.1875 
14770000,0.1899999976158142 
14780000,0.1850000023841858 
14790000,0.17499999701976776 
14800000,0.17249999940395355 
14810000,0.19750000536441803 
14820000,0.1850000023841858 
14830000,0.1850000023841858 
14840000,0.1899999976158142 
14850000,0.19750000536441803 
14860000,0.17249999940395355 
14870000,0.19249999523162842 
14880000,0.19499999284744263 
14890000,0.1899999976158142 
14900000,0.1875 
14910000,0.17000000178813934 
14920000,0.17249999940395355 
14930000,0.1875 
14940000,0.17499999701976776 
14950000,0.1850000023841858 
14960000,0.17499999701976776 
14970000,0.17749999463558197 
14980000,0.18250000476837158 
14990000,0.17749999463558197 
15000000,0.19499999284744263 
15010000,0.20250000059604645 
15020000,0.18000000715255737 
15030000,0.20749999582767487 
15040000,0.1899999976158142 
15050000,0.17499999701976776 
15060000,0.20499999821186066 
15070000,0.17499999701976776 
15080000,0.17249999940395355 
15090000,0.1875 
15100000,0.1899999976158142 
15110000,0.20250000059604645 
15120000,0.17249999940395355 
15130000,0.17499999701976776 
15140000,0.20499999821186066 
15150000,0.17499999701976776 
15160000,0.17499999701976776 
15170000,0.18000000715255737 
15180000,0.17000000178813934 
15190000,0.1899999976158142 
15200000,0.17749999463558197 
15210000,0.18250000476837158 
15220000,0.17499999701976776 
15230000,0.17749999463558197 
15240000,0.17499999701976776 
15250000,0.20749999582767487 
15260000,0.17499999701976776 
15270000,0.17749999463558197 
15280000,0.18250000476837158 
15290000,0.19499999284744263 
15300000,0.1875 
15310000,0.17499999701976776 
15320000,0.1899999976158142 
15330000,0.1875 
15340000,0.19249999523162842 
15350000,0.17499999701976776 
15360000,0.17499999701976776 
15370000,0.19249999523162842 
15380000,0.19750000536441803 
15390000,0.19499999284744263 
15400000,0.19499999284744263 
15410000,0.1850000023841858 
15420000,0.1875 
15430000,0.1899999976158142 
15440000,0.1875 
15450000,0.1899999976158142 
15460000,0.20250000059604645 
15470000,0.19499999284744263 
15480000,0.18250000476837158 
15490000,0.20999999344348907 
15500000,0.18250000476837158 
15510000,0.20749999582767487 
15520000,0.19750000536441803 
15530000,0.20499999821186066 
15540000,0.18250000476837158 
15550000,0.1899999976158142 
15560000,0.20499999821186066 
15570000,0.17499999701976776 
15580000,0.19750000536441803 
15590000,0.17749999463558197 
15600000,0.19249999523162842 
15610000,0.19750000536441803 
15620000,0.19499999284744263 
15630000,0.19750000536441803 
15640000,0.19750000536441803 
15650000,0.20250000059604645 
15660000,0.2150000035762787 
15670000,0.19249999523162842 
15680000,0.18250000476837158 
15690000,0.17749999463558197 
15700000,0.19249999523162842 
15710000,0.17749999463558197 
15720000,0.19249999523162842 
15730000,0.19249999523162842 
15740000,0.19249999523162842 
15750000,0.1875 
15760000,0.1875 
15770000,0.1525000035762787 
15780000,0.17249999940395355 
15790000,0.19499999284744263 
15800000,0.19249999523162842 
15810000,0.1550000011920929 
15820000,0.19750000536441803 
15830000,0.17000000178813934 
15840000,0.1875 
15850000,0.18250000476837158 
15860000,0.18250000476837158 
15870000,0.20250000059604645 
15880000,0.17249999940395355 
15890000,0.2175000011920929 
15900000,0.17749999463558197 
15910000,0.1875 
15920000,0.20000000298023224 
15930000,0.19249999523162842 
15940000,0.1850000023841858 
15950000,0.17000000178813934 
15960000,0.1875 
15970000,0.16750000417232513 
15980000,0.16750000417232513 
15990000,0.18250000476837158 
16000000,0.19249999523162842 
16010000,0.20499999821186066 
16020000,0.1850000023841858 
16030000,0.19750000536441803 
16040000,0.17499999701976776 
16050000,0.1875 
16060000,0.17499999701976776 
16070000,0.20000000298023224 
16080000,0.18250000476837158 
16090000,0.19750000536441803 
16100000,0.18000000715255737 
16110000,0.17749999463558197 
16120000,0.19750000536441803 
16130000,0.20250000059604645 
16140000,0.17249999940395355 
16150000,0.19750000536441803 
16160000,0.20250000059604645 
16170000,0.1875 
16180000,0.19499999284744263 
16190000,0.1899999976158142 
16200000,0.18000000715255737 
16210000,0.1899999976158142 
16220000,0.1850000023841858 
16230000,0.18000000715255737 
16240000,0.1850000023841858 
16250000,0.18250000476837158 
16260000,0.19499999284744263 
16270000,0.17749999463558197 
16280000,0.1899999976158142 
16290000,0.16750000417232513 
16300000,0.19249999523162842 
16310000,0.1875 
16320000,0.1875 
16330000,0.1899999976158142 
16340000,0.17499999701976776 
16350000,0.18250000476837158 
16360000,0.20250000059604645 
16370000,0.19249999523162842 
16380000,0.19750000536441803 
16390000,0.17249999940395355 
16400000,0.17749999463558197 
16410000,0.18250000476837158 
16420000,0.21250000596046448 
16430000,0.17499999701976776 
16440000,0.18000000715255737 
16450000,0.19249999523162842 
16460000,0.20000000298023224 
16470000,0.17749999463558197 
16480000,0.17499999701976776 
16490000,0.18250000476837158 
16500000,0.19750000536441803 
16510000,0.20999999344348907 
16520000,0.18250000476837158 
16530000,0.1899999976158142 
16540000,0.19249999523162842 
16550000,0.18000000715255737 
16560000,0.1899999976158142 
16570000,0.20499999821186066 
16580000,0.19249999523162842 
16590000,0.1850000023841858 
16600000,0.19499999284744263 
16610000,0.19499999284744263 
16620000,0.19750000536441803 
16630000,0.19750000536441803 
16640000,0.17249999940395355 
16650000,0.19499999284744263 
16660000,0.17749999463558197 
16670000,0.1875 
16680000,0.1875 
16690000,0.19499999284744263 
16700000,0.17000000178813934 
16710000,0.19499999284744263 
16720000,0.17000000178813934 
16730000,0.20499999821186066 
16740000,0.1850000023841858 
16750000,0.1850000023841858 
16760000,0.16750000417232513 
16770000,0.19499999284744263 
16780000,0.19750000536441803 
16790000,0.20499999821186066 
16800000,0.20749999582767487 
16810000,0.20000000298023224 
16820000,0.1525000035762787 
16830000,0.19249999523162842 
16840000,0.16500000655651093 
16850000,0.19249999523162842 
16860000,0.20000000298023224 
16870000,0.1899999976158142 
16880000,0.20499999821186066 
16890000,0.17749999463558197 
16900000,0.18250000476837158 
16910000,0.1875 
16920000,0.20000000298023224 
16930000,0.19499999284744263 
16940000,0.19750000536441803 
16950000,0.18250000476837158 
16960000,0.17249999940395355 
16970000,0.18000000715255737 
16980000,0.1899999976158142 
16990000,0.20250000059604645 
17000000,0.1899999976158142 
17010000,0.1899999976158142 
17020000,0.1875 
17030000,0.1875 
17040000,0.17749999463558197 
17050000,0.1875 
17060000,0.20999999344348907 
17070000,0.1899999976158142 
17080000,0.20250000059604645 
17090000,0.20499999821186066 
17100000,0.20000000298023224 
17110000,0.1875 
17120000,0.1899999976158142 
17130000,0.1899999976158142 
17140000,0.20000000298023224 
17150000,0.1850000023841858 
17160000,0.1850000023841858 
17170000,0.18250000476837158 
17180000,0.18000000715255737 
17190000,0.1899999976158142 
17200000,0.17499999701976776 
17210000,0.16750000417232513 
17220000,0.20250000059604645 
17230000,0.18000000715255737 
17240000,0.17749999463558197 
17250000,0.1875 
17260000,0.1850000023841858 
17270000,0.17749999463558197 
17280000,0.19750000536441803 
17290000,0.20250000059604645 
17300000,0.20749999582767487 
17310000,0.20999999344348907 
17320000,0.20499999821186066 
17330000,0.20000000298023224 
17340000,0.17749999463558197 
17350000,0.19499999284744263 
17360000,0.1899999976158142 
17370000,0.18250000476837158 
17380000,0.20999999344348907 
17390000,0.17749999463558197 
17400000,0.17249999940395355 
17410000,0.20749999582767487 
17420000,0.17749999463558197 
17430000,0.19499999284744263 
17440000,0.18000000715255737 
17450000,0.20499999821186066 
17460000,0.17749999463558197 
17470000,0.18000000715255737 
17480000,0.18250000476837158 
17490000,0.1850000023841858 
17500000,0.19249999523162842 
17510000,0.19499999284744263 
17520000,0.17499999701976776 
17530000,0.17749999463558197 
17540000,0.20499999821186066 
17550000,0.1899999976158142 
17560000,0.19750000536441803 
17570000,0.1875 
17580000,0.20000000298023224 
17590000,0.18000000715255737 
17600000,0.1850000023841858 
17610000,0.16500000655651093 
17620000,0.1850000023841858 
17630000,0.1875 
17640000,0.20499999821186066 
17650000,0.18250000476837158 
17660000,0.1850000023841858 
17670000,0.17000000178813934 
17680000,0.20499999821186066 
17690000,0.19499999284744263 
17700000,0.19750000536441803 
17710000,0.1875 
17720000,0.19249999523162842 
17730000,0.17249999940395355 
17740000,0.18250000476837158 
17750000,0.18250000476837158 
17760000,0.1899999976158142 
17770000,0.18000000715255737 
17780000,0.18000000715255737 
17790000,0.1850000023841858 
17800000,0.19499999284744263 
17810000,0.19750000536441803 
17820000,0.19750000536441803 
17830000,0.1875 
17840000,0.1899999976158142 
17850000,0.19499999284744263 
17860000,0.19249999523162842 
17870000,0.1574999988079071 
17880000,0.18000000715255737 
17890000,0.19499999284744263 
17900000,0.19249999523162842 
17910000,0.1899999976158142 
17920000,0.1899999976158142 
17930000,0.17749999463558197 
17940000,0.20000000298023224 
17950000,0.17000000178813934 
17960000,0.20999999344348907 
17970000,0.17749999463558197 
17980000,0.20000000298023224 
17990000,0.19750000536441803 
18000000,0.19499999284744263 
18010000,0.19750000536441803 
18020000,0.18000000715255737 
18030000,0.18250000476837158 
18040000,0.18000000715255737 
18050000,0.17249999940395355 
18060000,0.17249999940395355 
18070000,0.20499999821186066 
18080000,0.18250000476837158 
18090000,0.19249999523162842 
18100000,0.17000000178813934 
18110000,0.20000000298023224 
18120000,0.17749999463558197 
18130000,0.1899999976158142 
18140000,0.18250000476837158 
18150000,0.17749999463558197 
18160000,0.17000000178813934 
18170000,0.20749999582767487 
18180000,0.17499999701976776 
18190000,0.17749999463558197 
18200000,0.17499999701976776 
18210000,0.19249999523162842 
18220000,0.1850000023841858 
18230000,0.1875 
18240000,0.18000000715255737 
18250000,0.1875 
18260000,0.20000000298023224 
18270000,0.1574999988079071 
18280000,0.18250000476837158 
18290000,0.17749999463558197 
18300000,0.17499999701976776 
18310000,0.18250000476837158 
18320000,0.1875 
18330000,0.20749999582767487 
18340000,0.19249999523162842 
18350000,0.20000000298023224 
18360000,0.17749999463558197 
18370000,0.2175000011920929 
18380000,0.17749999463558197 
18390000,0.18250000476837158 
18400000,0.17499999701976776 
18410000,0.17000000178813934 
18420000,0.1875 
18430000,0.18000000715255737 
18440000,0.1875 
18450000,0.19750000536441803 
18460000,0.1850000023841858 
18470000,0.20250000059604645 
18480000,0.17749999463558197 
18490000,0.18000000715255737 
18500000,0.18250000476837158 
18510000,0.20749999582767487 
18520000,0.19750000536441803 
18530000,0.17749999463558197 
18540000,0.1875 
18550000,0.1899999976158142 
18560000,0.1899999976158142 
18570000,0.20499999821186066 
18580000,0.1875 
18590000,0.17749999463558197 
18600000,0.19249999523162842 
18610000,0.1850000023841858 
18620000,0.17749999463558197 
18630000,0.1850000023841858 
18640000,0.1875 
18650000,0.1875 
18660000,0.19750000536441803 
18670000,0.19750000536441803 
18680000,0.17499999701976776 
18690000,0.1574999988079071 
18700000,0.1875 
18710000,0.1899999976158142 
18720000,0.18250000476837158 
18730000,0.18250000476837158 
18740000,0.19499999284744263 
18750000,0.18000000715255737 
18760000,0.1875 
18770000,0.1850000023841858 
18780000,0.18000000715255737 
18790000,0.19750000536441803 
18800000,0.20749999582767487 
18810000,0.19499999284744263 
18820000,0.18000000715255737 
18830000,0.1850000023841858 
18840000,0.20000000298023224 
18850000,0.18250000476837158 
18860000,0.19249999523162842 
18870000,0.17499999701976776 
18880000,0.2199999988079071 
18890000,0.17749999463558197 
18900000,0.20250000059604645 
18910000,0.1875 
18920000,0.19750000536441803 
18930000,0.18250000476837158 
18940000,0.18000000715255737 
18950000,0.20999999344348907 
18960000,0.19750000536441803 
18970000,0.1899999976158142 
18980000,0.21250000596046448 
18990000,0.20000000298023224 
19000000,0.19249999523162842 
19010000,0.19750000536441803 
19020000,0.19249999523162842 
19030000,0.21250000596046448 
19040000,0.18250000476837158 
19050000,0.20749999582767487 
19060000,0.1899999976158142 
19070000,0.19750000536441803 
19080000,0.20000000298023224 
19090000,0.20749999582767487 
19100000,0.19750000536441803 
19110000,0.1850000023841858 
19120000,0.19750000536441803 
19130000,0.19249999523162842 
19140000,0.19499999284744263 
19150000,0.1850000023841858 
19160000,0.1899999976158142 
19170000,0.18000000715255737 
19180000,0.19249999523162842 
19190000,0.20499999821186066 
19200000,0.20499999821186066 
19210000,0.17749999463558197 
19220000,0.1875 
19230000,0.19750000536441803 
19240000,0.18250000476837158 
19250000,0.1875 
19260000,0.19750000536441803 
19270000,0.20000000298023224 
19280000,0.20000000298023224 
19290000,0.17749999463558197 
19300000,0.1875 
19310000,0.18000000715255737 
19320000,0.1899999976158142 
19330000,0.20000000298023224 
19340000,0.19750000536441803 
19350000,0.1875 
19360000,0.19499999284744263 
19370000,0.17000000178813934 
19380000,0.19249999523162842 
19390000,0.19750000536441803 
19400000,0.19249999523162842 
19410000,0.17499999701976776 
19420000,0.18000000715255737 
19430000,0.19249999523162842 
19440000,0.18250000476837158 
19450000,0.18000000715255737 
19460000,0.20499999821186066 
19470000,0.18250000476837158 
19480000,0.1850000023841858 
19490000,0.18250000476837158 
19500000,0.16750000417232513 
19510000,0.17249999940395355 
19520000,0.20250000059604645 
19530000,0.18250000476837158 
19540000,0.20999999344348907 
19550000,0.17499999701976776 
19560000,0.1850000023841858 
19570000,0.19249999523162842 
19580000,0.17499999701976776 
19590000,0.18000000715255737 
19600000,0.17749999463558197 
19610000,0.17249999940395355 
19620000,0.1875 
19630000,0.19249999523162842 
19640000,0.1875 
19650000,0.19750000536441803 
19660000,0.16249999403953552 
19670000,0.1875 
19680000,0.19750000536441803 
19690000,0.18250000476837158 
19700000,0.1899999976158142 
19710000,0.18250000476837158 
19720000,0.17000000178813934 
19730000,0.20000000298023224 
19740000,0.1875 
19750000,0.19750000536441803 
19760000,0.19750000536441803 
19770000,0.1899999976158142 
19780000,0.1899999976158142 
19790000,0.1850000023841858 
19800000,0.17000000178813934 
19810000,0.19249999523162842 
19820000,0.16750000417232513 
19830000,0.19499999284744263 
19840000,0.20999999344348907 
19850000,0.18000000715255737 
19860000,0.17749999463558197 
19870000,0.19499999284744263 
19880000,0.20499999821186066 
19890000,0.19249999523162842 
19900000,0.20499999821186066 
19910000,0.19750000536441803 
19920000,0.17499999701976776 
19930000,0.1875 
19940000,0.18000000715255737 
19950000,0.19499999284744263 
19960000,0.16750000417232513 
19970000,0.19750000536441803 
19980000,0.17249999940395355 
19990000,0.20000000298023224 
20000000,0.19499999284744263 
20010000,0.20250000059604645 
20020000,0.1875 
20030000,0.1875 
20040000,0.1850000023841858 
20050000,0.20000000298023224 
20060000,0.20000000298023224 
20070000,0.1875 
20080000,0.1899999976158142 
20090000,0.1899999976158142 
20100000,0.17249999940395355 
20110000,0.20250000059604645 
20120000,0.21250000596046448 
20130000,0.20000000298023224 
20140000,0.18250000476837158 
20150000,0.21250000596046448 
20160000,0.20250000059604645 
20170000,0.19249999523162842 
20180000,0.20000000298023224 
20190000,0.1875 
20200000,0.20250000059604645 
20210000,0.20499999821186066 
20220000,0.19249999523162842 
20230000,0.1899999976158142 
20240000,0.16750000417232513 
20250000,0.1850000023841858 
20260000,0.18250000476837158 
20270000,0.20499999821186066 
20280000,0.19750000536441803 
20290000,0.20000000298023224 
20300000,0.19750000536441803 
20310000,0.20499999821186066 
20320000,0.1899999976158142 
20330000,0.1850000023841858 
20340000,0.20499999821186066 
20350000,0.17249999940395355 
20360000,0.1875 
20370000,0.20000000298023224 
20380000,0.20999999344348907 
20390000,0.1850000023841858 
20400000,0.1850000023841858 
20410000,0.20250000059604645 
20420000,0.1875 
20430000,0.15000000596046448 
20440000,0.19249999523162842 
20450000,0.19249999523162842 
20460000,0.19499999284744263 
20470000,0.1850000023841858 
20480000,0.19499999284744263 
20490000,0.1875 
20500000,0.18000000715255737 
20510000,0.1875 
20520000,0.20499999821186066 
20530000,0.20250000059604645 
20540000,0.19499999284744263 
20550000,0.1875 
20560000,0.1875 
20570000,0.20499999821186066 
20580000,0.20000000298023224 
20590000,0.1850000023841858 
20600000,0.20000000298023224 
20610000,0.17249999940395355 
20620000,0.17499999701976776 
20630000,0.1875 
20640000,0.19499999284744263 
20650000,0.17499999701976776 
20660000,0.19750000536441803 
20670000,0.18250000476837158 
20680000,0.1875 
20690000,0.19499999284744263 
20700000,0.19499999284744263 
20710000,0.19499999284744263 
20720000,0.1899999976158142 
20730000,0.17749999463558197 
20740000,0.20250000059604645 
20750000,0.18250000476837158 
20760000,0.19750000536441803 
20770000,0.16500000655651093 
20780000,0.19249999523162842 
20790000,0.17000000178813934 
20800000,0.19750000536441803 
20810000,0.20749999582767487 
20820000,0.18250000476837158 
20830000,0.20250000059604645 
20840000,0.19750000536441803 
20850000,0.19499999284744263 
20860000,0.17499999701976776 
20870000,0.17749999463558197 
20880000,0.18000000715255737 
20890000,0.18250000476837158 
20900000,0.19249999523162842 
20910000,0.19499999284744263 
20920000,0.19249999523162842 
20930000,0.1850000023841858 
20940000,0.18000000715255737 
20950000,0.2150000035762787 
20960000,0.1899999976158142 
20970000,0.16750000417232513 
20980000,0.19249999523162842 
20990000,0.17000000178813934 
21000000,0.17499999701976776 
21010000,0.20250000059604645 
21020000,0.17000000178813934 
21030000,0.20499999821186066 
21040000,0.1875 
21050000,0.17499999701976776 
21060000,0.19249999523162842 
21070000,0.18250000476837158 
21080000,0.17499999701976776 
21090000,0.1899999976158142 
21100000,0.1875 
21110000,0.17749999463558197 
21120000,0.19750000536441803 
21130000,0.1875 
21140000,0.1899999976158142 
21150000,0.20250000059604645 
21160000,0.20749999582767487 
21170000,0.20749999582767487 
21180000,0.20250000059604645 
21190000,0.19750000536441803 
21200000,0.19750000536441803 
21210000,0.20000000298023224 
21220000,0.19249999523162842 
21230000,0.1875 
21240000,0.16750000417232513 
21250000,0.19499999284744263 
21260000,0.19750000536441803 
21270000,0.19750000536441803 
21280000,0.21250000596046448 
21290000,0.19750000536441803 
21300000,0.19750000536441803 
21310000,0.2224999964237213 
21320000,0.19249999523162842 
21330000,0.19249999523162842 
21340000,0.1899999976158142 
21350000,0.18250000476837158 
21360000,0.1899999976158142 
21370000,0.19750000536441803 
21380000,0.20499999821186066 
21390000,0.1850000023841858 
21400000,0.18000000715255737 
21410000,0.20000000298023224 
21420000,0.1875 
21430000,0.1850000023841858 
21440000,0.1850000023841858 
21450000,0.18000000715255737 
21460000,0.1899999976158142 
21470000,0.1899999976158142 
21480000,0.16500000655651093 
21490000,0.19499999284744263 
21500000,0.1899999976158142 
21510000,0.18250000476837158 
21520000,0.1875 
21530000,0.1899999976158142 
21540000,0.20000000298023224 
21550000,0.1899999976158142 
21560000,0.20749999582767487 
21570000,0.20999999344348907 
21580000,0.20499999821186066 
21590000,0.18000000715255737 
21600000,0.17499999701976776 
21610000,0.1850000023841858 
21620000,0.20250000059604645 
21630000,0.19499999284744263 
21640000,0.19499999284744263 
21650000,0.20250000059604645 
21660000,0.1850000023841858 
21670000,0.18000000715255737 
21680000,0.1875 
21690000,0.19499999284744263 
21700000,0.20250000059604645 
21710000,0.18250000476837158 
21720000,0.20749999582767487 
21730000,0.17499999701976776 
21740000,0.20749999582767487 
21750000,0.18250000476837158 
21760000,0.16500000655651093 
21770000,0.19750000536441803 
21780000,0.1875 
21790000,0.19249999523162842 
21800000,0.1899999976158142 
21810000,0.1899999976158142 
21820000,0.19750000536441803 
21830000,0.20749999582767487 
21840000,0.20250000059604645 
21850000,0.19750000536441803 
21860000,0.1850000023841858 
21870000,0.18250000476837158 
21880000,0.19750000536441803 
21890000,0.1899999976158142 
21900000,0.17499999701976776 
21910000,0.17749999463558197 
21920000,0.19499999284744263 
21930000,0.19499999284744263 
21940000,0.19249999523162842 
21950000,0.18250000476837158 
21960000,0.17249999940395355 
21970000,0.1899999976158142 
21980000,0.1875 
21990000,0.17249999940395355 
22000000,0.17249999940395355 
22010000,0.17000000178813934 
22020000,0.1899999976158142 
22030000,0.20999999344348907 
22040000,0.18250000476837158 
22050000,0.1899999976158142 
22060000,0.17249999940395355 
22070000,0.19249999523162842 
22080000,0.16500000655651093 
22090000,0.20000000298023224 
22100000,0.1850000023841858 
22110000,0.19750000536441803 
22120000,0.19499999284744263 
22130000,0.1875 
22140000,0.18250000476837158 
22150000,0.16750000417232513 
22160000,0.19249999523162842 
22170000,0.18000000715255737 
22180000,0.1899999976158142 
22190000,0.1850000023841858 
22200000,0.19249999523162842 
22210000,0.17000000178813934 
22220000,0.1899999976158142 
22230000,0.1875 
22240000,0.18000000715255737 
22250000,0.1899999976158142 
22260000,0.19249999523162842 
22270000,0.18250000476837158 
22280000,0.17499999701976776 
22290000,0.18000000715255737 
22300000,0.1875 
22310000,0.19249999523162842 
22320000,0.1899999976158142 
22330000,0.19750000536441803 
22340000,0.2150000035762787 
22350000,0.1875 
22360000,0.17249999940395355 
22370000,0.17749999463558197 
22380000,0.20499999821186066 
22390000,0.20000000298023224 
22400000,0.1850000023841858 
22410000,0.18250000476837158 
22420000,0.1850000023841858 
22430000,0.19750000536441803 
22440000,0.20999999344348907 
22450000,0.20250000059604645 
22460000,0.21250000596046448 
22470000,0.19249999523162842 
22480000,0.2150000035762787 
22490000,0.22750000655651093 
22500000,0.18250000476837158 
22510000,0.1875 
22520000,0.20999999344348907 
22530000,0.19750000536441803 
22540000,0.20749999582767487 
22550000,0.1850000023841858 
22560000,0.20250000059604645 
22570000,0.20499999821186066 
22580000,0.19249999523162842 
22590000,0.2175000011920929 
22600000,0.18000000715255737 
22610000,0.18250000476837158 
22620000,0.20999999344348907 
22630000,0.1875 
22640000,0.20749999582767487 
22650000,0.1875 
22660000,0.20000000298023224 
22670000,0.20000000298023224 
22680000,0.17249999940395355 
22690000,0.1875 
22700000,0.20250000059604645 
22710000,0.20000000298023224 
22720000,0.19499999284744263 
22730000,0.18250000476837158 
22740000,0.1899999976158142 
22750000,0.2175000011920929 
22760000,0.18000000715255737 
22770000,0.19249999523162842 
22780000,0.18000000715255737 
22790000,0.1899999976158142 
22800000,0.19750000536441803 
22810000,0.17749999463558197 
22820000,0.1875 
22830000,0.19750000536441803 
22840000,0.20749999582767487 
22850000,0.1875 
22860000,0.18000000715255737 
22870000,0.19499999284744263 
22880000,0.1875 
22890000,0.19750000536441803 
22900000,0.20499999821186066 
22910000,0.20000000298023224 
22920000,0.19249999523162842 
22930000,0.18250000476837158 
22940000,0.17499999701976776 
22950000,0.19499999284744263 
22960000,0.1875 
22970000,0.18250000476837158 
22980000,0.1850000023841858 
22990000,0.20499999821186066 
23000000,0.1850000023841858 
23010000,0.1875 
23020000,0.1875 
23030000,0.17249999940395355 
23040000,0.20749999582767487 
23050000,0.17000000178813934 
23060000,0.18000000715255737 
23070000,0.1850000023841858 
23080000,0.1875 
23090000,0.20000000298023224 
23100000,0.20250000059604645 
23110000,0.19249999523162842 
23120000,0.17499999701976776 
23130000,0.17499999701976776 
23140000,0.1899999976158142 
23150000,0.19249999523162842 
23160000,0.20499999821186066 
23170000,0.19499999284744263 
23180000,0.1850000023841858 
23190000,0.18000000715255737 
23200000,0.1875 
23210000,0.17749999463558197 
23220000,0.1850000023841858 
23230000,0.19249999523162842 
23240000,0.19249999523162842 
23250000,0.1899999976158142 
23260000,0.19750000536441803 
23270000,0.20250000059604645 
23280000,0.18000000715255737 
23290000,0.19249999523162842 
23300000,0.1875 
23310000,0.1899999976158142 
23320000,0.18250000476837158 
23330000,0.19750000536441803 
23340000,0.21250000596046448 
23350000,0.17000000178813934 
23360000,0.1850000023841858 
23370000,0.19249999523162842 
23380000,0.1875 
23390000,0.20250000059604645 
23400000,0.17499999701976776 
23410000,0.17249999940395355 
23420000,0.19249999523162842 
23430000,0.20749999582767487 
23440000,0.18000000715255737 
23450000,0.17499999701976776 
23460000,0.20250000059604645 
23470000,0.1850000023841858 
23480000,0.17000000178813934 
23490000,0.1850000023841858 
23500000,0.19750000536441803 
23510000,0.1875 
23520000,0.20000000298023224 
23530000,0.1875 
23540000,0.18250000476837158 
23550000,0.17000000178813934 
23560000,0.16750000417232513 
23570000,0.19499999284744263 
23580000,0.20999999344348907 
23590000,0.20250000059604645 
23600000,0.17749999463558197 
23610000,0.20000000298023224 
23620000,0.17749999463558197 
23630000,0.20000000298023224 
23640000,0.18250000476837158 
23650000,0.1850000023841858 
23660000,0.20499999821186066 
23670000,0.1850000023841858 
23680000,0.20000000298023224 
23690000,0.20749999582767487 
23700000,0.1850000023841858 
23710000,0.20000000298023224 
23720000,0.18250000476837158 
23730000,0.1850000023841858 
23740000,0.19499999284744263 
23750000,0.1850000023841858 
23760000,0.1899999976158142 
23770000,0.18250000476837158 
23780000,0.16500000655651093 
23790000,0.1875 
23800000,0.20250000059604645 
23810000,0.19499999284744263 
23820000,0.1875 
23830000,0.19249999523162842 
23840000,0.1875 
23850000,0.1899999976158142 
23860000,0.17749999463558197 
23870000,0.1850000023841858 
23880000,0.1599999964237213 
23890000,0.16750000417232513 
23900000,0.20499999821186066 
23910000,0.19249999523162842 
23920000,0.20000000298023224 
23930000,0.19750000536441803 
23940000,0.1899999976158142 
23950000,0.1899999976158142 
23960000,0.18000000715255737 
23970000,0.19750000536441803 
23980000,0.20250000059604645 
23990000,0.19249999523162842 
24000000,0.19249999523162842 
24010000,0.1899999976158142 
24020000,0.2150000035762787 
24030000,0.20749999582767487 
24040000,0.1899999976158142 
24050000,0.19499999284744263 
24060000,0.20250000059604645 
24070000,0.2175000011920929 
24080000,0.19750000536441803 
24090000,0.1850000023841858 
24100000,0.1875 
24110000,0.20250000059604645 
24120000,0.19499999284744263 
24130000,0.22499999403953552 
24140000,0.20499999821186066 
24150000,0.20499999821186066 
24160000,0.2199999988079071 
24170000,0.1899999976158142 
24180000,0.1899999976158142 
24190000,0.1899999976158142 
24200000,0.20000000298023224 
24210000,0.1899999976158142 
24220000,0.19249999523162842 
24230000,0.16500000655651093 
24240000,0.2150000035762787 
24250000,0.20749999582767487 
24260000,0.20000000298023224 
24270000,0.19499999284744263 
24280000,0.19499999284744263 
24290000,0.2199999988079071 
24300000,0.19499999284744263 
24310000,0.17499999701976776 
24320000,0.1899999976158142 
24330000,0.17499999701976776 
24340000,0.20999999344348907 
24350000,0.20250000059604645 
24360000,0.1850000023841858 
24370000,0.19750000536441803 
24380000,0.1899999976158142 
24390000,0.20250000059604645 
24400000,0.19750000536441803 
24410000,0.19499999284744263 
24420000,0.20000000298023224 
24430000,0.18250000476837158 
24440000,0.1899999976158142 
24450000,0.20250000059604645 
24460000,0.2224999964237213 
24470000,0.19750000536441803 
24480000,0.20499999821186066 
24490000,0.20749999582767487 
24500000,0.17249999940395355 
24510000,0.20250000059604645 
24520000,0.21250000596046448 
24530000,0.1875 
24540000,0.1875 
24550000,0.2150000035762787 
24560000,0.18250000476837158 
24570000,0.18000000715255737 
24580000,0.20749999582767487 
24590000,0.20000000298023224 
24600000,0.20000000298023224 
24610000,0.1875 
24620000,0.19750000536441803 
24630000,0.19249999523162842 
24640000,0.20000000298023224 
24650000,0.1850000023841858 
24660000,0.20749999582767487 
24670000,0.20749999582767487 
24680000,0.20749999582767487 
24690000,0.20000000298023224 
24700000,0.22499999403953552 
24710000,0.1875 
24720000,0.1899999976158142 
24730000,0.19750000536441803 
24740000,0.18250000476837158 
24750000,0.19249999523162842 
24760000,0.16750000417232513 
24770000,0.2150000035762787 
24780000,0.20499999821186066 
24790000,0.2150000035762787 
24800000,0.19249999523162842 
24810000,0.20749999582767487 
24820000,0.20250000059604645 
24830000,0.1899999976158142 
24840000,0.19499999284744263 
24850000,0.21250000596046448 
24860000,0.19499999284744263 
24870000,0.20999999344348907 
24880000,0.20499999821186066 
24890000,0.1850000023841858 
24900000,0.20000000298023224 
24910000,0.18250000476837158 
24920000,0.18250000476837158 
24930000,0.18000000715255737 
24940000,0.1875 
24950000,0.21250000596046448 
24960000,0.18250000476837158 
24970000,0.19499999284744263 
24980000,0.17499999701976776 
24990000,0.18250000476837158 
25000000,0.20000000298023224 
25010000,0.21250000596046448 
25020000,0.1899999976158142 
25030000,0.16500000655651093 
25040000,0.20749999582767487 
25050000,0.18250000476837158 
25060000,0.17749999463558197 
25070000,0.20000000298023224 
25080000,0.1899999976158142 
25090000,0.19750000536441803 
25100000,0.17749999463558197 
25110000,0.19249999523162842 
25120000,0.17249999940395355 
25130000,0.16750000417232513 
25140000,0.16750000417232513 
25150000,0.1875 
25160000,0.20250000059604645 
25170000,0.19249999523162842 
25180000,0.20499999821186066 
25190000,0.19499999284744263 
25200000,0.1899999976158142 
25210000,0.1875 
25220000,0.19750000536441803 
25230000,0.16249999403953552 
25240000,0.1899999976158142 
25250000,0.18250000476837158 
25260000,0.19499999284744263 
25270000,0.18000000715255737 
25280000,0.1899999976158142 
25290000,0.1875 
25300000,0.18000000715255737 
25310000,0.18000000715255737 
25320000,0.19750000536441803 
25330000,0.20000000298023224 
25340000,0.20749999582767487 
25350000,0.20000000298023224 
25360000,0.1899999976158142 
25370000,0.1599999964237213 
25380000,0.19750000536441803 
25390000,0.19249999523162842 
25400000,0.20499999821186066 
25410000,0.20250000059604645 
25420000,0.20250000059604645 
25430000,0.19499999284744263 
25440000,0.20000000298023224 
25450000,0.19499999284744263 
25460000,0.20000000298023224 
25470000,0.1875 
25480000,0.20250000059604645 
25490000,0.20499999821186066 
25500000,0.1875 
25510000,0.1899999976158142 
25520000,0.1899999976158142 
25530000,0.2224999964237213 
25540000,0.19499999284744263 
25550000,0.1875 
25560000,0.20250000059604645 
25570000,0.20000000298023224 
25580000,0.20000000298023224 
25590000,0.19249999523162842 
25600000,0.19249999523162842 
25610000,0.2175000011920929 
25620000,0.17749999463558197 
25630000,0.16750000417232513 
25640000,0.1875 
25650000,0.19499999284744263 
25660000,0.20250000059604645 
25670000,0.20999999344348907 
25680000,0.19750000536441803 
25690000,0.20250000059604645 
25700000,0.20250000059604645 
25710000,0.20499999821186066 
25720000,0.1850000023841858 
25730000,0.17749999463558197 
25740000,0.19499999284744263 
25750000,0.19499999284744263 
25760000,0.19249999523162842 
25770000,0.19499999284744263 
25780000,0.20999999344348907 
25790000,0.18250000476837158 
25800000,0.1850000023841858 
25810000,0.20749999582767487 
25820000,0.20000000298023224 
25830000,0.20250000059604645 
25840000,0.1899999976158142 
25850000,0.18000000715255737 
25860000,0.1850000023841858 
25870000,0.20250000059604645 
25880000,0.20250000059604645 
25890000,0.1875 
25900000,0.19499999284744263 
25910000,0.19750000536441803 
25920000,0.20749999582767487 
25930000,0.1899999976158142 
25940000,0.20000000298023224 
25950000,0.2224999964237213 
25960000,0.18250000476837158 
25970000,0.20250000059604645 
25980000,0.1875 
25990000,0.20499999821186066 
26000000,0.20499999821186066 
26010000,0.20499999821186066 
26020000,0.2150000035762787 
26030000,0.1899999976158142 
26040000,0.2199999988079071 
26050000,0.20999999344348907 
26060000,0.2199999988079071 
26070000,0.1899999976158142 
26080000,0.19499999284744263 
26090000,0.1875 
26100000,0.20250000059604645 
26110000,0.2199999988079071 
26120000,0.17749999463558197 
26130000,0.19499999284744263 
26140000,0.19750000536441803 
26150000,0.20000000298023224 
26160000,0.1899999976158142 
26170000,0.19499999284744263 
26180000,0.20250000059604645 
26190000,0.19249999523162842 
26200000,0.1875 
26210000,0.19750000536441803 
26220000,0.1875 
26230000,0.20499999821186066 
26240000,0.19499999284744263 
26250000,0.17749999463558197 
26260000,0.20749999582767487 
26270000,0.18250000476837158 
26280000,0.20499999821186066 
26290000,0.20000000298023224 
26300000,0.19499999284744263 
26310000,0.20749999582767487 
26320000,0.20000000298023224 
26330000,0.18250000476837158 
26340000,0.20250000059604645 
26350000,0.20499999821186066 
26360000,0.1899999976158142 
26370000,0.20499999821186066 
26380000,0.17499999701976776 
26390000,0.20499999821186066 
26400000,0.19750000536441803 
26410000,0.1850000023841858 
26420000,0.20250000059604645 
26430000,0.20250000059604645 
26440000,0.20749999582767487 
26450000,0.20000000298023224 
26460000,0.20499999821186066 
26470000,0.20749999582767487 
26480000,0.1875 
26490000,0.19499999284744263 
26500000,0.20000000298023224 
26510000,0.20749999582767487 
26520000,0.19249999523162842 
26530000,0.20250000059604645 
26540000,0.19750000536441803 
26550000,0.19499999284744263 
26560000,0.1875 
26570000,0.1899999976158142 
26580000,0.2150000035762787 
26590000,0.1899999976158142 
26600000,0.19750000536441803 
26610000,0.17249999940395355 
26620000,0.20749999582767487 
26630000,0.19499999284744263 
26640000,0.17499999701976776 
26650000,0.16500000655651093 
26660000,0.17749999463558197 
26670000,0.19750000536441803 
26680000,0.1875 
26690000,0.1850000023841858 
26700000,0.17249999940395355 
26710000,0.19750000536441803 
26720000,0.18000000715255737 
26730000,0.19249999523162842 
26740000,0.20250000059604645 
26750000,0.19750000536441803 
26760000,0.19249999523162842 
26770000,0.1899999976158142 
26780000,0.1850000023841858 
26790000,0.19249999523162842 
26800000,0.19499999284744263 
26810000,0.1875 
26820000,0.20000000298023224 
26830000,0.20749999582767487 
26840000,0.19499999284744263 
26850000,0.20250000059604645 
26860000,0.21250000596046448 
26870000,0.18250000476837158 
26880000,0.20499999821186066 
26890000,0.19249999523162842 
26900000,0.17749999463558197 
26910000,0.19499999284744263 
26920000,0.1899999976158142 
26930000,0.20000000298023224 
26940000,0.19249999523162842 
26950000,0.1850000023841858 
26960000,0.17499999701976776 
26970000,0.1875 
26980000,0.19499999284744263 
26990000,0.20000000298023224 
27000000,0.20749999582767487 
27010000,0.19750000536441803 
27020000,0.20000000298023224 
27030000,0.21250000596046448 
27040000,0.17749999463558197 
27050000,0.17499999701976776 
27060000,0.19249999523162842 
27070000,0.1875 
27080000,0.20000000298023224 
27090000,0.19750000536441803 
27100000,0.1850000023841858 
27110000,0.20749999582767487 
27120000,0.21250000596046448 
27130000,0.1899999976158142 
27140000,0.18250000476837158 
27150000,0.2175000011920929 
27160000,0.20499999821186066 
27170000,0.20499999821186066 
27180000,0.20999999344348907 
27190000,0.2150000035762787 
27200000,0.21250000596046448 
27210000,0.17749999463558197 
27220000,0.20499999821186066 
27230000,0.2175000011920929 
27240000,0.20749999582767487 
27250000,0.20000000298023224 
27260000,0.19750000536441803 
27270000,0.20250000059604645 
27280000,0.20000000298023224 
27290000,0.20250000059604645 
27300000,0.2150000035762787 
27310000,0.1899999976158142 
27320000,0.1850000023841858 
27330000,0.20000000298023224 
27340000,0.22499999403953552 
27350000,0.20250000059604645 
27360000,0.20250000059604645 
27370000,0.20999999344348907 
27380000,0.20250000059604645 
27390000,0.20000000298023224 
27400000,0.1875 
27410000,0.18000000715255737 
27420000,0.19750000536441803 
27430000,0.1899999976158142 
27440000,0.2150000035762787 
27450000,0.19750000536441803 
27460000,0.20499999821186066 
27470000,0.2199999988079071 
27480000,0.19249999523162842 
27490000,0.20250000059604645 
27500000,0.20499999821186066 
