10007,0.009999999776482582 
20000,0.0 
30009,0.0 
40011,0.009999999776482582 
50011,0.0 
60016,0.029999999329447746 
70014,0.0 
80024,0.009999999776482582 
90020,0.009999999776482582 
100003,0.009999999776482582 
110009,0.009999999776482582 
120022,0.019999999552965164 
130011,0.03999999910593033 
140010,0.0 
150017,0.0 
160009,0.009999999776482582 
170001,0.0 
180009,0.009999999776482582 
190004,0.019999999552965164 
200010,0.009999999776482582 
210017,0.009999999776482582 
220003,0.009999999776482582 
230013,0.009999999776482582 
240020,0.009999999776482582 
250022,0.009999999776482582 
260017,0.0 
270006,0.019999999552965164 
280001,0.009999999776482582 
290012,0.0 
300003,0.009999999776482582 
310002,0.0 
320002,0.0 
330004,0.009999999776482582 
340019,0.0 
350006,0.0 
360024,0.009999999776482582 
370024,0.019999999552965164 
380002,0.019999999552965164 
390017,0.019999999552965164 
400020,0.019999999552965164 
410011,0.009999999776482582 
420007,0.019999999552965164 
430011,0.009999999776482582 
440002,0.0 
450000,0.029999999329447746 
460008,0.0 
470017,0.009999999776482582 
480006,0.0 
490013,0.0 
500004,0.029999999329447746 
510018,0.019999999552965164 
520022,0.019999999552965164 
530011,0.009999999776482582 
540013,0.029999999329447746 
550004,0.019999999552965164 
560019,0.0 
570023,0.019999999552965164 
580005,0.009999999776482582 
590008,0.0 
600012,0.019999999552965164 
610001,0.009999999776482582 
620009,0.019999999552965164 
630020,0.009999999776482582 
640021,0.029999999329447746 
650014,0.0 
660015,0.0 
670002,0.019999999552965164 
680002,0.029999999329447746 
690020,0.009999999776482582 
700012,0.03999999910593033 
710002,0.019999999552965164 
720019,0.0 
730021,0.0 
740017,0.0 
750015,0.029999999329447746 
760009,0.0 
770017,0.03999999910593033 
780019,0.009999999776482582 
790003,0.019999999552965164 
800004,0.009999999776482582 
810019,0.019999999552965164 
820008,0.0 
830017,0.009999999776482582 
840013,0.009999999776482582 
850014,0.009999999776482582 
860006,0.009999999776482582 
870021,0.009999999776482582 
880018,0.009999999776482582 
890003,0.009999999776482582 
900021,0.029999999329447746 
910023,0.009999999776482582 
920005,0.019999999552965164 
930002,0.0 
940003,0.0 
950008,0.019999999552965164 
960005,0.0 
970010,0.019999999552965164 
980020,0.0 
990014,0.019999999552965164 
1000004,0.019999999552965164 
1010002,0.019999999552965164 
1020013,0.009999999776482582 
1030005,0.009999999776482582 
1040007,0.0 
1050006,0.019999999552965164 
1060009,0.0 
1070013,0.0 
1080022,0.019999999552965164 
1090020,0.009999999776482582 
1100007,0.05000000074505806 
1110016,0.09000000357627869 
1120021,0.03999999910593033 
1130009,0.019999999552965164 
1140000,0.009999999776482582 
1150006,0.009999999776482582 
1160003,0.05000000074505806 
1170002,0.03999999910593033 
1180022,0.029999999329447746 
1190006,0.009999999776482582 
1200014,0.029999999329447746 
1210007,0.009999999776482582 
1220010,0.05000000074505806 
1230003,0.03999999910593033 
1240009,0.029999999329447746 
1250019,0.03999999910593033 
1260011,0.019999999552965164 
1270001,0.029999999329447746 
1280008,0.07999999821186066 
1290005,0.019999999552965164 
1300019,0.019999999552965164 
1310003,0.019999999552965164 
1320008,0.07999999821186066 
1330006,0.03999999910593033 
1340011,0.0 
1350011,0.07999999821186066 
1360013,0.07000000029802322 
1370010,0.09000000357627869 
1380012,0.07999999821186066 
1390012,0.07999999821186066 
1400022,0.07999999821186066 
1410005,0.10999999940395355 
1420005,0.05000000074505806 
1430018,0.10000000149011612 
1440014,0.11999999731779099 
1450024,0.10000000149011612 
1460014,0.05999999865889549 
1470011,0.12999999523162842 
1480010,0.11999999731779099 
1490015,0.11999999731779099 
1500021,0.15000000596046448 
1510006,0.17000000178813934 
1520017,0.05999999865889549 
1530013,0.07000000029802322 
1540022,0.14000000059604645 
1550014,0.15000000596046448 
1560017,0.07000000029802322 
1570003,0.10999999940395355 
1580008,0.12999999523162842 
1590024,0.1599999964237213 
1600005,0.20999999344348907 
1610018,0.2199999988079071 
1620001,0.2199999988079071 
1630013,0.1599999964237213 
1640016,0.1899999976158142 
1650006,0.15000000596046448 
1660003,0.25 
1670001,0.3100000023841858 
1680021,0.2199999988079071 
1690002,0.2199999988079071 
1700008,0.27000001072883606 
1710013,0.25999999046325684 
1720015,0.3199999928474426 
1730020,0.25999999046325684 
1740016,0.2800000011920929 
1750007,0.36000001430511475 
1760001,0.3400000035762787 
1770008,0.33000001311302185 
1780013,0.3499999940395355 
1790023,0.41999998688697815 
1800015,0.5 
1810002,0.4699999988079071 
1820008,0.5 
1830005,0.5 
1840001,0.46000000834465027 
1850005,0.5299999713897705 
1860010,0.5299999713897705 
1870014,0.550000011920929 
1880008,0.5899999737739563 
1890009,0.550000011920929 
1900002,0.5 
1910005,0.6299999952316284 
1920007,0.7300000190734863 
1930022,0.6299999952316284 
1940024,0.6899999976158142 
1950018,0.6700000166893005 
1960006,0.7599999904632568 
1970006,0.6800000071525574 
1980014,0.699999988079071 
1990000,0.7799999713897705 
2000000,0.7699999809265137 
2010001,0.8199999928474426 
2020002,0.75 
2030002,0.8299999833106995 
2040005,0.8500000238418579 
2050022,0.8999999761581421 
2060001,0.9399999976158142 
2070008,0.8600000143051147 
2080004,0.8399999737739563 
2090007,0.8100000023841858 
2100003,0.9200000166893005 
2110000,0.8999999761581421 
2120006,0.9200000166893005 
2130008,0.949999988079071 
2140004,0.8999999761581421 
2150016,0.949999988079071 
2160004,0.9200000166893005 
2170006,0.9300000071525574 
2180002,0.9200000166893005 
2190014,0.949999988079071 
2200003,0.9399999976158142 
2210007,0.9599999785423279 
2220001,0.9700000286102295 
2230010,0.9599999785423279 
2240008,0.9599999785423279 
2250005,0.9100000262260437 
2260007,0.9700000286102295 
2270004,0.9599999785423279 
2280006,0.9599999785423279 
2290011,0.9599999785423279 
2300004,0.9100000262260437 
2310005,0.9100000262260437 
2320004,0.9599999785423279 
2330007,0.9700000286102295 
2340004,0.9599999785423279 
2350005,0.9599999785423279 
2360001,1.0 
2370004,0.9700000286102295 
2380002,0.949999988079071 
2390003,0.9800000190734863 
2400001,0.9599999785423279 
2410004,0.949999988079071 
2420000,0.9399999976158142 
2430004,0.9300000071525574 
2440003,0.949999988079071 
2450008,0.9800000190734863 
2460024,0.9700000286102295 
2470003,0.9700000286102295 
2480004,0.9700000286102295 
2490004,0.9800000190734863 
2500000,0.9700000286102295 
2510020,0.9900000095367432 
2520000,0.9300000071525574 
2530003,0.949999988079071 
2540001,0.9900000095367432 
2550003,0.9599999785423279 
2560000,0.9700000286102295 
2570020,0.9599999785423279 
2580001,0.949999988079071 
2590005,0.9800000190734863 
2600024,0.9300000071525574 
2610005,0.9800000190734863 
2620001,0.9599999785423279 
2630014,0.9399999976158142 
2640008,0.9900000095367432 
2650005,0.949999988079071 
2660006,0.9599999785423279 
2670009,0.9300000071525574 
2680004,0.9399999976158142 
2690004,0.9900000095367432 
2700011,0.9399999976158142 
2710000,0.949999988079071 
2720002,0.949999988079071 
2730002,0.949999988079071 
2740002,0.9399999976158142 
2750001,0.9700000286102295 
2760003,0.949999988079071 
2770008,0.9300000071525574 
2780002,0.9700000286102295 
2790008,0.9800000190734863 
2800023,0.9900000095367432 
2810000,0.9800000190734863 
2820004,0.9300000071525574 
2830000,0.9599999785423279 
2840006,0.9900000095367432 
2850001,0.9800000190734863 
2860017,0.949999988079071 
2870000,0.9800000190734863 
2880018,0.9599999785423279 
2890005,0.9800000190734863 
2900001,0.949999988079071 
2910002,0.9800000190734863 
2920003,0.9399999976158142 
2930006,0.9599999785423279 
2940001,0.9399999976158142 
2950000,0.9599999785423279 
2960003,0.9599999785423279 
2970001,0.9900000095367432 
2980004,0.9700000286102295 
2990015,0.9599999785423279 
3000001,0.9399999976158142 
3010003,0.9399999976158142 
3020002,0.9599999785423279 
3030002,0.9599999785423279 
3040001,0.9599999785423279 
3050009,0.9399999976158142 
3060004,0.9800000190734863 
3070014,0.9399999976158142 
3080002,0.9399999976158142 
3090015,0.9700000286102295 
3100004,0.9700000286102295 
3110003,0.9700000286102295 
3120004,0.9100000262260437 
3130018,0.9100000262260437 
3140001,0.9200000166893005 
3150013,0.9700000286102295 
3160021,0.9399999976158142 
3170003,0.949999988079071 
3180001,0.949999988079071 
3190002,0.949999988079071 
3200013,0.9399999976158142 
3210001,0.8700000047683716 
3220002,0.949999988079071 
3230000,0.9800000190734863 
3240004,0.9800000190734863 
3250004,0.949999988079071 
3260013,0.9599999785423279 
3270000,0.9800000190734863 
3280004,0.9900000095367432 
3290014,0.9399999976158142 
3300005,0.9900000095367432 
3310002,0.9399999976158142 
3320000,0.949999988079071 
3330002,0.9399999976158142 
3340005,0.9399999976158142 
3350001,0.9599999785423279 
3360006,0.9700000286102295 
3370000,0.9399999976158142 
3380017,0.9300000071525574 
3390003,0.949999988079071 
3400002,0.949999988079071 
3410001,0.9300000071525574 
3420009,0.9900000095367432 
3430001,0.9700000286102295 
3440002,0.9399999976158142 
3450023,0.9700000286102295 
3460010,0.9700000286102295 
3470003,0.949999988079071 
3480000,0.9800000190734863 
3490001,0.9700000286102295 
3500002,0.9700000286102295 
3510002,0.9800000190734863 
3520002,0.949999988079071 
3530006,0.9700000286102295 
3540003,0.949999988079071 
3550004,0.9900000095367432 
3560000,0.949999988079071 
3570000,0.9800000190734863 
3580010,0.949999988079071 
3590019,0.9800000190734863 
3600000,0.9599999785423279 
3610010,0.9399999976158142 
3620002,0.949999988079071 
3630005,0.9599999785423279 
3640005,0.9399999976158142 
3650006,0.9599999785423279 
3660005,0.949999988079071 
3670002,0.9700000286102295 
3680001,0.9900000095367432 
3690002,0.9599999785423279 
3700013,0.9800000190734863 
3710006,0.9599999785423279 
3720001,0.9599999785423279 
3730007,0.9800000190734863 
3740000,1.0 
3750009,0.9700000286102295 
3760018,0.9300000071525574 
3770008,0.9300000071525574 
3780008,0.9599999785423279 
3790004,0.9700000286102295 
3800004,0.9700000286102295 
3810000,0.9599999785423279 
3820013,0.9800000190734863 
3830005,0.9399999976158142 
3840006,0.9800000190734863 
3850004,0.9800000190734863 
3860008,0.9599999785423279 
3870002,1.0 
3880000,0.9800000190734863 
3890002,0.949999988079071 
3900005,0.9700000286102295 
3910018,0.9800000190734863 
3920000,0.9700000286102295 
3930008,0.9599999785423279 
3940000,0.9800000190734863 
3950001,0.9599999785423279 
3960000,0.9700000286102295 
3970000,0.9599999785423279 
3980008,0.9399999976158142 
3990006,0.9800000190734863 
4000002,0.9800000190734863 
4010004,0.9399999976158142 
4020006,0.9800000190734863 
4030006,0.9399999976158142 
4040006,0.9200000166893005 
4050006,0.9800000190734863 
4060001,0.9700000286102295 
4070005,0.9599999785423279 
4080004,0.9599999785423279 
4090000,0.9900000095367432 
4100002,0.9399999976158142 
4110001,0.9399999976158142 
4120005,0.9599999785423279 
4130000,0.9399999976158142 
4140006,0.9399999976158142 
4150005,0.949999988079071 
4160006,0.9700000286102295 
4170006,0.9399999976158142 
4180017,0.9800000190734863 
4190001,0.9700000286102295 
4200006,0.9900000095367432 
4210001,0.9599999785423279 
4220004,0.9700000286102295 
4230000,0.9599999785423279 
4240002,0.9100000262260437 
4250000,0.9399999976158142 
4260009,0.9300000071525574 
4270001,0.9700000286102295 
4280000,0.9700000286102295 
4290003,0.9599999785423279 
4300021,0.9300000071525574 
4310001,0.9300000071525574 
4320011,0.9300000071525574 
4330000,0.9399999976158142 
4340021,0.9599999785423279 
4350004,1.0 
4360001,0.949999988079071 
4370003,0.9300000071525574 
4380007,0.9200000166893005 
4390001,0.949999988079071 
4400000,0.9800000190734863 
4410007,0.9399999976158142 
4420015,0.9300000071525574 
4430005,0.949999988079071 
4440000,0.9599999785423279 
4450001,0.9700000286102295 
4460018,0.9599999785423279 
4470016,0.949999988079071 
4480002,0.9399999976158142 
4490008,0.9399999976158142 
4500004,0.9800000190734863 
4510002,0.9300000071525574 
4520001,0.9399999976158142 
4530004,0.949999988079071 
4540001,0.9800000190734863 
4550007,0.9599999785423279 
4560004,0.9399999976158142 
4570002,0.9599999785423279 
4580010,0.9700000286102295 
4590003,0.949999988079071 
4600005,0.949999988079071 
4610014,0.949999988079071 
4620005,0.9700000286102295 
4630004,0.9700000286102295 
4640001,1.0 
4650003,0.949999988079071 
4660003,0.949999988079071 
4670009,0.9599999785423279 
4680004,0.9599999785423279 
4690002,0.949999988079071 
4700016,0.9800000190734863 
4710018,0.9700000286102295 
4720004,0.9399999976158142 
4730008,0.949999988079071 
4740006,0.9800000190734863 
4750003,0.9200000166893005 
4760001,0.949999988079071 
4770010,0.9399999976158142 
4780004,0.9800000190734863 
4790006,0.9800000190734863 
4800001,0.9900000095367432 
4810005,0.9599999785423279 
4820007,0.9900000095367432 
4830000,0.9599999785423279 
4840008,0.9700000286102295 
4850005,0.9700000286102295 
4860000,0.9399999976158142 
4870002,0.9700000286102295 
4880004,0.9700000286102295 
4890000,0.9599999785423279 
4900006,0.9900000095367432 
4910004,0.9700000286102295 
4920005,0.949999988079071 
4930004,0.9399999976158142 
4940005,0.9800000190734863 
4950007,0.9900000095367432 
4960005,0.9599999785423279 
4970002,0.9599999785423279 
4980005,0.9399999976158142 
4990001,0.9700000286102295 
5000012,0.9300000071525574 
5010008,0.949999988079071 
5020017,0.949999988079071 
5030006,0.9599999785423279 
5040003,0.9700000286102295 
5050004,0.949999988079071 
5060017,0.9599999785423279 
5070007,0.9399999976158142 
5080023,0.9700000286102295 
5090004,0.9700000286102295 
5100003,0.9700000286102295 
5110001,0.9900000095367432 
5120005,0.9599999785423279 
5130003,0.9599999785423279 
5140003,0.9900000095367432 
5150000,0.9599999785423279 
5160005,0.9599999785423279 
5170021,0.9700000286102295 
5180003,0.949999988079071 
5190006,0.9300000071525574 
5200001,0.9700000286102295 
5210004,0.9800000190734863 
5220002,0.9300000071525574 
5230021,0.9599999785423279 
5240002,0.9800000190734863 
5250009,0.9700000286102295 
5260006,0.949999988079071 
5270004,0.9599999785423279 
5280001,0.9700000286102295 
5290000,0.9399999976158142 
5300001,0.9900000095367432 
5310007,0.9800000190734863 
5320016,0.9599999785423279 
5330015,0.949999988079071 
5340002,0.9200000166893005 
5350001,0.9599999785423279 
5360000,0.9800000190734863 
5370006,0.949999988079071 
5380003,0.949999988079071 
5390020,0.9599999785423279 
