110000,-192.0 
120000,-191.6999969482422 
130000,-192.5 
140000,-191.39999389648438 
150000,-191.3000030517578 
160000,-189.0 
170000,-190.1999969482422 
180000,-190.0 
190000,-187.6999969482422 
200000,-187.1999969482422 
210000,-187.10000610351562 
220000,-185.89999389648438 
230000,-187.39999389648438 
240000,-187.3000030517578 
250000,-186.39999389648438 
260000,-187.39999389648438 
270000,-185.1999969482422 
280000,-186.1999969482422 
290000,-184.1999969482422 
300000,-184.60000610351562 
310000,-185.10000610351562 
320000,-185.3000030517578 
330000,-179.60000610351562 
340000,-186.0 
350000,-182.0 
360031,-181.8000030517578 
370031,-180.60000610351562 
380031,-181.8000030517578 
390031,-180.60000610351562 
400031,-182.60000610351562 
410031,-181.5 
420031,-179.8000030517578 
430031,-180.1999969482422 
440031,-181.3000030517578 
450031,-180.1999969482422 
460031,-180.10000610351562 
470031,-180.10000610351562 
480031,-179.60000610351562 
490020,-179.0 
500020,-178.8000030517578 
510020,-180.39999389648438 
520020,-178.8000030517578 
530020,-179.10000610351562 
540020,-177.6999969482422 
550044,-179.6999969482422 
560044,-178.60000610351562 
570044,-177.89999389648438 
580009,-174.0 
590009,-178.60000610351562 
600009,-177.6999969482422 
610009,-177.5 
620009,-178.5 
630009,-178.60000610351562 
640009,-176.60000610351562 
650034,-175.0 
660034,-176.10000610351562 
670034,-176.39999389648438 
680034,-177.3000030517578 
690034,-177.10000610351562 
700034,-174.89999389648438 
710034,-177.3000030517578 
720034,-178.10000610351562 
730034,-175.5 
740034,-177.0 
750022,-175.32000732421875 
760022,-174.3000030517578 
770022,-175.1999969482422 
780022,-175.6999969482422 
790022,-175.89999389648438 
800001,-176.36000061035156 
810001,-178.1999969482422 
820030,-175.4199981689453 
830030,-175.39999389648438 
840030,-176.3000030517578 
850030,-176.5 
860030,-176.89999389648438 
870030,-176.5 
880008,-171.02000427246094 
890008,-175.3000030517578 
900029,-176.3000030517578 
910004,-175.3000030517578 
920004,-176.1999969482422 
930032,-172.52000427246094 
940032,-174.1999969482422 
950032,-173.1999969482422 
960027,-172.5 
970027,-175.60000610351562 
980027,-175.39999389648438 
990027,-173.3000030517578 
1000027,-174.8000030517578 
1010020,-171.9199981689453 
1020020,-176.0 
1030007,-171.5800018310547 
1040007,-173.1999969482422 
1050044,-169.67999267578125 
1060044,-173.6999969482422 
1070044,-174.39999389648438 
1080044,-173.5 
1090044,-172.5 
1100044,-172.1999969482422 
1110044,-172.5 
1120044,-171.89999389648438 
1130008,-169.66000366210938 
1140046,-168.75999450683594 
1150014,-171.3000030517578 
1160014,-172.10000610351562 
1170014,-172.39999389648438 
1180014,-173.3000030517578 
1190048,-170.55999755859375 
1200031,-171.0 
1210010,-169.3800048828125 
1220017,-167.25999450683594 
1230001,-170.60000610351562 
1240007,-172.39999389648438 
1250029,-171.0 
1260040,-166.24000549316406 
1270040,-170.5 
1280004,-170.5 
1290043,-168.36000061035156 
1300043,-170.0 
1310043,-170.6999969482422 
1320025,-171.1999969482422 
1330025,-167.89999389648438 
1340011,-170.3000030517578 
1350047,-168.1999969482422 
1360047,-169.60000610351562 
1370047,-167.89999389648438 
1380046,-166.86000061035156 
1390046,-169.6999969482422 
1400006,-165.63999938964844 
1410043,-169.94000244140625 
1420027,-166.63999938964844 
1430004,-164.52000427246094 
1440028,-167.3000030517578 
1450009,-166.39999389648438 
1460038,-161.75999450683594 
1470007,-169.5 
1480029,-162.27999877929688 
1490049,-166.66000366210938 
1500030,-167.5399932861328 
1510029,-167.25999450683594 
1520035,-166.02000427246094 
1530034,-165.86000061035156 
1540021,-163.8800048828125 
1550026,-163.8800048828125 
1560016,-165.52000427246094 
1570009,-164.3800048828125 
1580031,-160.8800048828125 
1590038,-164.0800018310547 
1600034,-165.36000061035156 
1610034,-166.24000549316406 
1620033,-163.0 
1630019,-163.9600067138672 
1640022,-153.33999633789062 
1650049,-158.77999877929688 
1660044,-163.36000061035156 
1670026,-162.36000061035156 
1680014,-153.9600067138672 
1690027,-162.67999267578125 
1700041,-159.47999572753906 
1710034,-167.1999969482422 
1720046,-163.55999755859375 
1730033,-160.25999450683594 
1740039,-158.05999755859375 
1750008,-163.55999755859375 
1760035,-161.5399932861328 
1770042,-159.47999572753906 
1780034,-162.3000030517578 
1790049,-163.36000061035156 
1800031,-161.9600067138672 
1810015,-160.39999389648438 
1820003,-155.47999572753906 
1830012,-161.0399932861328 
1840009,-162.10000610351562 
1850003,-159.60000610351562 
1860031,-157.89999389648438 
1870003,-161.72000122070312 
1880047,-154.0399932861328 
1890033,-146.6999969482422 
1900042,-158.22000122070312 
1910025,-155.6199951171875 
1920011,-159.36000061035156 
1930010,-150.02000427246094 
1940040,-155.82000732421875 
1950040,-155.36000061035156 
1960021,-159.4600067138672 
1970016,-151.05999755859375 
1980024,-150.3800048828125 
1990035,-156.32000732421875 
2000003,-151.3800048828125 
2010010,-151.67999267578125 
2020022,-150.55999755859375 
2030045,-147.55999755859375 
2040005,-144.83999633789062 
2050046,-151.17999267578125 
2060042,-157.33999633789062 
2070019,-151.0800018310547 
2080032,-148.5800018310547 
2090029,-148.8000030517578 
2100048,-133.4199981689453 
2110007,-144.13999938964844 
2120020,-152.25999450683594 
2130028,-152.44000244140625 
2140040,-144.6199951171875 
2150035,-144.89999389648438 
2160044,-151.10000610351562 
2170004,-141.8800048828125 
2180041,-140.1999969482422 
2190029,-141.32000732421875 
2200020,-154.66000366210938 
2210034,-143.89999389648438 
2220047,-131.9199981689453 
2230025,-146.22000122070312 
2240041,-153.8800048828125 
2250015,-146.25999450683594 
2260044,-144.74000549316406 
2270048,-140.75999450683594 
2280023,-151.6999969482422 
2290036,-155.47999572753906 
2300019,-149.25999450683594 
2310020,-133.8000030517578 
2320043,-150.74000549316406 
2330031,-139.13999938964844 
2340001,-132.94000244140625 
2350017,-135.4600067138672 
2360026,-149.86000061035156 
2370044,-128.0 
2380010,-134.77999877929688 
2390043,-147.94000244140625 
2400004,-141.89999389648438 
2410037,-140.44000244140625 
2420000,-131.10000610351562 
2430034,-129.94000244140625 
2440001,-135.17999267578125 
2450015,-123.22000122070312 
2460015,-150.66000366210938 
2470000,-145.66000366210938 
2480029,-130.67999267578125 
2490010,-144.32000732421875 
2500001,-138.39999389648438 
2510001,-140.5399932861328 
2520003,-115.68000030517578 
2530007,-150.16000366210938 
2540037,-144.22000122070312 
2550011,-138.4199981689453 
2560016,-143.1199951171875 
2570013,-141.8000030517578 
2580026,-135.16000366210938 
2590011,-134.94000244140625 
2600012,-132.9600067138672 
2610048,-137.27999877929688 
2620045,-128.9199981689453 
2630026,-124.33999633789062 
2640013,-134.67999267578125 
2650027,-152.24000549316406 
2660045,-127.4800033569336 
2670011,-132.89999389648438 
2680034,-125.5 
2690027,-128.66000366210938 
2700018,-125.9000015258789 
2710010,-129.5 
2720037,-127.5999984741211 
2730031,-127.62000274658203 
2740036,-133.39999389648438 
2750031,-129.6199951171875 
2760046,-119.62000274658203 
2770012,-111.94000244140625 
2780018,-128.75999450683594 
2790043,-125.58000183105469 
2800023,-127.66000366210938 
2810015,-116.63999938964844 
2820021,-129.32000732421875 
2830013,-103.44000244140625 
2840018,-116.22000122070312 
2850006,-112.36000061035156 
2860017,-108.12000274658203 
2870029,-112.54000091552734 
2880028,-124.04000091552734 
2890010,-98.36000061035156 
2900013,-72.22000122070312 
2910033,-118.95999908447266 
2920010,-104.27999877929688 
2930025,-92.13999938964844 
2940032,-101.9800033569336 
2950017,-92.4000015258789 
2960012,-72.9000015258789 
2970020,-92.45999908447266 
2980045,-94.27999877929688 
2990002,-86.66000366210938 
3000040,-82.27999877929688 
3010019,-93.0 
3020001,-100.80000305175781 
3030027,-89.83999633789062 
3040014,-82.69999694824219 
3050008,-74.22000122070312 
3060037,-84.91999816894531 
3070009,-82.68000030517578 
3080035,-66.08000183105469 
3090044,-86.0 
3100003,-81.16000366210938 
3110027,-54.91999816894531 
3120038,-77.16000366210938 
3130039,-79.72000122070312 
3140007,-82.36000061035156 
3150007,-77.73999786376953 
3160049,-67.19999694824219 
3170026,-69.95999908447266 
3180030,-88.26000213623047 
3190010,-67.81999969482422 
3200039,-72.5999984741211 
3210026,-82.13999938964844 
3220011,-76.76000213623047 
3230036,-77.4800033569336 
3240011,-74.08000183105469 
3250034,-66.63999938964844 
3260005,-62.959999084472656 
3270034,-95.31999969482422 
3280008,-71.66000366210938 
3290048,-78.41999816894531 
3300015,-71.81999969482422 
3310025,-77.31999969482422 
3320032,-87.86000061035156 
3330007,-57.68000030517578 
3340038,-74.9000015258789 
3350013,-66.31999969482422 
3360007,-78.5999984741211 
3370015,-71.77999877929688 
3380009,-73.94000244140625 
3390045,-76.13999938964844 
3400010,-79.08000183105469 
3410006,-77.72000122070312 
3420032,-82.80000305175781 
3430008,-79.13999938964844 
3440010,-86.12000274658203 
3450015,-86.73999786376953 
3460045,-71.18000030517578 
3470009,-89.72000122070312 
3480021,-69.66000366210938 
3490020,-75.0199966430664 
3500019,-83.27999877929688 
3510030,-77.30000305175781 
3520008,-80.37999725341797 
3530009,-89.31999969482422 
3540032,-79.58000183105469 
3550008,-75.9000015258789 
3560049,-79.72000122070312 
3570014,-84.83999633789062 
3580016,-87.77999877929688 
3590010,-86.19999694824219 
3600020,-79.0 
3610014,-105.33999633789062 
3620032,-94.55999755859375 
3630023,-93.62000274658203 
3640028,-95.0 
3650012,-105.23999786376953 
3660034,-101.63999938964844 
3670015,-90.76000213623047 
3680009,-104.80000305175781 
3690008,-120.54000091552734 
3700000,-104.68000030517578 
3710041,-95.26000213623047 
3720041,-115.23999786376953 
3730012,-109.63999938964844 
3740020,-105.27999877929688 
3750008,-111.19999694824219 
3760024,-108.31999969482422 
3770022,-114.54000091552734 
3780007,-104.16000366210938 
3790016,-108.4800033569336 
3800044,-94.55999755859375 
3810047,-113.4800033569336 
3820035,-100.68000030517578 
3830020,-117.45999908447266 
3840006,-110.30000305175781 
3850023,-96.87999725341797 
3860049,-119.81999969482422 
3870021,-110.69999694824219 
3880036,-103.23999786376953 
3890012,-114.72000122070312 
3900015,-95.86000061035156 
3910045,-116.5999984741211 
3920033,-106.27999877929688 
3930016,-108.26000213623047 
3940025,-98.63999938964844 
3950006,-71.36000061035156 
3960045,-100.05999755859375 
3970016,-79.26000213623047 
3980023,-97.05999755859375 
3990008,-95.66000366210938 
4000010,-85.12000274658203 
4010042,-65.36000061035156 
4020032,-61.779998779296875 
4030029,-75.69999694824219 
4040044,-70.95999908447266 
4050006,-64.62000274658203 
4060011,-79.0199966430664 
4070037,-67.9000015258789 
4080031,-78.76000213623047 
4090027,-73.54000091552734 
4100044,-73.26000213623047 
4110011,-51.900001525878906 
4120018,-48.459999084472656 
4130028,-68.69999694824219 
4140031,-68.27999877929688 
4150019,-71.19999694824219 
4160048,-53.060001373291016 
4170030,-57.220001220703125 
4180038,-53.040000915527344 
4190042,-69.05999755859375 
4200027,-59.7400016784668 
4210024,-77.22000122070312 
4220048,-54.20000076293945 
4230029,-63.0 
4240015,-60.439998626708984 
4250033,-57.380001068115234 
4260011,-85.22000122070312 
4270011,-62.70000076293945 
4280014,-61.41999816894531 
4290032,-68.33999633789062 
4300022,-58.880001068115234 
4310027,-74.58000183105469 
4320029,-75.87999725341797 
4330015,-80.45999908447266 
4340024,-33.880001068115234 
4350042,-55.02000045776367 
4360024,-61.20000076293945 
4370021,-62.86000061035156 
4380000,-70.58000183105469 
4390023,-57.459999084472656 
4400047,-72.68000030517578 
4410049,-82.13999938964844 
4420017,-67.54000091552734 
4430020,-56.31999969482422 
4440008,-45.20000076293945 
4450040,-43.18000030517578 
4460039,-47.959999084472656 
4470021,-42.52000045776367 
4480013,-46.560001373291016 
4490005,-58.099998474121094 
4500008,-62.91999816894531 
4510032,-43.540000915527344 
4520027,-64.72000122070312 
4530033,-37.880001068115234 
4540024,-73.80000305175781 
4550016,-68.87999725341797 
4560007,-78.23999786376953 
4570015,-66.30000305175781 
4580034,-64.04000091552734 
4590006,-75.12000274658203 
4600007,-58.97999954223633 
4610007,-60.560001373291016 
4620002,-79.27999877929688 
4630024,-45.779998779296875 
4640047,-45.0 
4650011,-70.80000305175781 
4660018,-63.880001068115234 
4670040,-52.36000061035156 
4680049,-60.619998931884766 
4690003,-42.880001068115234 
4700023,-70.36000061035156 
4710000,-51.86000061035156 
4720009,-50.7599983215332 
4730030,-76.4800033569336 
4740017,-50.2599983215332 
4750008,-52.20000076293945 
4760015,-46.08000183105469 
4770013,-57.2599983215332 
4780016,-57.060001373291016 
4790031,-60.68000030517578 
4800033,-53.36000061035156 
4810013,-47.65999984741211 
4820032,-78.19999694824219 
4830011,-57.91999816894531 
4840023,-71.37999725341797 
4850015,-59.5 
4860014,-74.08000183105469 
4870008,-69.45999908447266 
4880020,-86.55999755859375 
4890010,-70.0199966430664 
4900043,-84.19999694824219 
4910017,-69.91999816894531 
4920036,-61.220001220703125 
4930027,-71.62000274658203 
4940039,-83.45999908447266 
4950030,-95.63999938964844 
4960043,-90.04000091552734 
4970007,-75.08000183105469 
4980018,-92.62000274658203 
4990015,-98.5 
5000033,-81.19999694824219 
5010003,-83.36000061035156 
5020049,-75.12000274658203 
5030007,-95.87999725341797 
5040007,-90.19999694824219 
5050010,-72.9000015258789 
5060025,-87.27999877929688 
5070032,-76.12000274658203 
5080025,-93.0199966430664 
5090010,-83.91999816894531 
5100029,-91.55999755859375 
5110030,-95.72000122070312 
5120011,-78.83999633789062 
5130025,-86.76000213623047 
5140014,-60.400001525878906 
5150012,-95.12000274658203 
5160010,-67.58000183105469 
5170017,-78.16000366210938 
5180015,-86.18000030517578 
5190039,-71.63999938964844 
5200007,-71.23999786376953 
5210000,-60.5 
5220013,-57.36000061035156 
5230005,-59.36000061035156 
5240000,-99.94000244140625 
5250001,-41.36000061035156 
5260007,-59.29999923706055 
5270024,-56.02000045776367 
5280033,-59.70000076293945 
5290033,-58.65999984741211 
5300021,-55.380001068115234 
5310013,-49.380001068115234 
5320008,-37.18000030517578 
5330017,-74.94000244140625 
5340033,-47.7400016784668 
5350010,-62.18000030517578 
5360005,-58.41999816894531 
5370035,-47.220001220703125 
5380005,-59.619998931884766 
5390010,-29.579999923706055 
5400030,-42.15999984741211 
5410045,-39.439998626708984 
5420013,-57.84000015258789 
5430028,-63.439998626708984 
5440021,-44.91999816894531 
5450015,-58.720001220703125 
5460033,-47.34000015258789 
5470034,-46.220001220703125 
5480028,-31.040000915527344 
5490008,-45.040000915527344 
5500001,-55.68000030517578 
5510020,-42.20000076293945 
5520033,-59.720001220703125 
5530011,-53.099998474121094 
5540006,-53.91999816894531 
5550009,-53.779998779296875 
5560034,-64.44000244140625 
5570008,-50.41999816894531 
5580021,-48.34000015258789 
5590025,-65.63999938964844 
5600020,-26.739999771118164 
5610028,-47.880001068115234 
5620002,-56.7400016784668 
5630020,-60.31999969482422 
5640012,-69.77999877929688 
5650025,-43.7400016784668 
5660021,-53.81999969482422 
5670016,-55.7400016784668 
5680020,-54.880001068115234 
5690013,-51.380001068115234 
5700026,-56.58000183105469 
5710014,-53.68000030517578 
5720010,-27.739999771118164 
5730008,-59.68000030517578 
5740022,-53.36000061035156 
5750006,-68.4800033569336 
5760025,-76.63999938964844 
5770021,-59.36000061035156 
5780006,-52.099998474121094 
5790039,-48.279998779296875 
5800013,-47.15999984741211 
5810028,-43.599998474121094 
5820017,-59.86000061035156 
5830027,-56.400001525878906 
5840048,-36.619998931884766 
5850021,-46.7400016784668 
5860029,-68.04000091552734 
5870046,-45.220001220703125 
5880020,-39.2599983215332 
5890022,-53.02000045776367 
5900032,-41.0 
5910031,-55.099998474121094 
5920000,-49.439998626708984 
5930034,-40.400001525878906 
5940010,-45.560001373291016 
5950000,-53.20000076293945 
5960011,-63.08000183105469 
5970008,-58.720001220703125 
5980039,-50.34000015258789 
5990031,-49.560001373291016 
6000012,-49.060001373291016 
6010012,-59.720001220703125 
6020037,-33.79999923706055 
6030002,-59.060001373291016 
6040034,-32.619998931884766 
6050016,-39.84000015258789 
6060030,-45.380001068115234 
6070038,-55.939998626708984 
6080015,-31.059999465942383 
6090025,-47.15999984741211 
6100035,-42.65999984741211 
6110000,-40.13999938964844 
6120010,-61.7400016784668 
6130022,-51.36000061035156 
6140020,-57.36000061035156 
6150035,-41.2599983215332 
6160020,-58.7599983215332 
6170010,-65.72000122070312 
6180043,-57.099998474121094 
6190014,-62.18000030517578 
6200020,-66.44000244140625 
6210022,-59.31999969482422 
6220014,-52.52000045776367 
6230046,-64.68000030517578 
6240030,-73.5199966430664 
6250045,-62.08000183105469 
6260000,-68.27999877929688 
6270005,-61.220001220703125 
6280048,-69.26000213623047 
6290040,-69.77999877929688 
6300022,-71.4000015258789 
6310016,-74.9000015258789 
6320048,-53.7599983215332 
6330022,-66.37999725341797 
6340035,-76.27999877929688 
6350005,-74.12000274658203 
6360018,-66.4800033569336 
6370028,-105.5199966430664 
6380026,-61.79999923706055 
6390044,-84.18000030517578 
6400018,-81.36000061035156 
6410021,-81.58000183105469 
6420010,-74.45999908447266 
6430035,-50.47999954223633 
6440003,-70.5 
6450006,-52.58000183105469 
6460007,-61.099998474121094 
6470036,-56.400001525878906 
6480002,-34.040000915527344 
6490009,-51.560001373291016 
6500016,-70.73999786376953 
6510023,-49.099998474121094 
6520015,-28.360000610351562 
6530030,-52.400001525878906 
6540001,-51.02000045776367 
6550008,-63.5 
6560012,-48.65999984741211 
6570034,-56.31999969482422 
6580013,-48.900001525878906 
6590035,-49.13999938964844 
6600012,-54.779998779296875 
6610048,-56.720001220703125 
6620021,-49.599998474121094 
6630039,-41.060001373291016 
6640010,-43.65999984741211 
6650022,-41.220001220703125 
6660039,-60.959999084472656 
6670023,-78.16000366210938 
6680001,-62.279998779296875 
6690016,-61.08000183105469 
6700003,-46.81999969482422 
6710016,-46.880001068115234 
6720021,-62.29999923706055 
6730022,-43.52000045776367 
6740004,-59.20000076293945 
6750045,-66.54000091552734 
6760017,-65.91999816894531 
6770028,-43.34000015258789 
6780013,-63.86000061035156 
6790019,-34.79999923706055 
6800002,-22.780000686645508 
6810004,-60.7400016784668 
6820005,-33.099998474121094 
6830007,-47.97999954223633 
6840030,-61.20000076293945 
6850041,-58.41999816894531 
6860036,-67.45999908447266 
6870012,-64.36000061035156 
6880016,-57.2599983215332 
6890006,-59.20000076293945 
6900011,-57.439998626708984 
6910039,-39.13999938964844 
6920043,-49.52000045776367 
6930049,-61.7599983215332 
6940040,-55.599998474121094 
6950040,-47.97999954223633 
6960005,-56.279998779296875 
6970001,-66.5999984741211 
6980046,-25.799999237060547 
6990001,-47.099998474121094 
7000029,-50.400001525878906 
7010000,-45.70000076293945 
7020001,-38.7400016784668 
7030002,-45.7400016784668 
7040039,-43.060001373291016 
7050007,-30.479999542236328 
7060012,-43.7400016784668 
7070007,-37.65999984741211 
7080003,-78.87999725341797 
7090025,-51.619998931884766 
7100009,-40.939998626708984 
7110020,-51.31999969482422 
7120014,-30.920000076293945 
7130021,-19.719999313354492 
7140011,-71.5999984741211 
7150000,-41.13999938964844 
7160014,-54.779998779296875 
7170004,-52.779998779296875 
7180019,-71.62000274658203 
7190016,-37.47999954223633 
7200029,-48.459999084472656 
7210024,-28.739999771118164 
7220014,-32.880001068115234 
7230040,-23.600000381469727 
7240001,-37.599998474121094 
7250027,-44.619998931884766 
7260006,-55.79999923706055 
7270021,-40.459999084472656 
7280013,-59.900001525878906 
7290047,-45.540000915527344 
7300038,-43.279998779296875 
7310021,-33.099998474121094 
7320032,-62.36000061035156 
7330002,-24.639999389648438 
7340008,-39.34000015258789 
7350016,-41.08000183105469 
7360007,-68.87999725341797 
7370030,-35.47999954223633 
7380016,-24.600000381469727 
7390027,-37.939998626708984 
7400032,-50.720001220703125 
7410049,-55.880001068115234 
7420032,-54.720001220703125 
7430031,-51.41999816894531 
7440000,-31.639999389648438 
7450035,-58.02000045776367 
7460015,-59.2400016784668 
7470025,-55.7599983215332 
7480012,-43.5 
7490016,-71.05999755859375 
7500016,-63.119998931884766 
7510017,-70.69999694824219 
7520025,-53.70000076293945 
7530023,-59.52000045776367 
7540010,-59.31999969482422 
7550027,-45.18000030517578 
7560010,-65.5 
7570013,-55.279998779296875 
7580003,-60.29999923706055 
7590046,-67.76000213623047 
7600032,-39.02000045776367 
7610008,-75.83999633789062 
7620006,-58.720001220703125 
7630038,-73.91999816894531 
7640007,-60.779998779296875 
7650025,-60.7599983215332 
7660001,-63.7599983215332 
7670036,-68.12000274658203 
7680005,-58.36000061035156 
7690013,-65.69999694824219 
7700003,-67.13999938964844 
7710039,-59.29999923706055 
7720013,-64.86000061035156 
7730019,-65.9000015258789 
7740005,-75.08000183105469 
7750004,-71.87999725341797 
7760004,-54.599998474121094 
7770012,-53.599998474121094 
7780022,-59.880001068115234 
7790041,-61.63999938964844 
7800026,-58.540000915527344 
7810011,-54.119998931884766 
7820042,-72.77999877929688 
7830037,-40.68000030517578 
7840002,-62.040000915527344 
7850026,-50.20000076293945 
7860009,-71.87999725341797 
7870011,-43.65999984741211 
7880022,-26.3799991607666 
7890013,-43.040000915527344 
7900037,-57.560001373291016 
7910039,-33.599998474121094 
7920010,-52.720001220703125 
7930005,-62.279998779296875 
7940047,-56.279998779296875 
7950032,-50.720001220703125 
7960001,-47.2599983215332 
7970013,-57.939998626708984 
7980004,-25.1200008392334 
7990003,-52.18000030517578 
8000015,-31.860000610351562 
8010037,-47.63999938964844 
8020012,-60.47999954223633 
8030018,-30.639999389648438 
8040036,-54.65999984741211 
8050004,-30.459999084472656 
8060033,-46.900001525878906 
8070026,-36.619998931884766 
8080028,-59.119998931884766 
8090015,-51.779998779296875 
8100002,-39.459999084472656 
8110003,-32.20000076293945 
8120023,-52.439998626708984 
8130020,-46.84000015258789 
8140016,-41.2400016784668 
8150018,-54.2400016784668 
8160017,-36.63999938964844 
8170023,-55.68000030517578 
8180028,-46.7599983215332 
8190033,-54.13999938964844 
8200005,-44.720001220703125 
8210038,-40.15999984741211 
8220013,-50.68000030517578 
8230048,-48.63999938964844 
8240007,-56.70000076293945 
8250047,-42.34000015258789 
8260002,-61.79999923706055 
8270037,-36.060001373291016 
8280019,-50.400001525878906 
8290008,-53.900001525878906 
8300010,-39.91999816894531 
8310006,-46.20000076293945 
8320021,-47.720001220703125 
8330015,-53.13999938964844 
8340043,-51.34000015258789 
8350005,-71.69999694824219 
8360005,-22.6200008392334 
8370015,-42.540000915527344 
8380038,-63.880001068115234 
8390015,-51.13999938964844 
8400022,-41.20000076293945 
8410018,-46.459999084472656 
8420001,-64.83999633789062 
8430006,-49.02000045776367 
8440045,-37.41999816894531 
8450002,-51.36000061035156 
8460030,-57.7599983215332 
8470027,-42.52000045776367 
8480043,-31.1200008392334 
8490003,-57.5 
8500008,-54.880001068115234 
8510028,-56.47999954223633 
8520021,-50.119998931884766 
8530017,-35.91999816894531 
8540010,-42.220001220703125 
8550025,-47.380001068115234 
8560006,-41.380001068115234 
8570000,-71.0999984741211 
8580023,-49.619998931884766 
8590015,-62.13999938964844 
8600006,-61.63999938964844 
8610026,-63.619998931884766 
8620043,-55.540000915527344 
8630002,-52.02000045776367 
8640018,-43.58000183105469 
8650021,-33.7400016784668 
8660048,-41.099998474121094 
8670036,-48.2599983215332 
8680041,-51.41999816894531 
8690010,-35.36000061035156 
8700019,-56.91999816894531 
8710040,-64.27999877929688 
8720004,-47.279998779296875 
8730024,-57.279998779296875 
8740024,-43.599998474121094 
8750020,-61.720001220703125 
8760025,-56.52000045776367 
8770002,-59.880001068115234 
8780030,-62.279998779296875 
8790026,-52.880001068115234 
8800010,-53.0 
8810013,-41.2400016784668 
8820044,-66.27999877929688 
8830028,-56.119998931884766 
8840036,-60.84000015258789 
8850008,-40.619998931884766 
8860034,-60.41999816894531 
8870020,-54.880001068115234 
8880044,-67.81999969482422 
8890011,-54.86000061035156 
8900019,-73.63999938964844 
8910007,-53.70000076293945 
8920018,-63.119998931884766 
8930035,-51.36000061035156 
8940007,-55.29999923706055 
8950025,-48.439998626708984 
8960026,-62.7400016784668 
8970023,-69.30000305175781 
8980000,-74.9000015258789 
8990047,-46.439998626708984 
9000018,-41.29999923706055 
9010028,-60.619998931884766 
9020012,-54.86000061035156 
9030048,-49.63999938964844 
9040005,-51.099998474121094 
9050016,-88.77999877929688 
9060013,-63.619998931884766 
9070021,-55.119998931884766 
9080008,-70.19999694824219 
9090002,-34.900001525878906 
9100039,-26.15999984741211 
9110044,-59.779998779296875 
9120014,-44.560001373291016 
9130034,-65.04000091552734 
9140019,-57.15999984741211 
9150027,-34.060001373291016 
9160006,-48.220001220703125 
9170009,-66.5199966430664 
9180018,-45.060001373291016 
9190029,-58.959999084472656 
9200020,-60.099998474121094 
9210020,-43.02000045776367 
9220007,-36.060001373291016 
9230000,-46.81999969482422 
9240037,-54.34000015258789 
9250016,-56.63999938964844 
9260048,-47.060001373291016 
9270008,-59.0 
9280014,-39.119998931884766 
9290032,-29.600000381469727 
9300014,-54.08000183105469 
9310025,-34.20000076293945 
9320036,-53.720001220703125 
9330016,-53.599998474121094 
9340013,-37.68000030517578 
9350022,-57.58000183105469 
9360024,-40.91999816894531 
9370004,-48.84000015258789 
9380038,-31.079999923706055 
9390000,-43.47999954223633 
9400014,-46.220001220703125 
9410018,-45.20000076293945 
9420005,-46.900001525878906 
9430003,-37.65999984741211 
9440002,-63.13999938964844 
9450019,-50.18000030517578 
9460001,-54.779998779296875 
9470001,-46.900001525878906 
9480025,-41.52000045776367 
9490033,-46.08000183105469 
9500049,-49.36000061035156 
9510025,-66.0999984741211 
9520005,-51.400001525878906 
9530036,-60.099998474121094 
9540034,-42.380001068115234 
9550028,-73.41999816894531 
9560006,-44.79999923706055 
9570013,-43.279998779296875 
9580015,-69.4000015258789 
9590032,-30.399999618530273 
9600033,-34.13999938964844 
9610017,-65.76000213623047 
9620019,-59.720001220703125 
9630008,-41.779998779296875 
9640016,-47.47999954223633 
9650011,-43.13999938964844 
9660006,-82.36000061035156 
9670044,-40.900001525878906 
9680000,-36.84000015258789 
9690014,-62.86000061035156 
9700022,-62.02000045776367 
9710000,-41.0 
9720048,-44.15999984741211 
9730005,-45.02000045776367 
9740024,-64.33999633789062 
9750013,-55.439998626708984 
9760045,-54.060001373291016 
9770010,-33.099998474121094 
9780008,-45.7400016784668 
9790030,-48.380001068115234 
9800040,-42.20000076293945 
9810020,-62.880001068115234 
9820025,-52.65999984741211 
9830015,-21.459999084472656 
9840018,-30.399999618530273 
9850019,-37.34000015258789 
9860035,-28.639999389648438 
9870028,-50.41999816894531 
9880005,-36.84000015258789 
9890012,-42.36000061035156 
9900045,-41.58000183105469 
9910016,-54.939998626708984 
9920026,-45.099998474121094 
9930025,-30.639999389648438 
9940041,-42.84000015258789 
9950014,-42.81999969482422 
9960045,-49.52000045776367 
9970011,-47.560001373291016 
9980045,-55.08000183105469 
9990042,-48.560001373291016 
10000020,-23.979999542236328 
10010001,-47.279998779296875 
10020016,-67.94000244140625 
10030035,-73.4000015258789 
10040024,-55.34000015258789 
10050041,-24.020000457763672 
10060003,-64.5999984741211 
10070006,-54.380001068115234 
10080031,-71.9000015258789 
10090017,-62.36000061035156 
10100035,-77.0199966430664 
10110020,-64.94000244140625 
10120001,-76.76000213623047 
10130040,-54.52000045776367 
10140034,-69.94000244140625 
10150014,-80.23999786376953 
10160049,-89.08000183105469 
10170013,-69.54000091552734 
10180022,-77.30000305175781 
10190025,-63.7599983215332 
10200004,-52.439998626708984 
10210021,-72.91999816894531 
10220014,-53.70000076293945 
10230045,-76.4000015258789 
10240018,-70.68000030517578 
10250003,-45.7599983215332 
10260049,-93.55999755859375 
10270004,-69.86000061035156 
10280032,-47.7400016784668 
10290003,-68.45999908447266 
10300022,-56.7599983215332 
10310038,-42.47999954223633 
10320020,-64.9800033569336 
10330044,-64.77999877929688 
10340019,-50.040000915527344 
10350007,-63.20000076293945 
10360024,-63.97999954223633 
10370024,-45.29999923706055 
10380011,-53.2599983215332 
10390020,-51.279998779296875 
10400035,-47.02000045776367 
10410006,-41.02000045776367 
10420015,-39.58000183105469 
10430009,-46.86000061035156 
10440046,-50.5 
10450022,-54.900001525878906 
10460020,-33.20000076293945 
10470010,-50.0 
10480014,-60.36000061035156 
10490040,-51.86000061035156 
10500000,-61.2599983215332 
10510003,-38.08000183105469 
10520024,-70.31999969482422 
10530013,-34.560001373291016 
10540010,-38.619998931884766 
10550029,-30.360000610351562 
10560031,-56.68000030517578 
10570009,-32.58000183105469 
10580013,-33.060001373291016 
10590042,-44.91999816894531 
10600008,-45.720001220703125 
10610013,-29.700000762939453 
10620019,-35.2599983215332 
10630009,-34.63999938964844 
10640008,-49.29999923706055 
10650010,-56.099998474121094 
10660008,-49.400001525878906 
10670034,-61.7599983215332 
10680002,-50.400001525878906 
10690049,-43.58000183105469 
10700016,-58.63999938964844 
10710045,-51.459999084472656 
10720014,-39.70000076293945 
10730021,-48.31999969482422 
10740019,-40.34000015258789 
10750011,-43.68000030517578 
10760038,-31.959999084472656 
10770038,-55.939998626708984 
10780006,-56.119998931884766 
10790027,-54.08000183105469 
10800030,-38.79999923706055 
10810047,-38.86000061035156 
10820033,-49.720001220703125 
10830016,-61.36000061035156 
10840026,-64.5199966430664 
10850016,-40.119998931884766 
10860003,-52.540000915527344 
10870012,-50.15999984741211 
10880041,-34.84000015258789 
10890005,-71.41999816894531 
10900009,-62.20000076293945 
10910016,-74.62000274658203 
10920012,-71.83999633789062 
10930028,-55.70000076293945 
10940027,-38.70000076293945 
10950008,-52.459999084472656 
10960034,-59.779998779296875 
10970005,-44.02000045776367 
10980016,-60.08000183105469 
10990005,-39.97999954223633 
11000014,-57.279998779296875 
11010049,-42.58000183105469 
11020003,-53.63999938964844 
11030006,-57.119998931884766 
11040012,-56.15999984741211 
11050032,-56.13999938964844 
11060011,-62.79999923706055 
11070044,-66.86000061035156 
11080028,-43.18000030517578 
11090022,-46.220001220703125 
11100041,-52.91999816894531 
11110026,-28.739999771118164 
11120032,-60.2599983215332 
11130012,-19.520000457763672 
11140034,-51.97999954223633 
11150002,-27.31999969482422 
11160028,-55.279998779296875 
11170014,-43.97999954223633 
11180043,-55.70000076293945 
11190010,-50.84000015258789 
11200024,-36.599998474121094 
11210027,-45.08000183105469 
11220044,-45.63999938964844 
11230000,-59.2599983215332 
11240003,-40.91999816894531 
11250046,-23.020000457763672 
11260021,-54.34000015258789 
11270006,-62.099998474121094 
11280035,-34.63999938964844 
11290041,-50.79999923706055 
11300004,-68.76000213623047 
11310043,-47.220001220703125 
11320027,-47.779998779296875 
11330000,-42.65999984741211 
11340016,-62.65999984741211 
11350009,-40.52000045776367 
11360045,-69.36000061035156 
11370022,-65.04000091552734 
11380011,-81.13999938964844 
11390038,-87.08000183105469 
11400025,-84.80000305175781 
11410017,-77.12000274658203 
11420007,-80.27999877929688 
11430009,-80.86000061035156 
11440001,-85.44000244140625 
11450007,-81.31999969482422 
11460025,-84.23999786376953 
11470001,-75.69999694824219 
11480007,-78.95999908447266 
11490012,-63.7400016784668 
11500009,-66.63999938964844 
11510013,-85.5 
11520023,-67.12000274658203 
11530026,-61.119998931884766 
11540007,-81.26000213623047 
11550042,-61.86000061035156 
11560000,-72.13999938964844 
11570039,-81.22000122070312 
11580024,-63.63999938964844 
11590026,-70.37999725341797 
11600039,-62.63999938964844 
11610033,-56.2599983215332 
11620013,-57.0 
11630005,-53.0 
11640008,-76.05999755859375 
11650002,-60.5 
11660016,-53.779998779296875 
11670005,-29.020000457763672 
11680006,-48.779998779296875 
11690030,-55.099998474121094 
11700042,-53.7400016784668 
11710024,-51.939998626708984 
11720017,-61.7599983215332 
11730043,-43.439998626708984 
11740022,-41.84000015258789 
11750047,-38.08000183105469 
11760036,-29.65999984741211 
11770015,-52.7599983215332 
11780042,-41.119998931884766 
11790017,-40.79999923706055 
11800031,-66.36000061035156 
11810025,-33.36000061035156 
11820003,-57.58000183105469 
11830008,-35.70000076293945 
11840042,-81.4000015258789 
11850009,-67.80000305175781 
11860007,-43.81999969482422 
11870046,-49.2599983215332 
11880012,-40.15999984741211 
11890007,-48.81999969482422 
11900001,-64.54000091552734 
11910021,-68.31999969482422 
11920037,-35.279998779296875 
11930025,-50.81999969482422 
11940019,-66.77999877929688 
11950047,-50.65999984741211 
11960018,-52.060001373291016 
11970015,-39.7400016784668 
11980026,-45.18000030517578 
11990028,-37.2400016784668 
12000013,-44.31999969482422 
12010025,-65.18000030517578 
12020015,-58.47999954223633 
12030017,-45.099998474121094 
12040027,-50.34000015258789 
12050034,-41.63999938964844 
12060042,-46.86000061035156 
12070021,-40.400001525878906 
12080027,-44.279998779296875 
12090020,-42.619998931884766 
12100043,-42.18000030517578 
12110040,-68.41999816894531 
12120014,-41.68000030517578 
12130006,-54.939998626708984 
12140048,-55.81999969482422 
12150037,-62.08000183105469 
12160002,-50.119998931884766 
12170043,-56.439998626708984 
12180007,-40.84000015258789 
12190019,-49.380001068115234 
12200031,-36.58000183105469 
12210032,-37.79999923706055 
12220042,-48.119998931884766 
12230048,-74.30000305175781 
12240016,-48.439998626708984 
12250031,-58.720001220703125 
12260000,-84.86000061035156 
12270027,-65.36000061035156 
12280012,-72.5 
12290002,-62.599998474121094 
12300000,-48.15999984741211 
12310020,-59.81999969482422 
12320036,-60.619998931884766 
12330039,-67.9800033569336 
12340016,-43.86000061035156 
12350013,-46.880001068115234 
12360047,-38.7599983215332 
12370030,-63.2599983215332 
12380044,-42.91999816894531 
12390018,-51.47999954223633 
12400001,-63.29999923706055 
12410003,-58.439998626708984 
12420016,-43.619998931884766 
12430003,-81.9800033569336 
12440009,-59.41999816894531 
12450018,-50.380001068115234 
12460034,-54.15999984741211 
12470045,-50.91999816894531 
12480016,-47.13999938964844 
12490001,-24.200000762939453 
12500042,-50.119998931884766 
12510037,-58.08000183105469 
12520020,-37.58000183105469 
12530025,-53.380001068115234 
12540010,-44.63999938964844 
12550020,-51.86000061035156 
12560001,-46.02000045776367 
12570004,-55.540000915527344 
12580014,-32.7599983215332 
12590036,-56.02000045776367 
12600017,-74.31999969482422 
12610011,-79.87999725341797 
12620036,-58.81999969482422 
12630002,-80.04000091552734 
12640029,-88.37999725341797 
12650006,-65.9800033569336 
12660035,-75.55999755859375 
12670007,-61.720001220703125 
12680012,-76.76000213623047 
12690023,-78.66000366210938 
12700007,-83.44000244140625 
12710012,-63.900001525878906 
12720005,-66.18000030517578 
12730001,-64.41999816894531 
12740002,-92.4800033569336 
12750005,-75.37999725341797 
12760023,-81.66000366210938 
12770048,-77.83999633789062 
12780037,-85.95999908447266 
12790031,-77.91999816894531 
12800021,-60.5 
12810019,-67.0 
12820016,-87.94000244140625 
12830005,-76.91999816894531 
12840013,-48.41999816894531 
12850010,-69.16000366210938 
12860002,-62.459999084472656 
12870031,-55.880001068115234 
12880020,-57.79999923706055 
12890044,-54.119998931884766 
12900001,-64.76000213623047 
12910023,-52.220001220703125 
12920001,-63.63999938964844 
12930037,-50.02000045776367 
12940012,-54.15999984741211 
12950029,-72.44000244140625 
12960009,-21.780000686645508 
12970030,-43.18000030517578 
12980019,-47.119998931884766 
12990039,-50.91999816894531 
13000006,-36.47999954223633 
13010042,-43.040000915527344 
13020015,-46.29999923706055 
13030024,-55.119998931884766 
13040042,-24.5 
13050000,-47.779998779296875 
13060021,-48.099998474121094 
13070043,-49.65999984741211 
13080018,-30.6200008392334 
13090026,-54.91999816894531 
13100042,-61.040000915527344 
13110012,-32.119998931884766 
13120010,-41.2599983215332 
13130005,-40.02000045776367 
13140013,-43.619998931884766 
13150027,-25.65999984741211 
13160000,-63.70000076293945 
13170020,-63.20000076293945 
13180028,-34.79999923706055 
13190017,-34.47999954223633 
13200017,-60.779998779296875 
13210027,-43.720001220703125 
13220013,-55.779998779296875 
13230025,-40.81999969482422 
13240005,-51.400001525878906 
13250018,-49.52000045776367 
13260042,-41.5 
13270001,-47.91999816894531 
13280034,-74.08000183105469 
13290035,-46.52000045776367 
13300049,-64.19999694824219 
13310019,-43.619998931884766 
13320017,-59.959999084472656 
13330017,-51.15999984741211 
13340025,-64.58000183105469 
13350011,-47.84000015258789 
13360039,-34.68000030517578 
13370032,-59.91999816894531 
13380020,-41.380001068115234 
13390008,-51.29999923706055 
13400043,-63.02000045776367 
13410037,-46.41999816894531 
13420006,-57.58000183105469 
13430002,-36.47999954223633 
13440046,-53.36000061035156 
13450008,-36.119998931884766 
13460012,-51.63999938964844 
13470039,-34.040000915527344 
13480028,-38.040000915527344 
13490010,-65.95999908447266 
13500012,-53.29999923706055 
13510012,-72.0 
13520049,-55.91999816894531 
13530008,-72.66000366210938 
13540007,-63.36000061035156 
13550009,-68.9000015258789 
13560043,-43.91999816894531 
13570049,-67.91999816894531 
13580006,-45.459999084472656 
13590041,-49.81999969482422 
13600004,-49.20000076293945 
13610005,-48.560001373291016 
13620027,-61.63999938964844 
13630046,-52.15999984741211 
13640001,-80.77999877929688 
13650033,-69.86000061035156 
13660035,-45.380001068115234 
13670011,-65.33999633789062 
13680007,-60.099998474121094 
13690036,-45.79999923706055 
13700027,-71.5 
13710019,-61.2599983215332 
13720035,-57.720001220703125 
13730010,-60.939998626708984 
13740024,-56.47999954223633 
13750023,-44.68000030517578 
13760026,-38.459999084472656 
13770000,-55.65999984741211 
13780014,-48.02000045776367 
13790019,-43.91999816894531 
13800006,-53.70000076293945 
13810046,-41.2400016784668 
13820022,-67.5 
13830007,-48.2599983215332 
13840046,-25.579999923706055 
13850018,-51.5 
13860014,-58.279998779296875 
13870009,-66.5 
13880003,-65.0199966430664 
13890017,-84.0999984741211 
13900004,-42.29999923706055 
13910004,-41.220001220703125 
13920021,-54.060001373291016 
13930016,-70.0 
13940000,-67.04000091552734 
13950002,-74.41999816894531 
13960003,-61.5 
13970018,-68.87999725341797 
13980027,-86.0 
13990028,-78.16000366210938 
14000034,-82.13999938964844 
14010008,-81.31999969482422 
14020009,-74.31999969482422 
14030004,-75.9800033569336 
14040014,-95.72000122070312 
14050043,-85.13999938964844 
14060030,-73.80000305175781 
14070033,-66.0999984741211 
14080016,-57.41999816894531 
14090007,-82.23999786376953 
14100000,-84.31999969482422 
14110000,-76.5 
14120013,-90.0999984741211 
14130010,-77.76000213623047 
14140008,-53.720001220703125 
14150026,-61.58000183105469 
14160000,-69.33999633789062 
14170044,-51.880001068115234 
14180043,-53.279998779296875 
14190043,-62.400001525878906 
14200015,-58.86000061035156 
14210020,-74.31999969482422 
14220009,-54.29999923706055 
14230004,-43.900001525878906 
14240000,-57.459999084472656 
14250000,-43.380001068115234 
14260045,-38.36000061035156 
14270002,-36.459999084472656 
14280035,-35.08000183105469 
14290000,-62.619998931884766 
14300024,-56.5 
14310021,-45.720001220703125 
14320000,-74.13999938964844 
14330011,-52.79999923706055 
14340039,-42.47999954223633 
14350010,-41.939998626708984 
14360032,-45.119998931884766 
14370025,-35.52000045776367 
14380042,-31.139999389648438 
14390015,-41.29999923706055 
14400000,-52.599998474121094 
14410046,-49.119998931884766 
14420046,-42.36000061035156 
14430030,-38.119998931884766 
14440016,-34.779998779296875 
14450001,-50.31999969482422 
14460008,-48.439998626708984 
14470005,-36.36000061035156 
14480031,-47.040000915527344 
14490015,-26.540000915527344 
14500003,-54.20000076293945 
14510038,-39.7599983215332 
14520007,-57.099998474121094 
14530041,-28.1200008392334 
14540015,-42.13999938964844 
14550003,-42.220001220703125 
14560012,-63.2400016784668 
14570019,-48.34000015258789 
14580017,-34.380001068115234 
14590043,-38.720001220703125 
14600025,-39.040000915527344 
14610021,-51.599998474121094 
14620019,-64.05999755859375 
14630031,-52.279998779296875 
14640019,-48.81999969482422 
14650027,-47.619998931884766 
14660036,-52.97999954223633 
14670041,-42.81999969482422 
14680033,-71.44000244140625 
14690039,-54.52000045776367 
14700006,-45.58000183105469 
14710023,-52.47999954223633 
14720024,-58.08000183105469 
14730022,-53.70000076293945 
14740039,-43.5 
14750012,-41.2599983215332 
14760029,-56.52000045776367 
14770004,-39.91999816894531 
14780038,-59.939998626708984 
14790005,-49.91999816894531 
14800026,-53.68000030517578 
14810027,-60.060001373291016 
14820015,-59.08000183105469 
14830039,-76.76000213623047 
14840048,-52.779998779296875 
14850021,-33.13999938964844 
14860001,-35.79999923706055 
14870016,-68.0 
14880018,-63.84000015258789 
14890000,-46.2599983215332 
14900014,-56.79999923706055 
14910028,-44.63999938964844 
14920026,-60.81999969482422 
14930000,-45.040000915527344 
14940018,-65.69999694824219 
14950049,-65.16000366210938 
14960004,-28.15999984741211 
14970033,-68.37999725341797 
14980029,-59.5 
14990045,-57.58000183105469 
15000012,-42.599998474121094 
15010007,-55.58000183105469 
15020026,-50.97999954223633 
15030013,-39.84000015258789 
15040041,-55.52000045776367 
15050020,-51.619998931884766 
15060021,-44.81999969482422 
15070007,-56.5 
15080012,-43.52000045776367 
15090008,-38.220001220703125 
15100015,-47.47999954223633 
15110017,-35.959999084472656 
15120022,-49.18000030517578 
15130016,-41.18000030517578 
15140020,-65.08000183105469 
15150046,-38.400001525878906 
15160011,-77.80000305175781 
15170009,-56.20000076293945 
15180021,-70.66000366210938 
15190012,-64.45999908447266 
15200016,-64.33999633789062 
15210024,-58.400001525878906 
15220010,-72.4000015258789 
15230044,-63.119998931884766 
15240048,-74.66000366210938 
15250015,-66.72000122070312 
15260006,-71.58000183105469 
15270012,-52.560001373291016 
15280043,-75.13999938964844 
15290030,-69.4800033569336 
15300020,-80.80000305175781 
15310002,-96.44000244140625 
15320021,-77.26000213623047 
15330040,-46.58000183105469 
15340021,-79.4800033569336 
15350047,-81.62000274658203 
15360034,-57.560001373291016 
15370043,-67.04000091552734 
15380031,-80.13999938964844 
15390004,-94.87999725341797 
15400037,-71.19999694824219 
15410015,-77.41999816894531 
15420026,-82.94000244140625 
15430007,-73.9800033569336 
15440018,-71.94000244140625 
15450042,-75.72000122070312 
15460000,-60.040000915527344 
15470012,-62.220001220703125 
15480012,-55.36000061035156 
15490043,-73.22000122070312 
15500046,-44.34000015258789 
15510004,-63.279998779296875 
15520028,-44.47999954223633 
15530025,-58.63999938964844 
15540025,-44.959999084472656 
15550009,-52.97999954223633 
15560024,-37.20000076293945 
15570016,-55.779998779296875 
15580005,-46.439998626708984 
15590049,-42.540000915527344 
15600018,-42.540000915527344 
15610018,-45.619998931884766 
15620002,-42.81999969482422 
15630001,-33.97999954223633 
15640013,-41.779998779296875 
15650004,-19.479999542236328 
15660015,-34.0 
15670013,-24.299999237060547 
15680007,-40.619998931884766 
15690043,-56.84000015258789 
15700006,-39.52000045776367 
15710005,-41.2400016784668 
15720006,-38.41999816894531 
15730044,-41.18000030517578 
15740017,-39.619998931884766 
15750003,-39.91999816894531 
15760013,-47.5 
15770034,-49.099998474121094 
15780004,-34.08000183105469 
15790025,-49.619998931884766 
15800006,-54.91999816894531 
15810010,-55.47999954223633 
15820021,-44.18000030517578 
15830023,-49.81999969482422 
15840028,-31.719999313354492 
15850035,-49.119998931884766 
15860012,-44.7599983215332 
15870030,-34.900001525878906 
15880001,-41.15999984741211 
15890019,-24.739999771118164 
15900015,-33.79999923706055 
15910046,-57.36000061035156 
15920033,-40.099998474121094 
15930001,-34.70000076293945 
15940019,-48.29999923706055 
15950019,-38.220001220703125 
15960002,-42.279998779296875 
15970021,-60.84000015258789 
15980026,-48.7599983215332 
15990023,-37.720001220703125 
16000011,-50.939998626708984 
16010034,-41.02000045776367 
16020044,-44.31999969482422 
16030041,-55.41999816894531 
16040000,-64.36000061035156 
16050025,-49.02000045776367 
16060003,-51.060001373291016 
16070023,-44.540000915527344 
16080009,-88.80000305175781 
16090023,-46.41999816894531 
16100015,-74.77999877929688 
16110037,-78.80000305175781 
16120005,-66.5999984741211 
16130003,-57.279998779296875 
16140004,-51.86000061035156 
16150006,-56.79999923706055 
16160039,-75.18000030517578 
16170019,-60.20000076293945 
16180013,-46.7599983215332 
16190010,-38.459999084472656 
16200048,-57.439998626708984 
16210047,-49.0 
16220041,-89.33999633789062 
16230011,-60.099998474121094 
16240033,-64.66000366210938 
16250005,-67.80000305175781 
16260026,-62.619998931884766 
16270000,-65.55999755859375 
16280014,-53.560001373291016 
16290005,-49.97999954223633 
16300018,-47.41999816894531 
16310036,-80.41999816894531 
16320002,-48.060001373291016 
16330004,-66.0199966430664 
16340011,-66.95999908447266 
16350037,-53.91999816894531 
16360049,-64.55999755859375 
16370006,-52.18000030517578 
16380041,-59.599998474121094 
16390027,-51.2599983215332 
16400034,-65.44000244140625 
16410006,-37.540000915527344 
16420021,-42.459999084472656 
16430014,-50.959999084472656 
16440022,-55.29999923706055 
16450038,-55.0 
16460003,-42.84000015258789 
16470049,-85.27999877929688 
16480014,-52.040000915527344 
16490024,-57.880001068115234 
16500031,-80.66000366210938 
16510006,-55.880001068115234 
16520027,-60.099998474121094 
16530040,-74.04000091552734 
16540034,-60.36000061035156 
16550004,-58.79999923706055 
16560012,-71.16000366210938 
16570016,-60.97999954223633 
16580020,-75.76000213623047 
16590003,-66.5 
16600046,-50.959999084472656 
16610009,-54.18000030517578 
16620020,-56.86000061035156 
16630048,-57.380001068115234 
16640049,-70.44000244140625 
16650033,-60.400001525878906 
16660043,-58.58000183105469 
16670018,-73.04000091552734 
16680025,-57.5 
16690019,-75.4800033569336 
16700022,-83.5 
16710011,-58.36000061035156 
16720007,-66.04000091552734 
16730015,-50.08000183105469 
16740014,-60.36000061035156 
16750014,-84.33999633789062 
16760017,-57.119998931884766 
16770038,-63.439998626708984 
16780018,-58.7599983215332 
16790026,-40.959999084472656 
16800039,-55.02000045776367 
16810029,-58.65999984741211 
16820030,-62.29999923706055 
16830034,-54.20000076293945 
16840002,-46.619998931884766 
16850003,-31.420000076293945 
16860047,-58.70000076293945 
16870014,-45.31999969482422 
16880024,-52.900001525878906 
16890018,-31.559999465942383 
16900010,-60.599998474121094 
16910004,-54.63999938964844 
16920027,-35.5 
16930004,-40.2599983215332 
16940039,-48.779998779296875 
16950033,-58.31999969482422 
16960029,-34.599998474121094 
16970000,-37.959999084472656 
16980006,-52.540000915527344 
16990031,-40.119998931884766 
17000004,-32.720001220703125 
17010001,-40.099998474121094 
17020008,-43.58000183105469 
17030009,-31.84000015258789 
17040028,-48.20000076293945 
17050045,-48.0 
17060015,-39.41999816894531 
17070018,-32.2599983215332 
17080034,-51.02000045776367 
17090022,-20.0 
17100015,-42.41999816894531 
17110008,-56.560001373291016 
17120004,-36.20000076293945 
17130031,-62.279998779296875 
17140014,-60.119998931884766 
17150036,-51.220001220703125 
17160008,-57.97999954223633 
17170013,-38.060001373291016 
17180037,-45.459999084472656 
17190036,-45.5 
17200020,-57.459999084472656 
17210005,-46.34000015258789 
17220008,-57.380001068115234 
17230023,-52.41999816894531 
17240004,-43.279998779296875 
17250024,-52.939998626708984 
17260013,-54.02000045776367 
17270029,-40.91999816894531 
17280006,-39.02000045776367 
17290023,-66.83999633789062 
17300043,-69.5 
17310002,-47.220001220703125 
17320020,-69.86000061035156 
17330020,-65.63999938964844 
17340017,-48.400001525878906 
17350006,-53.02000045776367 
17360042,-49.099998474121094 
17370037,-43.040000915527344 
17380004,-38.720001220703125 
17390017,-52.720001220703125 
17400049,-53.91999816894531 
17410000,-60.459999084472656 
17420017,-78.86000061035156 
17430009,-44.7400016784668 
17440008,-65.63999938964844 
17450008,-44.720001220703125 
17460000,-61.040000915527344 
17470023,-77.62000274658203 
17480043,-57.52000045776367 
17490044,-70.63999938964844 
17500017,-73.95999908447266 
17510028,-59.52000045776367 
17520001,-69.26000213623047 
17530046,-67.05999755859375 
17540032,-66.0999984741211 
17550037,-60.18000030517578 
17560040,-50.7599983215332 
17570000,-62.18000030517578 
17580010,-69.9000015258789 
17590006,-60.31999969482422 
17600048,-68.54000091552734 
17610001,-44.959999084472656 
17620023,-63.68000030517578 
17630007,-48.84000015258789 
17640040,-37.459999084472656 
17650013,-78.62000274658203 
17660024,-58.65999984741211 
17670016,-53.31999969482422 
17680001,-57.400001525878906 
17690006,-56.119998931884766 
17700038,-45.91999816894531 
17710027,-56.040000915527344 
17720038,-53.279998779296875 
17730019,-36.79999923706055 
17740040,-43.5 
17750005,-58.79999923706055 
17760017,-52.939998626708984 
17770016,-74.77999877929688 
17780047,-53.5 
17790020,-71.04000091552734 
17800002,-86.33999633789062 
17810025,-71.94000244140625 
17820003,-73.9000015258789 
17830034,-65.08000183105469 
17840010,-69.81999969482422 
17850015,-65.95999908447266 
17860034,-59.2599983215332 
17870044,-78.94000244140625 
17880018,-66.4000015258789 
17890004,-77.0199966430664 
17900029,-81.05999755859375 
17910019,-73.5 
17920016,-84.33999633789062 
17930030,-64.16000366210938 
17940004,-71.4000015258789 
17950000,-74.55999755859375 
17960032,-53.599998474121094 
17970040,-67.0199966430664 
17980008,-71.44000244140625 
17990021,-63.36000061035156 
18000041,-90.36000061035156 
18010041,-72.66000366210938 
18020006,-71.23999786376953 
18030037,-80.77999877929688 
18040016,-73.77999877929688 
18050048,-58.65999984741211 
18060025,-47.91999816894531 
18070017,-48.08000183105469 
18080016,-59.939998626708984 
18090045,-45.900001525878906 
18100009,-45.20000076293945 
18110018,-53.97999954223633 
18120032,-35.2599983215332 
18130008,-41.20000076293945 
18140025,-68.63999938964844 
18150032,-66.5199966430664 
18160020,-29.280000686645508 
18170020,-44.2599983215332 
18180017,-30.959999084472656 
18190039,-55.880001068115234 
18200015,-57.900001525878906 
18210049,-48.08000183105469 
18220024,-64.27999877929688 
18230030,-46.29999923706055 
18240007,-52.7599983215332 
18250027,-32.5 
18260041,-40.0 
18270014,-50.52000045776367 
18280006,-35.41999816894531 
18290043,-28.920000076293945 
18300023,-46.2400016784668 
18310019,-29.540000915527344 
18320019,-25.360000610351562 
18330006,-39.7599983215332 
18340001,-38.220001220703125 
18350030,-37.15999984741211 
18360019,-45.099998474121094 
18370004,-51.79999923706055 
18380028,-37.599998474121094 
18390007,-26.079999923706055 
18400027,-33.08000183105469 
18410013,-45.939998626708984 
18420029,-35.720001220703125 
18430021,-38.540000915527344 
18440009,-34.15999984741211 
18450007,-44.279998779296875 
18460026,-43.119998931884766 
18470027,-51.81999969482422 
18480011,-51.97999954223633 
18490002,-28.440000534057617 
18500025,-38.81999969482422 
18510044,-60.720001220703125 
18520026,-49.439998626708984 
18530002,-43.81999969482422 
18540029,-52.459999084472656 
18550040,-34.720001220703125 
18560000,-35.63999938964844 
18570021,-42.220001220703125 
18580029,-61.119998931884766 
18590039,-62.099998474121094 
18600000,-53.08000183105469 
18610023,-52.13999938964844 
18620003,-76.66000366210938 
18630006,-49.34000015258789 
18640026,-67.19999694824219 
18650013,-57.18000030517578 
18660027,-50.84000015258789 
18670028,-49.97999954223633 
18680005,-38.5 
18690003,-36.08000183105469 
18700022,-54.79999923706055 
18710049,-36.220001220703125 
18720006,-59.20000076293945 
18730004,-81.16000366210938 
18740013,-60.599998474121094 
18750001,-51.439998626708984 
18760019,-61.81999969482422 
18770011,-48.459999084472656 
18780021,-59.68000030517578 
18790028,-75.45999908447266 
18800003,-76.33999633789062 
18810041,-68.0 
18820001,-59.20000076293945 
18830036,-74.26000213623047 
18840019,-68.9000015258789 
18850020,-87.45999908447266 
18860016,-54.52000045776367 
18870000,-77.69999694824219 
18880031,-81.19999694824219 
18890019,-59.63999938964844 
18900009,-50.2599983215332 
18910033,-75.36000061035156 
18920009,-80.08000183105469 
18930022,-59.86000061035156 
18940020,-68.81999969482422 
18950022,-63.97999954223633 
18960025,-56.86000061035156 
18970021,-63.220001220703125 
18980030,-57.65999984741211 
18990026,-65.63999938964844 
19000003,-49.63999938964844 
19010042,-68.04000091552734 
19020012,-56.619998931884766 
19030024,-63.81999969482422 
19040013,-57.20000076293945 
19050000,-49.060001373291016 
19060023,-49.599998474121094 
19070002,-46.099998474121094 
19080048,-38.720001220703125 
19090029,-55.279998779296875 
19100008,-61.380001068115234 
19110044,-33.52000045776367 
19120023,-43.47999954223633 
19130014,-72.31999969482422 
19140026,-69.4000015258789 
19150005,-70.5999984741211 
19160030,-71.08000183105469 
19170020,-73.4000015258789 
19180022,-71.72000122070312 
19190003,-73.41999816894531 
19200001,-64.30000305175781 
19210021,-73.33999633789062 
19220006,-67.76000213623047 
19230046,-64.94000244140625 
19240001,-66.4000015258789 
19250033,-72.41999816894531 
19260044,-56.599998474121094 
19270025,-57.86000061035156 
19280006,-71.37999725341797 
19290003,-33.119998931884766 
19300039,-42.36000061035156 
