110000,-191.35 
120000,-192.95 
130000,-192.65 
140000,-191.5 
150000,-191.1 
160000,-190.75 
170000,-190.45 
180000,-189.85 
190000,-188.5 
200000,-188.5 
210000,-188.15 
220000,-187.2 
230000,-187.6 
240000,-187.8 
250000,-186.9 
260000,-186.65 
270000,-185.5 
280000,-186.1 
290000,-185.3 
300000,-185.0 
310000,-185.3 
320000,-184.1 
330000,-181.75 
340000,-184.3 
350000,-182.65 
360031,-181.3134328358209 
370031,-181.25 
380031,-182.45 
390031,-181.95 
400031,-181.6 
410031,-180.25 
420031,-179.6 
430031,-180.8 
440031,-181.25 
450031,-180.85 
460031,-179.4 
470031,-180.05 
480031,-178.75 
490020,-177.13 
500020,-178.6 
510020,-179.05 
520020,-179.45 
530020,-178.85 
540020,-178.4 
550044,-178.6865671641791 
560044,-179.05 
570044,-177.5 
580009,-176.05 
590009,-178.65 
600009,-177.05 
610009,-177.1 
620009,-177.4 
630009,-178.95 
640009,-178.1 
650034,-176.66666666666666 
660034,-177.3 
670034,-176.75 
680034,-177.4 
690034,-176.5 
700034,-174.95 
710034,-177.2 
720034,-176.85 
730034,-176.25 
740034,-176.8 
750022,-177.26 
760022,-176.25 
770022,-175.4 
780022,-176.45 
790022,-176.05 
800001,-176.33 
810001,-176.35 
820030,-175.75124378109453 
830030,-175.55 
840030,-176.3 
850030,-176.55 
860030,-176.45 
870030,-176.25 
880008,-173.51 
890008,-175.35 
900029,-174.0497512437811 
910004,-174.4 
920004,-175.4 
930032,-173.39303482587064 
940032,-174.95 
950032,-173.5 
960027,-173.25 
970027,-174.45 
980027,-174.9 
990027,-172.65 
1000027,-175.0 
1010020,-172.76 
1020020,-174.0 
1030007,-172.74 
1040007,-173.55 
1050044,-172.5771144278607 
1060044,-174.85 
1070044,-174.95 
1080044,-174.1 
1090044,-173.1 
1100044,-172.7 
1110044,-172.3 
1120044,-172.7 
1130008,-171.13 
1140046,-170.05940594059405 
1150014,-169.31 
1160014,-171.7 
1170014,-172.9 
1180014,-172.1 
1190048,-171.02487562189054 
1200031,-171.06 
1210010,-170.73 
1220017,-168.99502487562188 
1230001,-169.63 
1240007,-169.97014925373134 
1250029,-170.28855721393035 
1260040,-167.33333333333334 
1270040,-172.85 
1280004,-167.98 
1290043,-169.7810945273632 
1300043,-170.8 
1310043,-170.45 
1320025,-171.34 
1330025,-168.8 
1340011,-169.02 
1350047,-167.38308457711443 
1360047,-170.1 
1370047,-168.3 
1380046,-166.83 
1390046,-170.6 
1400006,-168.0 
1410043,-167.35323383084577 
1420027,-166.68 
1430004,-165.09 
1440028,-164.03960396039605 
1450009,-165.97 
1460038,-164.98019801980197 
1470007,-167.68 
1480029,-160.8768472906404 
1490049,-166.46766169154228 
1500030,-168.27 
1510029,-167.78 
1520035,-166.28855721393035 
1530034,-166.53 
1540021,-164.84 
1550026,-165.6218905472637 
1560016,-165.5 
1570009,-163.6417910447761 
1580031,-163.97014925373134 
1590038,-163.72139303482587 
1600034,-164.39800995024876 
1610034,-166.16915422885572 
1620033,-163.01492537313433 
1630019,-163.30348258706468 
1640022,-156.9064039408867 
1650049,-161.33333333333334 
1660044,-162.67326732673268 
1670026,-164.96517412935324 
1680014,-155.94117647058823 
1690027,-162.09950248756218 
1700041,-159.73267326732673 
1710034,-165.01 
1720046,-163.97014925373134 
1730033,-162.92537313432837 
1740039,-159.77227722772278 
1750008,-163.1144278606965 
1760035,-160.88118811881188 
1770042,-162.4278606965174 
1780034,-162.87562189054725 
1790049,-161.59203980099502 
1800031,-160.93532338308458 
1810015,-162.58 
1820003,-157.3861386138614 
1830012,-159.43564356435644 
1840009,-162.4278606965174 
1850003,-157.66502463054186 
1860031,-153.2780487804878 
1870003,-159.34328358208955 
1880047,-153.0686274509804 
1890033,-152.07843137254903 
1900042,-159.4851485148515 
1910025,-156.726368159204 
1920011,-158.43564356435644 
1930010,-152.18627450980392 
1940040,-154.0686274509804 
1950040,-154.95098039215685 
1960021,-158.87562189054725 
1970016,-145.873786407767 
1980024,-153.6551724137931 
1990035,-155.24137931034483 
2000003,-150.1078431372549 
2010010,-152.58823529411765 
2020022,-150.48039215686273 
2030045,-145.32367149758454 
2040005,-150.83743842364532 
2050046,-148.46601941747574 
2060042,-153.05882352941177 
2070019,-147.02912621359224 
2080032,-150.4 
2090029,-150.62745098039215 
2100048,-133.70754716981133 
2110007,-148.66341463414633 
2120020,-149.0829268292683 
2130028,-149.5219512195122 
2140040,-145.93236714975845 
2150035,-145.8252427184466 
2160044,-151.8921568627451 
2170004,-134.50236966824644 
2180041,-143.2753623188406 
2190029,-140.58095238095237 
2200020,-151.68627450980392 
2210034,-141.22488038277513 
2220047,-137.53333333333333 
2230025,-140.24761904761905 
2240041,-150.65365853658537 
2250015,-144.52173913043478 
2260044,-144.59615384615384 
2270048,-142.2403846153846 
2280023,-150.9313725490196 
2290036,-149.1359223300971 
2300019,-147.92233009708738 
2310020,-136.98578199052133 
2320043,-140.9665071770335 
2330031,-141.30769230769232 
2340001,-136.11374407582937 
2350017,-136.7962085308057 
2360026,-142.2775119617225 
2370044,-137.260663507109 
2380010,-133.17924528301887 
2390043,-148.31884057971016 
2400004,-131.27441860465117 
2410037,-135.76415094339623 
2420000,-128.2962962962963 
2430034,-133.4392523364486 
2440001,-142.68269230769232 
2450015,-130.4 
2460015,-138.38095238095238 
2470000,-149.03381642512076 
2480029,-139.2227488151659 
2490010,-140.8803827751196 
2500001,-138.97630331753555 
2510001,-135.72769953051642 
2520003,-126.98148148148148 
2530007,-140.6 
2540037,-141.75355450236967 
2550011,-137.65876777251185 
2560016,-138.12206572769952 
2570013,-137.5734597156398 
2580026,-133.51401869158877 
2590011,-134.88262910798122 
2600012,-136.96713615023475 
2610048,-138.0 
2620045,-127.10091743119266 
2630026,-127.56481481481481 
2640013,-134.30985915492957 
2650027,-144.23923444976077 
2660045,-126.9074074074074 
2670011,-129.13888888888889 
2680034,-124.89497716894977 
2690027,-123.34246575342466 
2700018,-132.5767441860465 
2710010,-126.55045871559633 
2720037,-130.91244239631337 
2730031,-124.4770642201835 
2740036,-122.99539170506912 
2750031,-129.7685185185185 
2760046,-125.61085972850678 
2770012,-117.94594594594595 
2780018,-124.67579908675799 
2790043,-123.64864864864865 
2800023,-121.35746606334841 
2810015,-109.46724890829694 
2820021,-116.50666666666666 
2830013,-103.97402597402598 
2840018,-114.19642857142857 
2850006,-117.72197309417041 
2860017,-97.18987341772151 
2870029,-108.64347826086957 
2880028,-117.04888888888888 
2890010,-108.4695652173913 
2900013,-80.81451612903226 
2910033,-113.92070484581498 
2920010,-95.30801687763713 
2930025,-92.44813278008299 
2940032,-102.8974358974359 
2950017,-86.28571428571429 
2960012,-76.56126482213439 
2970020,-77.78571428571429 
2980045,-91.14754098360656 
2990002,-87.72839506172839 
3000040,-90.17142857142858 
3010019,-99.81276595744681 
3020001,-103.76824034334764 
3030027,-87.32244897959184 
3040014,-82.42105263157895 
3050008,-83.4251012145749 
3060037,-89.24279835390946 
3070009,-82.12903225806451 
3080035,-74.1953125 
3090044,-83.06072874493927 
3100003,-72.73643410852713 
3110027,-73.67058823529412 
3120038,-72.02362204724409 
3130039,-73.3359375 
3140007,-73.98425196850394 
3150007,-70.81395348837209 
3160049,-69.7984496124031 
3170026,-75.81889763779527 
3180030,-72.796875 
3190010,-64.75285171102662 
3200039,-68.9034749034749 
3210026,-72.74418604651163 
3220011,-74.296875 
3230036,-79.24901185770752 
3240011,-76.00790513833992 
3250034,-68.2 
3260005,-71.41634241245136 
3270034,-79.78571428571429 
3280008,-72.33976833976834 
3290048,-81.55378486055777 
3300015,-84.64777327935222 
3310025,-81.25 
3320032,-77.02766798418972 
3330007,-66.8199233716475 
3340038,-68.73643410852713 
3350013,-74.8207171314741 
3360007,-79.37903225806451 
3370015,-74.2992125984252 
3380009,-73.84251968503936 
3390045,-82.30522088353413 
3400010,-64.44866920152091 
3410006,-81.136 
3420032,-76.2063492063492 
3430008,-77.06772908366534 
3440010,-80.19354838709677 
3450015,-89.79166666666667 
3460045,-70.23166023166023 
3470009,-71.04313725490196 
3480021,-68.03137254901961 
3490020,-81.16260162601625 
3500019,-76.91633466135458 
3510030,-76.16666666666667 
3520008,-81.10569105691057 
3530009,-77.82995951417004 
3540032,-89.92561983471074 
3550008,-91.90756302521008 
3560049,-86.03252032520325 
3570014,-82.3170731707317 
3580016,-87.63636363636364 
3590010,-87.06172839506173 
3600020,-85.67901234567901 
3610014,-102.93913043478261 
3620032,-97.90557939914163 
3630023,-107.22270742358079 
3640028,-97.70212765957447 
3650012,-110.68722466960352 
3660034,-105.23348017621146 
3670015,-97.45299145299145 
3680009,-104.39301310043668 
3690008,-108.61061946902655 
3700000,-102.4695652173913 
3710041,-97.22033898305085 
3720041,-113.94618834080717 
3730012,-103.99126637554585 
3740020,-117.15837104072398 
3750008,-118.27397260273973 
3760024,-112.90090090090091 
3770022,-115.86486486486487 
3780007,-97.5107296137339 
3790016,-112.03571428571429 
3800044,-99.62393162393163 
3810047,-110.6283185840708 
3820035,-110.81981981981981 
3830020,-109.16299559471365 
3840006,-113.27678571428571 
3850023,-110.38766519823788 
3860049,-114.68444444444444 
3870021,-103.52838427947599 
3880036,-106.53508771929825 
3890012,-110.15178571428571 
3900015,-106.67543859649123 
3910045,-110.53097345132744 
3920033,-106.1762114537445 
3930016,-105.69162995594714 
3940025,-93.37288135593221 
3950006,-84.79183673469387 
3960045,-92.51476793248945 
3970016,-92.47457627118644 
3980023,-90.03333333333333 
3990008,-93.99159663865547 
4000010,-92.72268907563026 
4010042,-74.95275590551181 
4020032,-75.44 
4030029,-74.232 
4040044,-72.4015748031496 
4050006,-70.15079365079364 
4060011,-77.66129032258064 
4070037,-65.2109375 
4080031,-72.40625 
4090027,-72.3686274509804 
4100044,-63.41444866920152 
4110011,-67.852140077821 
4120018,-55.531598513011154 
4130028,-68.06949806949807 
4140031,-68.85384615384615 
4150019,-71.48062015503876 
4160048,-52.8058608058608 
4170030,-65.27969348659003 
4180038,-57.85130111524163 
4190042,-61.514925373134325 
4200027,-65.3076923076923 
4210024,-70.3046875 
4220048,-57.940520446096656 
4230029,-67.40996168582376 
4240015,-66.65637065637065 
4250033,-68.65637065637065 
4260011,-76.39682539682539 
4270011,-63.10606060606061 
4280014,-53.20727272727273 
4290032,-79.57312252964427 
4300022,-62.167300380228134 
4310027,-65.05660377358491 
4320029,-67.12977099236642 
4330015,-58.36704119850187 
4340024,-55.63568773234201 
4350042,-56.661764705882355 
4360024,-59.95539033457249 
4370021,-55.15750915750916 
4380000,-60.95880149812734 
4390023,-56.014652014652015 
4400047,-56.088235294117645 
4410049,-62.57677902621723 
4420017,-64.62878787878788 
4430020,-46.309859154929576 
4440008,-56.22962962962963 
4450040,-54.33576642335766 
4460039,-50.24175824175824 
4470021,-51.81751824817518 
4480013,-43.55160142348755 
4490005,-62.27376425855513 
4500008,-55.97037037037037 
4510032,-61.037593984962406 
4520027,-57.56554307116105 
4530033,-53.934065934065934 
4540024,-66.23664122137404 
4550016,-51.847272727272724 
4560007,-77.32806324110672 
4570015,-55.21189591078067 
4580034,-55.355555555555554 
4590006,-61.96212121212121 
4600007,-57.57142857142857 
4610007,-61.940298507462686 
4620002,-70.96899224806202 
4630024,-53.2043795620438 
4640047,-52.9010989010989 
4650011,-61.037593984962406 
4660018,-63.43939393939394 
4670040,-53.65567765567766 
4680049,-62.342205323193916 
4690003,-48.85401459854015 
4700023,-59.660377358490564 
4710000,-49.21771217712177 
4720009,-56.21641791044776 
4730030,-64.78625954198473 
4740017,-56.00738007380074 
4750008,-65.70769230769231 
4760015,-48.985611510791365 
4770013,-53.04761904761905 
4780016,-56.22962962962963 
4790031,-60.0 
4800033,-57.473684210526315 
4810013,-48.175182481751825 
4820032,-76.21428571428571 
4830011,-60.4377358490566 
4840023,-72.98425196850394 
4850015,-69.04347826086956 
4860014,-69.046875 
4870008,-71.1304347826087 
4880020,-76.65863453815261 
4890010,-68.21011673151752 
4900043,-79.2326530612245 
4910017,-70.92913385826772 
4920036,-83.54918032786885 
4930027,-80.95510204081633 
4940039,-78.2914979757085 
4950030,-88.00836820083683 
4960043,-85.925 
4970007,-79.7759336099585 
4980018,-81.65573770491804 
4990015,-101.16521739130435 
5000033,-79.02857142857142 
5010003,-84.29166666666667 
5020049,-69.89763779527559 
5030007,-92.42372881355932 
5040007,-79.0650406504065 
5050010,-87.02521008403362 
5060025,-89.4979079497908 
5070032,-80.52032520325203 
5080025,-86.5643153526971 
5090010,-85.18828451882845 
5100029,-90.23728813559322 
5110030,-89.68333333333334 
5120011,-88.91525423728814 
5130025,-86.07563025210084 
5140014,-62.40769230769231 
5150012,-86.93775933609959 
5160010,-72.95617529880478 
5170017,-87.72268907563026 
5180015,-72.528 
5190039,-69.36186770428016 
5200007,-77.128 
5210000,-69.88888888888889 
5220013,-67.1732283464567 
5230005,-78.01612903225806 
5240000,-79.71774193548387 
5250001,-65.63076923076923 
5260007,-54.156716417910445 
5270024,-59.07984790874525 
5280033,-55.17293233082707 
5290033,-58.38951310861423 
5300021,-58.92537313432836 
5310013,-49.51470588235294 
5320008,-54.34944237918216 
5330017,-62.475095785440615 
5340033,-66.95348837209302 
5350010,-57.011320754716984 
5360005,-50.4029304029304 
5370035,-45.86330935251799 
5380005,-52.973977695167285 
5390010,-47.111913357400724 
5400030,-47.44604316546763 
5410045,-46.76258992805755 
5420013,-44.935251798561154 
5430028,-57.60299625468165 
5440021,-42.38297872340426 
5450015,-55.95522388059702 
5460033,-46.505415162454874 
5470034,-50.37275985663082 
5480028,-42.59285714285714 
5490008,-49.051094890510946 
5500001,-49.934065934065934 
5510020,-42.521126760563384 
5520033,-53.845018450184504 
5530011,-58.984848484848484 
5540006,-62.26053639846743 
5550009,-49.93454545454546 
5560034,-56.329588014981276 
5570008,-52.26470588235294 
5580021,-48.59927797833935 
5590025,-50.827838827838825 
5600020,-41.81494661921708 
5610028,-41.644128113879006 
5620002,-56.41635687732342 
5630020,-57.93207547169811 
5640012,-56.633962264150945 
5650025,-41.97142857142857 
5660021,-46.05 
5670016,-64.24710424710425 
5680020,-52.752767527675275 
5690013,-50.266666666666666 
5700026,-52.516363636363636 
5710014,-53.40221402214022 
5720010,-36.72727272727273 
5730008,-52.853932584269664 
5740022,-58.54545454545455 
5750006,-56.125 
5760025,-65.30798479087453 
5770021,-55.33085501858736 
5780006,-58.609022556390975 
5790039,-48.48 
5800013,-51.853479853479854 
5810028,-46.892857142857146 
5820017,-62.19847328244275 
5830027,-67.99227799227799 
5840048,-35.30795847750865 
5850021,-56.8 
5860029,-51.33812949640288 
5870046,-50.17328519855596 
5880020,-41.76512455516014 
5890022,-45.49640287769784 
5900032,-55.27272727272727 
5910031,-54.234432234432234 
5920000,-43.99290780141844 
5930034,-39.84722222222222 
5940010,-43.22968197879859 
5950000,-49.31654676258993 
5960011,-50.73913043478261 
5970008,-52.01470588235294 
5980039,-44.3 
5990031,-35.47260273972603 
6000012,-49.94202898550725 
6010012,-42.0 
6020037,-39.89473684210526 
6030002,-48.43065693430657 
6040034,-39.815602836879435 
6050016,-41.57746478873239 
6060030,-42.706713780918726 
6070038,-57.239852398523986 
6080015,-40.69230769230769 
6090025,-35.51724137931034 
6100035,-51.24542124542125 
6110000,-43.63309352517986 
6120010,-48.26714801444043 
6130022,-48.83754512635379 
6140020,-49.605839416058394 
6150035,-49.96336996336996 
6160020,-48.38235294117647 
6170010,-49.70695970695971 
6180043,-59.25 
6190014,-49.065693430656935 
6200020,-60.28030303030303 
6210022,-68.12451361867704 
6220014,-65.34108527131782 
6230046,-68.18110236220473 
6240030,-68.1875 
6250045,-68.30708661417323 
6260000,-70.90551181102362 
6270005,-66.73151750972762 
6280048,-68.2109375 
6290040,-78.86290322580645 
6300022,-76.04032258064517 
6310016,-71.224 
6320048,-67.75686274509803 
6330022,-68.16600790513834 
6340035,-73.91235059760956 
6350005,-70.0398406374502 
6360018,-73.23505976095618 
6370028,-85.04098360655738 
6380026,-82.6311475409836 
6390044,-72.81422924901186 
6400018,-80.2672064777328 
6410021,-67.52713178294573 
6420010,-75.44578313253012 
6430035,-62.07692307692308 
6440003,-73.06349206349206 
6450006,-59.59245283018868 
6460007,-56.22304832713755 
6470036,-66.32684824902724 
6480002,-49.38059701492537 
6490009,-58.78030303030303 
6500016,-59.99239543726236 
6510023,-61.01901140684411 
6520015,-45.43065693430657 
6530030,-58.38951310861423 
6540001,-60.88973384030418 
6550008,-65.83846153846154 
6560012,-48.34875444839858 
6570034,-45.91335740072202 
6580013,-46.772563176895304 
6590035,-51.824175824175825 
6600012,-64.47509578544062 
6610048,-53.494505494505496 
6620021,-39.86619718309859 
6630039,-41.47552447552447 
6640010,-55.31578947368421 
6650022,-47.64620938628159 
6660039,-58.445283018867926 
6670023,-61.26792452830189 
6680001,-47.78909090909091 
6690016,-59.58490566037736 
6700003,-47.726618705035975 
6710016,-52.22140221402214 
6720021,-54.391143911439116 
6730022,-37.91608391608391 
6740004,-42.57243816254417 
6750045,-55.291512915129154 
6760017,-57.36296296296296 
6770028,-47.89208633093525 
6780013,-49.388489208633096 
6790019,-52.61538461538461 
6800002,-33.522184300341294 
6810004,-50.32472324723247 
6820005,-38.89510489510489 
6830007,-40.62676056338028 
6840030,-38.93055555555556 
6850041,-59.156716417910445 
6860036,-57.89473684210526 
6870012,-50.305454545454545 
6880016,-52.476190476190474 
6890006,-59.88721804511278 
6900011,-55.910780669144984 
6910039,-49.2129963898917 
6920043,-41.52447552447553 
6930049,-54.14760147601476 
6940040,-46.63309352517986 
6950040,-46.0573476702509 
6960005,-49.5985401459854 
6970001,-58.06741573033708 
6980046,-31.52027027027027 
6990001,-43.27402135231317 
7000029,-54.67407407407408 
7010000,-47.45126353790614 
7020001,-44.695035460992905 
7030002,-45.01428571428571 
7040039,-55.4 
7050007,-39.58450704225352 
7060012,-47.410071942446045 
7070007,-46.666666666666664 
7080003,-55.1985294117647 
7090025,-46.92418772563177 
7100009,-43.74910394265233 
7110020,-54.830882352941174 
7120014,-32.351351351351354 
7130021,-37.979166666666664 
7140011,-63.43511450381679 
7150000,-39.563380281690144 
7160014,-45.99293286219081 
7170004,-45.92857142857143 
7180019,-52.90909090909091 
7190016,-39.50349650349651 
7200029,-47.40794223826715 
7210024,-32.38095238095238 
7220014,-29.09090909090909 
7230040,-33.945762711864404 
7240001,-43.618374558303884 
7250027,-44.34507042253521 
7260006,-46.11469534050179 
7270021,-37.61245674740484 
7280013,-49.848375451263536 
7290047,-46.604982206405694 
7300038,-37.6794425087108 
7310021,-47.18115942028985 
7320032,-58.60223048327138 
7330002,-39.26573426573427 
7340008,-38.59515570934256 
7350016,-41.985865724381625 
7360007,-52.94505494505494 
7370030,-36.87972508591065 
7380016,-37.03157894736842 
7390027,-30.832764505119453 
7400032,-49.63636363636363 
7410049,-46.719424460431654 
7420032,-50.3014705882353 
7430031,-49.21611721611722 
7440000,-40.19649122807017 
7450035,-57.0631970260223 
7460015,-50.989010989010985 
7470025,-56.09665427509294 
7480012,-55.474074074074075 
7490016,-50.827838827838825 
7500016,-63.42307692307692 
7510017,-60.69172932330827 
7520025,-62.71042471042471 
7530023,-60.58015267175573 
7540010,-62.282442748091604 
7550027,-55.79182156133829 
7560010,-72.28235294117647 
7570013,-69.14173228346456 
7580003,-58.0 
7590046,-62.853846153846156 
7600032,-63.284615384615385 
7610008,-61.460076045627375 
7620006,-69.49407114624506 
7630038,-74.89328063241106 
7640007,-62.36923076923077 
7650025,-56.27169811320755 
7660001,-66.04669260700389 
7670036,-62.404580152671755 
7680005,-52.02973977695167 
7690013,-51.175182481751825 
7700003,-70.43650793650794 
7710039,-61.662835249042146 
7720013,-56.26315789473684 
7730019,-62.41984732824427 
7740005,-71.83399209486166 
7750004,-74.0 
7760004,-57.03007518796993 
7770012,-54.85820895522388 
7780022,-53.12267657992565 
7790041,-61.42424242424242 
7800026,-49.669117647058826 
7810011,-51.11524163568773 
7820042,-65.72413793103448 
7830037,-56.45522388059702 
7840002,-63.73076923076923 
7850026,-50.13090909090909 
7860009,-58.42857142857143 
7870011,-47.46570397111913 
7880022,-44.0 
7890013,-55.34814814814815 
7900037,-53.23247232472325 
7910039,-36.97222222222222 
7920010,-51.333333333333336 
7930005,-41.37323943661972 
7940047,-47.59139784946237 
7950032,-44.392857142857146 
7960001,-53.955882352941174 
7970013,-40.51748251748252 
7980004,-41.290780141843975 
7990003,-54.56410256410256 
8000015,-36.682758620689654 
8010037,-42.58156028368794 
8020012,-47.985611510791365 
8030018,-43.45390070921986 
8040036,-46.57857142857143 
8050004,-50.916363636363634 
8060033,-40.126315789473686 
8070026,-33.68384879725086 
8080028,-51.338181818181816 
8090015,-46.49097472924188 
8100002,-45.297491039426525 
8110003,-37.53146853146853 
8120023,-38.44290657439446 
8130020,-51.84444444444444 
8140016,-40.15492957746479 
8150018,-47.501805054151625 
8160017,-48.17391304347826 
8170023,-43.288256227758005 
8180028,-47.956204379562045 
8190033,-55.03703703703704 
8200005,-41.879003558718864 
8210038,-50.11636363636364 
8220013,-49.45054945054945 
8230048,-50.32846715328467 
8240007,-42.44128113879004 
8250047,-44.858156028368796 
8260002,-46.630434782608695 
8270037,-33.91156462585034 
8280019,-48.410071942446045 
8290008,-42.23571428571429 
8300010,-47.2589928057554 
8310006,-43.07473309608541 
8320021,-46.24548736462094 
8330015,-50.824817518248175 
8340043,-51.71636363636364 
8350005,-55.680297397769515 
8360005,-31.82758620689655 
8370015,-53.30855018587361 
8380038,-55.97037037037037 
8390015,-47.69064748201439 
8400022,-44.56737588652482 
8410018,-50.16 
8420001,-54.988929889298895 
8430006,-55.1865671641791 
8440045,-44.84507042253521 
8450002,-47.528985507246375 
8460030,-43.44561403508772 
8470027,-43.102473498233216 
8480043,-45.537906137184116 
8490003,-51.88191881918819 
8500008,-46.61818181818182 
8510028,-45.73943661971831 
8520021,-45.98576512455516 
8530017,-44.53046594982079 
8540010,-51.362637362637365 
8550025,-54.96296296296296 
8560006,-34.75432525951557 
8570000,-59.235955056179776 
8580023,-41.40559440559441 
8590015,-52.7032967032967 
8600006,-46.04255319148936 
8610026,-50.91575091575091 
8620043,-49.667870036101085 
8630002,-53.05925925925926 
8640018,-43.45390070921986 
8650021,-44.28776978417266 
8660048,-49.40659340659341 
8670036,-35.317241379310346 
8680041,-49.85507246376812 
8690010,-39.77543859649123 
8700019,-54.6007326007326 
8710040,-54.81318681318681 
8720004,-55.463235294117645 
8730024,-51.227436823104696 
8740024,-51.92727272727273 
8750020,-66.52873563218391 
8760025,-51.684981684981686 
8770002,-59.46415094339623 
8780030,-55.84386617100372 
8790026,-46.93478260869565 
8800010,-49.26353790613718 
8810013,-47.24363636363636 
8820044,-70.51937984496124 
8830028,-52.779411764705884 
8840036,-61.13533834586466 
8850008,-61.261538461538464 
8860034,-57.96268656716418 
8870020,-64.09923664122137 
8880044,-65.89189189189189 
8890011,-54.15613382899628 
8900019,-71.69411764705882 
8910007,-63.8062015503876 
8920018,-58.06015037593985 
8930035,-56.1635687732342 
8940007,-56.00751879699248 
8950025,-61.60456273764259 
8960026,-57.675471698113206 
8970023,-64.17829457364341 
8980000,-65.83846153846154 
8990047,-59.578947368421055 
9000018,-54.45112781954887 
9010028,-74.33734939759036 
9020012,-62.455598455598455 
9030048,-55.78277153558052 
9040005,-54.992592592592594 
9050016,-62.28787878787879 
9060013,-63.51724137931034 
9070021,-58.88805970149254 
9080008,-68.58039215686274 
9090002,-48.5985401459854 
9100039,-40.59363957597173 
9110044,-53.94833948339483 
9120014,-50.73260073260073 
9130034,-50.4 
9140019,-49.81684981684982 
9150027,-43.140845070422536 
9160006,-48.47232472324723 
9170009,-53.09818181818182 
9180018,-40.617543859649125 
9190029,-56.55762081784387 
9200020,-51.43795620437956 
9210020,-46.57142857142857 
9220007,-42.333333333333336 
9230000,-42.98947368421052 
9240037,-46.812720848056536 
9250016,-49.403636363636366 
9260048,-47.18149466192171 
9270008,-51.496350364963504 
9280014,-38.416666666666664 
9290032,-48.30434782608695 
9300014,-43.37323943661972 
9310025,-50.08664259927798 
9320036,-52.88727272727273 
9330016,-40.63380281690141 
9340013,-40.59363957597173 
9350022,-54.6007326007326 
9360024,-38.85121107266436 
9370004,-48.69565217391305 
9380038,-47.04659498207885 
9390000,-41.95017793594306 
9400014,-41.34965034965035 
9410018,-48.43884892086331 
9420005,-42.64310954063604 
9430003,-42.48936170212766 
9440002,-51.372262773722625 
9450019,-53.11764705882353 
9460001,-54.86346863468635 
9470001,-47.32142857142857 
9480025,-46.08510638297872 
9490033,-48.82437275985663 
9500049,-43.59574468085106 
9510025,-51.443223443223445 
9520005,-44.96402877697842 
9530036,-48.86330935251799 
9540034,-53.77121771217712 
9550028,-58.355555555555554 
9560006,-43.88612099644128 
9570013,-45.01060070671378 
9580015,-59.61940298507463 
9590032,-36.602076124567475 
9600033,-45.55395683453237 
9610017,-52.19117647058823 
9620019,-57.745318352059925 
9630008,-52.07326007326007 
9640016,-55.579335793357934 
9650011,-53.81481481481482 
9660006,-60.0 
9670044,-49.971326164874554 
9680000,-42.362989323843415 
9690014,-60.28464419475655 
9700022,-62.54545454545455 
9710000,-49.49264705882353 
9720048,-53.62361623616236 
9730005,-36.55670103092783 
9740024,-49.84115523465704 
9750013,-54.762962962962966 
9760045,-47.40425531914894 
9770010,-38.44290657439446 
9780008,-50.88321167883212 
9790030,-57.6044776119403 
9800040,-42.99295774647887 
9810020,-56.91449814126394 
9820025,-46.785714285714285 
9830015,-32.779661016949156 
9840018,-36.996539792387544 
9850019,-36.24221453287197 
9860035,-37.39310344827586 
9870028,-43.86666666666667 
9880005,-50.72 
9890012,-35.13013698630137 
9900045,-49.22142857142857 
9910016,-48.68817204301075 
9920026,-44.50354609929078 
9930025,-38.69230769230769 
9940041,-46.49110320284697 
9950014,-42.112280701754386 
9960045,-42.10452961672474 
9970011,-51.65090909090909 
9980045,-50.277372262773724 
9990042,-55.91851851851852 
10000020,-36.78892733564014 
10010001,-57.842696629213485 
10020016,-63.1203007518797 
10030035,-63.21673003802282 
10040024,-55.13333333333333 
10050041,-49.92 
10060003,-57.89513108614232 
10070006,-56.86142322097378 
10080031,-68.95752895752896 
10090017,-57.04089219330855 
10100035,-64.41379310344827 
10110020,-64.23076923076923 
10120001,-77.20481927710843 
10130040,-60.32699619771863 
10140034,-67.93822393822394 
10150014,-67.5 
10160049,-81.95918367346938 
10170013,-63.536679536679536 
10180022,-60.66415094339623 
10190025,-66.7 
10200004,-66.28793774319067 
10210021,-58.961832061068705 
10220014,-65.48659003831418 
10230045,-69.9375 
10240018,-68.82213438735178 
10250003,-61.80769230769231 
10260049,-76.15139442231076 
10270004,-63.938223938223935 
10280032,-56.92481203007519 
10290003,-73.65217391304348 
10300022,-58.77272727272727 
10310038,-55.954887218045116 
10320020,-63.53076923076923 
10330044,-55.992537313432834 
10340019,-52.67399267399267 
10350007,-59.93155893536122 
10360024,-55.048689138576776 
10370024,-47.05035971223022 
10380011,-40.494623655913976 
10390020,-47.25818181818182 
10400035,-46.88405797101449 
10410006,-45.97111913357401 
10420015,-47.30434782608695 
10430009,-48.69064748201439 
10440046,-52.72992700729927 
10450022,-52.394052044609666 
10460020,-41.24381625441696 
10470010,-37.793103448275865 
10480014,-54.05128205128205 
10490040,-45.10320284697509 
10500000,-49.27797833935018 
10510003,-45.34767025089606 
10520024,-59.26315789473684 
10530013,-40.478873239436616 
10540010,-42.466431095406364 
10550029,-34.901023890784984 
10560031,-41.73519163763066 
10570009,-49.608695652173914 
10580013,-35.522491349480966 
10590042,-39.637630662020904 
10600008,-44.81720430107527 
10610013,-34.02061855670103 
10620019,-42.54929577464789 
10630009,-40.48780487804878 
10640008,-48.82181818181818 
10650010,-43.985865724381625 
10660008,-45.47482014388489 
10670034,-48.61648745519713 
10680002,-38.508710801393725 
10690049,-51.42124542124542 
10700016,-51.23809523809524 
10710045,-47.18996415770609 
10720014,-44.39426523297491 
10730021,-45.971014492753625 
10740019,-46.33812949640288 
10750011,-45.13669064748201 
10760038,-46.80286738351254 
10770038,-54.132841328413285 
10780006,-50.589090909090906 
10790027,-54.86764705882353 
10800030,-41.53191489361702 
10810047,-50.285714285714285 
10820033,-46.35507246376812 
10830016,-49.56934306569343 
10840026,-60.456273764258555 
10850016,-57.669172932330824 
10860003,-56.50936329588015 
10870012,-42.924731182795696 
10880041,-47.655913978494624 
10890005,-61.676923076923075 
10900009,-55.301115241635685 
10910016,-66.03076923076924 
10920012,-66.01538461538462 
10930028,-52.22878228782288 
10940027,-50.31386861313869 
10950008,-45.51428571428571 
10960034,-54.29520295202952 
10970005,-44.3 
10980016,-58.41044776119403 
10990005,-46.77142857142857 
11000014,-56.85283018867924 
11010049,-52.68382352941177 
11020003,-59.45864661654135 
11030006,-52.68131868131868 
11040012,-48.35971223021583 
11050032,-45.638297872340424 
11060011,-52.586080586080584 
11070044,-62.49811320754717 
11080028,-45.33090909090909 
11090022,-53.391941391941394 
11100041,-50.57142857142857 
11110026,-40.0 
11120032,-47.29032258064516 
11130012,-42.41258741258741 
11140034,-49.62909090909091 
11150002,-37.411764705882355 
11160028,-57.284132841328415 
11170014,-39.444839857651246 
11180043,-51.99270072992701 
11190010,-37.02097902097902 
11200024,-48.128571428571426 
11210027,-40.8140350877193 
11220044,-51.483636363636364 
11230000,-41.71024734982332 
11240003,-44.98924731182796 
11250046,-37.550173010380625 
11260021,-57.3134328358209 
11270006,-43.75 
11280035,-42.654804270462634 
11290041,-49.46520146520147 
11300004,-57.77695167286245 
11310043,-49.01083032490975 
11320027,-51.830258302583026 
11330000,-44.236559139784944 
11340016,-58.59176029962547 
11350009,-47.82078853046595 
11360045,-60.95849056603774 
11370022,-63.06923076923077 
11380011,-68.109375 
11390038,-75.38888888888889 
11400025,-67.3953488372093 
11410017,-71.53359683794466 
11420007,-78.75 
11430009,-81.76612903225806 
11440001,-85.79423868312757 
11450007,-86.96747967479675 
11460025,-77.23694779116465 
11470001,-78.28915662650603 
11480007,-73.28286852589642 
11490012,-65.15384615384616 
11500009,-73.69721115537848 
11510013,-74.19047619047619 
11520023,-74.38247011952191 
11530026,-68.71372549019608 
11540007,-72.26877470355731 
11550042,-50.85820895522388 
11560000,-63.328125 
11570039,-77.03585657370517 
11580024,-54.850746268656714 
11590026,-62.844106463878326 
11600039,-62.136882129277566 
11610033,-57.446969696969695 
11620013,-55.833333333333336 
11630005,-60.908396946564885 
11640008,-67.72972972972973 
11650002,-57.737827715355806 
11660016,-51.30402930402931 
11670005,-35.333333333333336 
11680006,-58.59701492537314 
11690030,-60.553030303030305 
11700042,-39.43356643356643 
11710024,-51.96350364963504 
11720017,-57.29368029739777 
11730043,-41.3922261484099 
11740022,-40.33449477351916 
11750047,-33.28767123287671 
11760036,-38.31358885017421 
11770015,-49.65942028985507 
11780042,-44.903914590747334 
11790017,-43.20422535211268 
11800031,-46.68817204301075 
11810025,-32.897260273972606 
11820003,-54.98884758364312 
11830008,-45.66308243727599 
11840042,-66.22053231939164 
11850009,-47.14079422382672 
11860007,-37.36619718309859 
11870046,-47.89928057553957 
11880012,-46.29197080291971 
11890007,-50.6985294117647 
11900001,-48.007194244604314 
11910021,-50.97826086956522 
11920037,-36.34931506849315 
11930025,-48.63537906137184 
11940019,-52.32967032967033 
11950047,-47.985559566787 
11960018,-48.64259927797834 
11970015,-51.738181818181815 
11980026,-39.17482517482517 
11990028,-43.07801418439716 
12000013,-47.2463768115942 
12010025,-62.378787878787875 
12020015,-42.3859649122807 
12030017,-46.96028880866426 
12040027,-47.761732851985556 
12050034,-42.93617021276596 
12060042,-51.613138686131386 
12070021,-41.378571428571426 
12080027,-44.0 
12090020,-42.0 
12100043,-44.56537102473498 
12110040,-59.95471698113207 
12120014,-41.86524822695036 
12130006,-54.18382352941177 
12140048,-59.2406015037594 
12150037,-48.38434163701068 
12160002,-58.53383458646616 
12170043,-51.57818181818182 
12180007,-37.67832167832168 
12190019,-48.87364620938628 
12200031,-45.93594306049822 
12210032,-53.470588235294116 
12220042,-38.666666666666664 
12230048,-65.41444866920152 
12240016,-52.76865671641791 
12250031,-44.04255319148936 
12260000,-55.208955223880594 
12270027,-68.59689922480621 
12280012,-55.8364312267658 
12290002,-62.339622641509436 
12300000,-47.97864768683274 
12310020,-57.201492537313435 
12320036,-57.37546468401487 
12330039,-53.06181818181818 
12340016,-47.97111913357401 
12350013,-57.865671641791046 
12360047,-52.779411764705884 
12370030,-62.03831417624521 
12380044,-44.220640569395016 
12390018,-53.404411764705884 
12400001,-52.76470588235294 
12410003,-49.95652173913044 
12420016,-48.280575539568346 
12430003,-57.11940298507463 
12440009,-41.07801418439716 
12450018,-44.77142857142857 
12460034,-50.27007299270073 
12470045,-43.07746478873239 
12480016,-49.03272727272727 
12490001,-41.39784946236559 
12500042,-50.985611510791365 
12510037,-45.57142857142857 
12520020,-50.372262773722625 
12530025,-59.056603773584904 
12540010,-60.301886792452834 
12550020,-45.61594202898551 
12560001,-50.38235294117647 
12570004,-49.89818181818182 
12580014,-48.15884476534296 
12590036,-61.74809160305343 
12600017,-62.97692307692308 
12610011,-68.27906976744185 
12620036,-56.09665427509294 
12630002,-63.033962264150944 
12640029,-72.40466926070039 
12650006,-69.640625 
12660035,-73.90588235294118 
12670007,-64.24521072796935 
12680012,-72.92490118577075 
12690023,-70.72156862745098 
12700007,-86.97942386831275 
12710012,-68.17829457364341 
12720005,-72.55776892430279 
12730001,-70.68235294117648 
12740002,-93.29411764705883 
12750005,-82.59016393442623 
12760023,-84.57959183673469 
12770048,-74.52 
12780037,-89.02092050209205 
12790031,-78.85483870967742 
12800021,-66.47286821705427 
12810019,-72.86507936507937 
12820016,-87.87551867219916 
12830005,-68.890625 
12840013,-71.22834645669292 
12850010,-64.44961240310077 
12860002,-69.75686274509803 
12870031,-64.12927756653993 
12880020,-59.37642585551331 
12890044,-48.31884057971015 
12900001,-59.46212121212121 
12910023,-63.03076923076923 
12920001,-46.832116788321166 
12930037,-53.043795620437955 
12940012,-46.55797101449275 
12950029,-51.156363636363636 
12960009,-43.607142857142854 
12970030,-40.39310344827586 
12980019,-41.11660777385159 
12990039,-50.57761732851986 
13000006,-42.316901408450704 
13010042,-45.91519434628975 
13020015,-46.804270462633454 
13030024,-38.705882352941174 
13040042,-25.908196721311477 
13050000,-45.148936170212764 
13060021,-44.4 
13070043,-48.67615658362989 
13080018,-41.19718309859155 
13090026,-50.69565217391305 
13100042,-50.40860215053763 
13110012,-38.44290657439446 
13120010,-32.98327759197324 
13130005,-33.108108108108105 
13140013,-36.8 
13150027,-39.744827586206895 
13160000,-58.05882352941177 
13170020,-47.11743772241993 
13180028,-53.67032967032967 
13190017,-34.23809523809524 
13200017,-52.05128205128205 
13210027,-41.701388888888886 
13220013,-52.87179487179487 
13230025,-42.19580419580419 
13240005,-41.393728222996515 
13250018,-49.8974358974359 
13260042,-48.89855072463768 
13270001,-52.05925925925926 
13280034,-54.27205882352941 
13290035,-49.21454545454545 
13300049,-64.75757575757575 
13310019,-43.32142857142857 
13320017,-52.45255474452555 
13330017,-60.526315789473685 
13340025,-47.87725631768953 
13350011,-42.0709219858156 
13360039,-47.992805755395686 
13370032,-53.73431734317343 
13380020,-42.68571428571428 
13390008,-54.730627306273064 
13400043,-48.24372759856631 
13410037,-50.715328467153284 
13420006,-53.44237918215613 
13430002,-35.97931034482759 
13440046,-48.974729241877256 
13450008,-45.83512544802868 
13460012,-40.869257950530034 
13470039,-56.708955223880594 
13480028,-53.15867158671587 
13490010,-64.56923076923077 
13500012,-56.59701492537314 
13510012,-55.49815498154982 
13520049,-50.832116788321166 
13530008,-49.194244604316545 
13540007,-60.515151515151516 
13550009,-55.47761194029851 
13560043,-57.7546468401487 
13570049,-54.3690036900369 
13580006,-56.88636363636363 
13590041,-48.84892086330935 
13600004,-53.18248175182482 
13610005,-51.88278388278388 
13620027,-62.79545454545455 
13630046,-64.00766283524904 
13640001,-66.65384615384616 
13650033,-61.84848484848485 
13660035,-51.007246376811594 
13670011,-54.81040892193309 
13680007,-60.35606060606061 
13690036,-51.44 
13700027,-58.899628252788105 
13710019,-59.582089552238806 
13720035,-48.16 
13730010,-61.81132075471698 
13740024,-62.62641509433962 
13750023,-52.832116788321166 
13760026,-53.291512915129154 
13770000,-42.95406360424028 
13780014,-52.28776978417266 
13790019,-47.05035971223022 
13800006,-55.142857142857146 
13810046,-47.2463768115942 
13820022,-63.70342205323194 
13830007,-50.72992700729927 
13840046,-45.18149466192171 
13850018,-54.733333333333334 
13860014,-46.30935251798561 
13870009,-59.62264150943396 
13880003,-64.65900383141762 
13890017,-69.86872586872587 
13900004,-51.051094890510946 
13910004,-55.148148148148145 
13920021,-60.142322097378276 
13930016,-67.67441860465117 
13940000,-71.43529411764706 
13950002,-66.37354085603113 
13960003,-67.2183908045977 
13970018,-66.2015503875969 
13980027,-81.79116465863454 
13990028,-71.74117647058823 
14000034,-75.82608695652173 
14010008,-81.95081967213115 
14020009,-78.16129032258064 
14030004,-84.04081632653062 
14040014,-86.9672131147541 
14050043,-73.51587301587301 
14060030,-79.10121457489879 
14070033,-77.2589641434263 
14080016,-71.82608695652173 
14090007,-85.44489795918368 
14100000,-88.25833333333334 
14110000,-71.49606299212599 
14120013,-82.88259109311741 
14130010,-78.99601593625498 
14140008,-63.77186311787072 
14150026,-65.7 
14160000,-64.22727272727273 
14170044,-55.577777777777776 
14180043,-72.6692607003891 
14190043,-61.46067415730337 
14200015,-57.95471698113207 
14210020,-57.95454545454545 
14220009,-62.9236641221374 
14230004,-56.142322097378276 
14240000,-51.03272727272727 
14250000,-43.84341637010676 
14260045,-45.371024734982335 
14270002,-52.90181818181818 
14280035,-37.86159169550173 
14290000,-54.48529411764706 
14300024,-52.34909090909091 
14310021,-35.7319587628866 
14320000,-54.49084249084249 
14330011,-42.021126760563384 
14340039,-40.388888888888886 
14350010,-41.59298245614035 
14360032,-44.69257950530035 
14370025,-45.908127208480565 
14380042,-39.816901408450704 
14390015,-45.326241134751776 
14400000,-51.43382352941177 
14410046,-48.46762589928058 
14420046,-39.243986254295535 
14430030,-39.53146853146853 
14440016,-38.833333333333336 
14450001,-42.717770034843205 
14460008,-48.16487455197132 
14470005,-44.263345195729535 
14480031,-46.59786476868327 
14490015,-40.056338028169016 
14500003,-43.5886524822695 
14510038,-48.607142857142854 
14520007,-48.31884057971015 
14530041,-43.141843971631204 
14540015,-44.205673758865245 
14550003,-42.02120141342756 
14560012,-45.1294964028777 
14570019,-45.843971631205676 
14580017,-47.03225806451613 
14590043,-43.86572438162544 
14600025,-45.686832740213525 
14610021,-48.45090909090909 
14620019,-59.11194029850746 
14630031,-50.21090909090909 
14640019,-53.86764705882353 
14650027,-41.44086021505376 
14660036,-57.662921348314605 
14670041,-48.945454545454545 
14680033,-57.72830188679245 
14690039,-51.73626373626374 
14700006,-52.18248175182482 
14710023,-54.404411764705884 
14720024,-51.948905109489054 
14730022,-54.30882352941177 
14740039,-49.02857142857143 
14750012,-55.90298507462686 
14760029,-54.51111111111111 
14770004,-47.40875912408759 
14780038,-52.64963503649635 
14790005,-58.67669172932331 
14800026,-52.98168498168498 
14810027,-52.058394160583944 
14820015,-56.201492537313435 
14830039,-54.05925925925926 
14840048,-49.371841155234655 
14850021,-48.96028880866426 
14860001,-45.25 
14870016,-56.059479553903344 
14880018,-56.546816479400746 
14890000,-52.29197080291971 
14900014,-52.125461254612546 
14910028,-53.318518518518516 
14920026,-57.3955223880597 
14930000,-54.37174721189591 
14940018,-56.71161048689139 
14950049,-59.338345864661655 
14960004,-42.38434163701068 
14970033,-69.52123552123552 
14980029,-56.594795539033456 
14990045,-63.29811320754717 
15000012,-55.32835820895522 
15010007,-42.8421052631579 
15020026,-49.371841155234655 
15030013,-47.97802197802198 
15040041,-59.5187969924812 
15050020,-52.705882352941174 
15060021,-52.16 
15070007,-55.97003745318352 
15080012,-50.29304029304029 
15090008,-40.680701754385964 
15100015,-51.007246376811594 
15110017,-52.3003663003663 
15120022,-51.824817518248175 
15130016,-36.17993079584775 
15140020,-53.845588235294116 
15150046,-53.36029411764706 
15160011,-64.73076923076923 
15170009,-50.77372262773723 
15180021,-63.42748091603053 
15190012,-63.221374045801525 
15200016,-57.40909090909091 
15210024,-56.7360594795539 
15220010,-64.24615384615385 
15230044,-72.25 
15240048,-71.55294117647058 
15250015,-74.08835341365462 
15260006,-80.1774193548387 
15270012,-60.95849056603774 
15280043,-79.016 
15290030,-62.91538461538462 
15300020,-87.21991701244814 
15310002,-82.71544715447155 
15320021,-85.29218106995884 
15330040,-66.81853281853282 
15340021,-83.11570247933884 
15350047,-76.12955465587045 
15360034,-76.84462151394422 
15370043,-62.9236641221374 
15380031,-78.25498007968127 
15390004,-87.14522821576763 
15400037,-70.16342412451363 
15410015,-73.65873015873017 
15420026,-74.10317460317461 
15430007,-75.87250996015936 
15440018,-64.0 
15450042,-64.22137404580153 
15460000,-68.43307086614173 
15470012,-63.98479087452471 
15480012,-54.3014705882353 
15490043,-63.14716981132076 
15500046,-64.27169811320755 
15510004,-65.37164750957854 
15520028,-48.52669039145908 
15530025,-54.36764705882353 
15540025,-55.54744525547445 
15550009,-48.21660649819495 
15560024,-42.816901408450704 
15570016,-54.625 
15580005,-48.37275985663082 
15590049,-45.5531914893617 
15600018,-49.61904761904762 
15610018,-45.07142857142857 
15620002,-41.03496503496503 
15630001,-40.541666666666664 
15640013,-48.51798561151079 
15650004,-29.58 
15660015,-44.098591549295776 
15670013,-25.966887417218544 
15680007,-45.267605633802816 
15690043,-57.681481481481484 
15700006,-39.34494773519164 
15710005,-39.50173010380623 
15720006,-41.05190311418685 
15730044,-47.533568904593636 
15740017,-40.743859649122804 
15750003,-47.72857142857143 
15760013,-41.9434628975265 
15770034,-42.75087719298246 
15780004,-40.836236933797906 
15790025,-37.81443298969072 
15800006,-50.76978417266187 
15810010,-43.1219512195122 
15820021,-41.70422535211268 
15830023,-51.47292418772563 
15840028,-38.24742268041237 
15850035,-52.34782608695652 
15860012,-48.26618705035971 
15870030,-31.218855218855218 
15880001,-50.67399267399267 
15890019,-30.57718120805369 
15900015,-41.38732394366197 
15910046,-53.8974358974359 
15920033,-42.18374558303887 
15930001,-36.32280701754386 
15940019,-52.61594202898551 
15950019,-53.00366300366301 
15960002,-49.8978102189781 
15970021,-48.83032490974729 
15980026,-47.87769784172662 
15990023,-56.191881918819185 
16000011,-40.95104895104895 
16010034,-47.52517985611511 
16020044,-54.0 
16030041,-63.93869731800766 
16040000,-56.38951310861423 
16050025,-57.9182156133829 
16060003,-48.88405797101449 
16070023,-45.08960573476703 
16080009,-74.42063492063492 
16090023,-55.2619926199262 
16100015,-67.43410852713178 
16110037,-73.07509881422925 
16120005,-65.2015503875969 
16130003,-59.969811320754715 
16140004,-57.40298507462686 
16150006,-67.51162790697674 
16160039,-64.89393939393939 
16170019,-60.18939393939394 
16180013,-54.12686567164179 
16190010,-64.03076923076924 
16200048,-58.43445692883895 
16210047,-59.984848484848484 
16220041,-71.76744186046511 
16230011,-68.44357976653697 
16240033,-73.12941176470588 
16250005,-59.99248120300752 
16260026,-68.4078431372549 
16270000,-58.324528301886794 
16280014,-67.640625 
16290005,-54.791044776119406 
16300018,-49.068592057761734 
16310036,-65.68939393939394 
16320002,-49.06909090909091 
16330004,-50.32234432234432 
16340011,-54.97378277153558 
16350037,-53.737226277372265 
16360049,-59.72727272727273 
16370006,-67.0077519379845 
16380041,-53.38289962825279 
16390027,-48.77818181818182 
16400034,-55.38007380073801 
16410006,-48.89377289377289 
16420021,-53.505535055350556 
16430014,-58.19622641509434 
16440022,-58.82222222222222 
16450038,-49.292418772563174 
16460003,-41.50877192982456 
16470049,-63.6 
16480014,-50.33210332103321 
16490024,-51.42335766423358 
16500031,-57.791044776119406 
16510006,-56.67910447761194 
16520027,-57.18959107806691 
16530040,-63.70992366412214 
16540034,-61.234848484848484 
16550004,-63.19391634980989 
16560012,-72.22568093385215 
16570016,-65.73745173745174 
16580020,-71.28853754940711 
16590003,-65.8443579766537 
16600046,-59.13962264150943 
16610009,-51.19259259259259 
16620020,-70.09375 
16630048,-65.40996168582376 
16640049,-73.70196078431373 
16650033,-64.77394636015326 
16660043,-61.32575757575758 
16670018,-75.87301587301587 
16680025,-61.30827067669173 
16690019,-66.75384615384615 
16700022,-64.62307692307692 
16710011,-63.81609195402299 
16720007,-67.62352941176471 
16730015,-57.8962962962963 
16740014,-72.97637795275591 
16750014,-77.60956175298804 
16760017,-57.79775280898876 
16770038,-67.37984496124031 
16780018,-50.51282051282051 
16790026,-50.0431654676259 
16800039,-54.5830258302583 
16810029,-66.6023166023166 
16820030,-65.53256704980843 
16830034,-52.332129963898915 
16840002,-41.656140350877195 
16850003,-43.01766784452297 
16860047,-57.88191881918819 
16870014,-50.10181818181818 
16880024,-50.64748201438849 
16890018,-40.3006993006993 
16900010,-48.05035971223022 
16910004,-42.59027777777778 
16920027,-47.06810035842294 
16930004,-44.835087719298244 
16940039,-35.96610169491525 
16950033,-46.45229681978799 
16960029,-38.91034482758621 
16970000,-50.62589928057554 
16980006,-44.32508833922262 
16990031,-46.725352112676056 
17000004,-38.375 
17010001,-50.35379061371841 
17020008,-41.5719298245614 
17030009,-39.274647887323944 
17040028,-36.13194444444444 
17050045,-43.102473498233216 
17060015,-37.96551724137931 
17070018,-41.361111111111114 
17080034,-52.55072463768116 
17090022,-37.8 
17100015,-57.571955719557195 
17110008,-43.50530035335689 
17120004,-34.279863481228666 
17130031,-42.9198606271777 
17140014,-51.12635379061372 
17150036,-46.256227758007114 
17160008,-45.01075268817204 
17170013,-36.90972222222222 
17180037,-38.65068493150685 
17190036,-49.84115523465704 
17200020,-47.08243727598566 
17210005,-45.94982078853047 
17220008,-44.86524822695036 
17230023,-48.888888888888886 
17240004,-42.487632508833926 
17250024,-41.57342657342657 
17260013,-42.98939929328622 
17270029,-44.371428571428574 
17280006,-39.150877192982456 
17290023,-47.07913669064748 
17300043,-48.81720430107527 
17310002,-50.63768115942029 
17320020,-64.38022813688212 
17330020,-50.28776978417266 
17340017,-47.29496402877698 
17350006,-55.66789667896679 
17360042,-54.865671641791046 
17370037,-49.81949458483754 
17380004,-46.44202898550725 
17390017,-59.142857142857146 
17400049,-57.50185873605948 
17410000,-55.649253731343286 
17420017,-57.81203007518797 
17430009,-47.97111913357401 
17440008,-59.61048689138577 
17450008,-48.08664259927798 
17460000,-55.234200743494426 
17470023,-74.9090909090909 
17480043,-52.4907063197026 
17490044,-70.64313725490196 
17500017,-66.50583657587549 
17510028,-68.21875 
17520001,-68.92248062015504 
17530046,-68.42307692307692 
17540032,-72.46640316205534 
17550037,-60.561797752808985 
17560040,-65.10505836575875 
17570000,-60.265151515151516 
17580010,-73.37254901960785 
17590006,-71.07874015748031 
17600048,-62.164794007490634 
17610001,-55.176029962546814 
17620023,-49.625 
17630007,-52.411764705882355 
17640040,-53.49818181818182 
17650013,-62.84848484848485 
17660024,-66.21705426356588 
17670016,-49.99264705882353 
17680001,-53.60294117647059 
17690006,-46.77536231884058 
17700038,-46.82562277580071 
17710027,-54.10294117647059 
17720038,-59.11278195488722 
17730019,-48.85920577617328 
17740040,-43.183098591549296 
17750005,-53.579335793357934 
17760017,-56.0 
17770016,-68.98850574712644 
17780047,-57.05185185185185 
17790020,-67.88416988416988 
17800002,-64.0381679389313 
17810025,-72.04705882352941 
17820003,-74.8695652173913 
17830034,-59.56716417910448 
17840010,-76.43307086614173 
17850015,-66.53846153846153 
17860034,-67.82239382239382 
17870044,-78.40637450199203 
17880018,-63.59695817490494 
17890004,-74.63745019920319 
17900029,-81.00806451612904 
17910019,-79.28 
17920016,-69.52529182879377 
17930030,-75.51778656126483 
17940004,-70.7265625 
17950000,-72.2421875 
17960032,-66.54263565891473 
17970040,-76.25296442687747 
17980008,-68.328125 
17990021,-57.97037037037037 
18000041,-74.52380952380952 
18010041,-67.51937984496124 
18020006,-63.19230769230769 
18030037,-64.03030303030303 
18040016,-65.48461538461538 
18050048,-56.52238805970149 
18060025,-64.09022556390977 
18070017,-59.766917293233085 
18080016,-52.32116788321168 
18090045,-48.64 
18100009,-48.89051094890511 
18110018,-56.04460966542751 
18120032,-48.52142857142857 
18130008,-58.36704119850187 
18140025,-59.1037037037037 
18150032,-60.514925373134325 
18160020,-36.858131487889274 
18170020,-46.91489361702128 
18180017,-36.38775510204081 
18190039,-60.62453531598513 
18200015,-50.33812949640288 
18210049,-45.09219858156028 
18220024,-53.18840579710145 
18230030,-51.776978417266186 
18240007,-46.7773851590106 
18250027,-37.86941580756014 
18260041,-44.58245614035088 
18270014,-43.24647887323944 
18280006,-41.25174825174825 
18290043,-41.63066202090592 
18300023,-43.81625441696113 
18310019,-30.98989898989899 
18320019,-35.89655172413793 
18330006,-38.12456747404844 
18340001,-42.961672473867594 
18350030,-42.45070422535211 
18360019,-51.82671480144404 
18370004,-52.372262773722625 
18380028,-40.22996515679443 
18390007,-42.21602787456446 
18400027,-35.99315068493151 
18410013,-39.220689655172414 
18420029,-45.24381625441696 
18430021,-39.853658536585364 
18440009,-41.5859649122807 
18450007,-42.603508771929825 
18460026,-44.94964028776978 
18470027,-43.289198606271775 
18480011,-39.95053003533569 
18490002,-33.965635738831615 
18500025,-45.542857142857144 
18510044,-42.57446808510638 
18520026,-47.24285714285714 
18530002,-45.2831541218638 
18540029,-44.92142857142857 
18550040,-42.0140350877193 
18560000,-48.992805755395686 
18570021,-48.21582733812949 
18580029,-64.22222222222223 
18590039,-56.36029411764706 
18600000,-54.55018587360595 
18610023,-58.17910447761194 
18620003,-63.49809885931559 
18630006,-51.80882352941177 
18640026,-66.26923076923077 
18650013,-51.68382352941177 
18660027,-51.455882352941174 
18670028,-54.47970479704797 
18680005,-43.787234042553195 
18690003,-44.57857142857143 
18700022,-52.355555555555554 
18710049,-47.08960573476703 
18720006,-69.99221789883268 
18730004,-63.111111111111114 
18740013,-64.5019305019305 
18750001,-52.08 
18760019,-58.247191011235955 
18770011,-53.64575645756457 
18780021,-56.81647940074907 
18790028,-67.98455598455598 
18800003,-72.27450980392157 
18810041,-73.0 
18820001,-67.27626459143968 
18830036,-65.37878787878788 
18840019,-72.33070866141732 
18850020,-82.8273092369478 
18860016,-73.7211155378486 
18870000,-66.16216216216216 
18880031,-74.87843137254902 
18890019,-66.66153846153846 
18900009,-50.0 
18910033,-75.024 
18920009,-69.4251968503937 
18930022,-72.078125 
18940020,-63.12307692307692 
18950022,-54.0749063670412 
18960025,-59.89393939393939 
18970021,-70.05426356589147 
18980030,-57.64528301886792 
18990026,-59.71102661596958 
19000003,-64.70498084291188 
19010042,-53.35531135531136 
19020012,-50.925925925925924 
19030024,-57.30597014925373 
19040013,-55.39259259259259 
19050000,-59.53787878787879 
19060023,-59.41044776119403 
19070002,-53.614814814814814 
19080048,-40.916666666666664 
19090029,-69.39299610894942 
19100008,-60.24812030075188 
19110044,-52.02877697841727 
19120023,-47.73913043478261 
19130014,-65.87739463601532 
19140026,-61.16226415094339 
19150005,-64.77566539923954 
19160030,-69.38223938223938 
19170020,-62.22641509433962 
19180022,-64.25095057034221 
19190003,-78.296 
19200001,-70.79527559055119 
19210021,-69.76653696498055 
19220006,-68.76447876447877 
19230046,-66.0536398467433 
19240001,-75.13833992094861 
19250033,-73.90697674418605 
19260044,-70.44357976653697 
19270025,-64.29007633587786 
19280006,-67.09727626459144 
19290003,-55.91011235955056 
19300039,-59.11610486891386 
