10000,-19.44 
20000,-19.36 
30000,-19.23 
40000,-19.295 
50000,-19.32 
60000,-19.085 
70000,-19.035 
80000,-19.03 
90000,-19.07 
100000,-18.94 
110000,-19.025 
120000,-18.985 
130000,-18.925 
140000,-18.92 
150000,-18.845 
160000,-18.79 
170000,-18.72 
180000,-18.85 
190000,-18.68 
200000,-18.72 
210000,-18.835 
220000,-18.805 
230000,-18.7 
240000,-18.585 
250000,-18.75 
260000,-18.62 
270000,-18.78 
280000,-18.61 
290000,-18.62 
300000,-18.72 
310000,-18.68 
320000,-18.495 
330000,-18.615 
340000,-18.63 
350000,-18.55 
360000,-18.71 
370000,-18.495 
380000,-18.655 
390000,-18.59 
400000,-18.69 
410000,-18.475 
420000,-18.58 
430000,-18.605 
440000,-18.515 
450000,-18.55 
460000,-18.64 
470000,-18.465 
480000,-18.585 
490000,-18.525 
500000,-18.56 
510000,-18.57 
520000,-18.42 
530000,-18.51 
540000,-18.37 
550000,-18.435 
560000,-18.37 
570000,-18.57 
580000,-18.44 
590000,-18.35 
600000,-18.205 
610000,-18.315 
620000,-18.105 
630000,-18.24 
640000,-18.28 
650000,-18.21 
660000,-18.31 
670000,-18.155 
680000,-18.125 
690000,-18.255 
700000,-18.155 
710000,-18.095 
720000,-18.18 
730000,-18.06 
740000,-18.13 
750000,-18.13 
760000,-17.925 
770000,-18.015 
780000,-18.075 
790000,-18.09 
800000,-17.96 
810000,-17.965 
820000,-17.75 
830000,-17.865 
840000,-17.885 
850000,-17.98 
860000,-17.915 
870000,-17.895 
880000,-17.71 
890000,-17.86 
900000,-17.750000000000004 
910000,-17.77 
920000,-17.77 
930000,-17.590000000000003 
940000,-17.85 
950000,-17.855 
960000,-17.755 
970000,-17.795 
980000,-17.605 
990000,-17.65 
1000000,-17.380000000000003 
1010000,-17.79 
1020000,-17.675000000000004 
1030000,-17.805 
1040000,-17.490000000000002 
1050000,-17.500000000000004 
1060000,-17.53 
1070000,-17.69 
1080000,-17.535000000000004 
1090000,-17.52 
1100000,-17.4 
1110000,-17.420000000000005 
1120000,-17.585000000000004 
1130000,-17.460000000000004 
1140000,-17.500000000000004 
1150000,-17.360000000000003 
1160000,-17.555000000000003 
1170000,-17.215000000000003 
1180000,-17.385000000000005 
1190000,-17.230000000000004 
1200000,-17.170000000000005 
1210000,-17.370000000000005 
1220000,-17.290000000000003 
1230000,-17.335000000000004 
1240000,-17.255000000000006 
1250000,-17.110000000000003 
1260000,-17.110000000000003 
1270000,-17.295000000000005 
1280000,-17.060000000000006 
1290000,-17.125000000000004 
1300000,-17.235000000000003 
1310000,-17.095000000000006 
1320000,-17.005000000000006 
1330000,-17.125000000000004 
1340000,-17.200000000000003 
1350000,-17.195000000000004 
1360000,-16.890000000000004 
1370000,-16.960000000000004 
1380000,-16.925000000000004 
1390000,-16.885000000000005 
1400000,-17.050000000000004 
1410000,-17.070000000000004 
1420000,-16.670000000000005 
1430000,-16.775000000000006 
1440000,-16.820000000000004 
1450000,-16.835000000000004 
1460000,-16.785000000000004 
1470000,-16.575000000000003 
1480000,-16.745000000000005 
1490000,-16.820000000000004 
1500000,-16.830000000000005 
1510000,-16.790000000000006 
1520000,-16.615000000000006 
1530000,-16.790000000000006 
1540000,-16.500000000000004 
1550000,-16.690000000000005 
1560000,-16.795000000000005 
1570000,-16.870000000000005 
1580000,-16.730000000000004 
1590000,-16.615000000000006 
1600000,-16.550000000000004 
1610000,-16.765000000000004 
1620000,-16.790000000000006 
1630000,-16.705000000000005 
1640000,-16.645000000000003 
1650000,-16.820000000000004 
1660000,-16.585000000000004 
1670000,-16.625000000000004 
1680000,-16.600000000000005 
1690000,-16.420000000000005 
1700000,-16.610000000000003 
1710000,-16.645000000000003 
1720000,-16.550000000000004 
1730000,-16.550000000000004 
1740000,-16.415000000000006 
1750000,-16.690000000000005 
1760000,-16.545000000000005 
1770000,-16.390000000000004 
1780000,-16.415000000000006 
1790000,-16.360000000000003 
1800000,-16.560000000000006 
1810000,-16.345000000000006 
1820000,-16.535000000000004 
1830000,-16.495000000000005 
1840000,-16.390000000000004 
1850000,-16.125000000000004 
1860000,-16.590000000000003 
1870000,-16.450000000000003 
1880000,-16.415000000000006 
1890000,-16.540000000000006 
1900000,-16.400000000000006 
1910000,-16.255000000000006 
1920000,-16.300000000000004 
1930000,-16.370000000000005 
1940000,-16.395000000000003 
1950000,-16.295000000000005 
1960000,-16.440000000000005 
1970000,-16.325000000000003 
1980000,-16.165000000000006 
1990000,-16.345000000000006 
2000000,-16.245000000000005 
2010000,-16.045000000000005 
2020000,-16.310000000000006 
2030000,-16.145000000000003 
2040000,-16.155000000000005 
2050000,-15.935000000000004 
2060000,-15.930000000000005 
2070000,-16.120000000000005 
2080000,-15.950000000000005 
2090000,-15.995000000000005 
2100000,-15.995000000000005 
2110000,-15.905000000000005 
2120000,-15.795000000000005 
2130049,-15.913432835820899 
2140049,-15.740000000000004 
2150049,-15.825000000000005 
2160049,-15.980000000000004 
2170049,-15.895000000000005 
2180049,-15.640000000000004 
2190049,-15.800000000000004 
2200049,-15.815000000000005 
2210048,-15.683000000000003 
2220048,-15.920000000000005 
2230048,-15.750000000000005 
2240034,-15.677000000000005 
2250034,-15.870000000000005 
2260034,-15.825000000000005 
2270034,-15.780000000000005 
2280016,-15.834000000000005 
2290016,-15.805000000000005 
2300016,-15.815000000000005 
2310016,-15.585000000000004 
2320007,-15.612000000000005 
2330007,-15.830000000000005 
2340007,-15.725000000000005 
2350043,-15.579104477611946 
2360043,-15.550000000000004 
2370030,-15.694000000000006 
2380030,-15.705000000000005 
2390030,-15.865000000000004 
2400030,-15.565000000000005 
2410022,-15.534000000000006 
2420047,-15.427860696517417 
2430047,-15.505000000000004 
2440047,-15.600000000000005 
2450047,-15.625000000000005 
2460047,-15.645000000000005 
2470035,-15.241000000000003 
2480035,-15.480000000000004 
2490035,-15.450000000000005 
2500018,-15.431000000000006 
2510018,-15.585000000000004 
2520043,-15.467661691542293 
2530043,-15.460000000000004 
2540043,-15.375000000000005 
2550029,-15.332000000000004 
2560022,-15.656000000000004 
2570041,-15.445771144278611 
2580038,-15.294000000000006 
2590038,-15.450000000000005 
2600028,-15.280000000000005 
2610019,-15.267000000000005 
2620019,-15.335000000000004 
2630004,-15.210000000000004 
2640034,-15.358208955223885 
2650034,-15.470000000000004 
2660031,-15.554000000000006 
2670027,-15.385074626865677 
2680027,-15.595000000000004 
2690019,-15.579000000000006 
2700019,-15.455000000000005 
2710019,-15.385000000000005 
2720010,-15.532000000000007 
2730007,-15.289000000000005 
2740047,-15.537313432835825 
2750047,-15.210000000000004 
2760037,-15.330000000000005 
2770037,-15.670000000000005 
2780030,-15.301000000000005 
2790030,-15.400000000000004 
2800017,-15.134000000000006 
2810017,-15.365000000000004 
2820013,-15.627000000000004 
2830040,-15.30248756218906 
2840040,-15.460000000000004 
2850040,-15.445000000000004 
2860020,-15.390000000000004 
2870020,-15.640000000000004 
2880033,-15.299502487562195 
2890033,-15.650000000000004 
2900033,-15.395000000000005 
2910033,-15.340000000000005 
2920033,-15.450000000000005 
2930026,-15.546000000000006 
2940019,-15.511000000000003 
2950019,-15.445000000000004 
2960043,-15.157213930348265 
2970043,-15.410000000000004 
2980040,-15.379000000000005 
2990030,-15.255000000000006 
3000030,-15.390000000000004 
3010024,-15.408000000000005 
3020002,-15.331000000000007 
3030034,-15.272636815920404 
3040034,-15.220000000000004 
3050034,-15.395000000000005 
3060047,-15.23980099502488 
3070047,-15.200000000000005 
3080043,-15.217000000000008 
3090043,-15.085000000000004 
3100043,-15.470000000000004 
3110029,-15.477000000000006 
3120029,-15.305000000000005 
3130000,-15.237000000000005 
3140000,-15.380000000000004 
3150000,-15.260000000000005 
3160028,-15.329353233830851 
3170019,-15.00199004975125 
3180044,-15.064676616915428 
3190025,-15.127000000000004 
3200015,-15.470000000000004 
3210015,-15.280000000000005 
3220015,-15.335000000000004 
3230015,-15.215000000000005 
3240008,-15.176000000000004 
3250008,-15.355000000000004 
3260044,-14.99701492537314 
3270023,-15.178000000000004 
3280004,-15.087000000000005 
3290039,-15.02985074626866 
3300024,-15.240000000000004 
3310024,-15.155000000000005 
3320024,-15.145000000000005 
3330022,-15.066000000000008 
3340006,-15.018000000000006 
3350048,-15.217910447761199 
3360048,-15.140000000000004 
3370046,-15.026000000000003 
3380046,-15.020000000000005 
3390039,-15.201000000000006 
3400039,-14.960000000000004 
3410000,-14.832000000000004 
3420015,-15.000000000000005 
3430015,-15.220000000000004 
3440042,-14.874626865671647 
3450029,-14.526368159203985 
3460010,-14.962000000000005 
3470010,-15.165000000000004 
3480010,-15.135000000000005 
3490010,-15.045000000000005 
3500041,-15.091542288557221 
3510041,-14.960000000000004 
3520021,-14.930000000000005 
3530012,-15.032000000000005 
3540048,-14.90746268656717 
3550045,-14.874000000000006 
3560012,-14.744000000000005 
3570002,-14.925000000000004 
3580012,-14.631840796019905 
3590012,-15.105000000000004 
3600012,-15.035000000000007 
3610049,-15.078606965174135 
3620043,-14.978000000000007 
3630043,-14.915000000000004 
3640025,-14.684000000000005 
3650017,-15.059000000000005 
3660000,-14.741000000000003 
3670026,-14.872636815920403 
3680027,-14.837810945273636 
3690020,-15.016000000000005 
3700043,-14.89651741293533 
3710017,-14.778000000000004 
3720030,-14.662686567164185 
3730016,-14.802000000000005 
3740036,-14.741293532338313 
3750030,-14.928000000000004 
3760002,-14.659000000000006 
3770035,-14.767164179104482 
3780035,-14.810000000000004 
3790022,-14.571144278606972 
3800014,-14.690547263681598 
3810014,-14.885000000000005 
3820008,-14.628000000000007 
3830008,-14.557213930348263 
3840029,-14.383168316831691 
3850022,-14.756000000000006 
3860042,-14.800995024875627 
3870024,-14.699000000000005 
3880044,-14.353233830845776 
3890014,-14.595000000000004 
3900014,-14.610000000000005 
3910040,-14.53930348258707 
3920040,-14.635000000000005 
3930025,-14.510000000000005 
3940022,-14.484000000000005 
3950022,-14.575000000000005 
3960022,-14.740000000000004 
3970017,-14.475000000000005 
3980016,-14.568000000000007 
3990038,-14.456716417910453 
4000014,-14.517000000000005 
4010040,-14.708457711442792 
4020039,-14.388000000000007 
4030012,-14.446000000000003 
4040049,-14.362189054726374 
4050043,-14.288000000000006 
4060008,-14.470000000000004 
4070043,-14.41584158415842 
4080002,-14.128000000000007 
4090028,-14.43980099502488 
4100015,-14.554000000000006 
4110013,-14.23482587064677 
4120043,-14.606965174129357 
4130011,-14.341000000000006 
4140007,-14.422000000000004 
4150029,-14.183084577114434 
4160011,-13.954228855721398 
4170044,-14.18415841584159 
4180028,-14.378000000000004 
4190013,-14.355000000000004 
4200027,-14.376119402985081 
4210044,-14.30746268656717 
4220031,-14.008955223880603 
4230037,-14.215920398009958 
4240048,-14.205970149253739 
4250041,-14.341000000000003 
4260013,-14.369000000000005 
4270013,-14.365000000000004 
4280002,-14.361194029850752 
4290002,-14.620000000000005 
4300002,-14.560000000000004 
4310044,-14.459405940594065 
4320022,-14.381000000000006 
4330022,-14.250000000000005 
4340012,-14.462686567164184 
4350027,-14.287128712871294 
4360008,-14.197000000000005 
4370008,-14.605000000000004 
4380034,-13.740886699507396 
4390015,-14.297000000000008 
4400018,-14.528358208955233 
4410031,-14.020895522388063 
4420040,-14.415920398009957 
4430013,-14.381000000000006 
4440046,-14.337623762376243 
4450035,-14.162189054726374 
4460025,-14.320000000000004 
4470005,-14.345000000000004 
4480033,-14.17425742574258 
4490024,-14.467000000000006 
4500047,-14.020689655172422 
4510036,-14.192039800995031 
4520047,-14.295522388059707 
4530039,-14.299000000000005 
4540048,-14.435820895522394 
4550027,-14.203000000000007 
4560046,-14.349504950495056 
4570026,-14.323383084577122 
4580016,-13.980099502487567 
4590028,-14.073631840796025 
4600026,-14.11485148514852 
4610030,-14.231840796019906 
4620013,-14.351000000000004 
4630010,-14.481592039801 
4640015,-14.268656716417915 
4650005,-14.1542288557214 
4660049,-14.366169154228862 
4670002,-14.316000000000006 
4680021,-14.256716417910454 
4690009,-14.236000000000006 
4700006,-14.02885572139304 
4710006,-14.278606965174136 
4720006,-14.535000000000004 
4730013,-14.227860696517418 
4740044,-14.240796019900502 
4750038,-14.261691542288563 
4760029,-14.347000000000005 
4770025,-14.547000000000008 
4780046,-14.390049751243788 
4790035,-14.493000000000006 
4800007,-14.094000000000005 
4810047,-14.437810945273636 
4820007,-14.180000000000009 
4830017,-14.019900497512442 
4840016,-14.107462686567171 
4850030,-14.116831683168323 
4860038,-14.204975124378112 
4870031,-14.105472636815929 
4880031,-14.315000000000005 
4890011,-14.350000000000005 
4900042,-14.006930693069314 
4910005,-14.306000000000006 
4920042,-14.337313432835826 
4930005,-14.130348258706473 
4940001,-14.097000000000005 
4950001,-14.318407960199009 
4960009,-14.413930348258713 
4970024,-14.262376237623767 
4980034,-14.288557213930355 
4990034,-14.465000000000007 
5000043,-14.39601990049752 
5010027,-14.29154228855722 
5020016,-13.953233830845777 
5030047,-14.00198019801981 
5040005,-14.261000000000003 
5050048,-14.010891089108918 
5060030,-14.204000000000006 
5070013,-14.246000000000004 
5080017,-14.1223880597015 
5090038,-14.08118811881189 
5100038,-14.440000000000005 
5110027,-13.978217821782184 
5120000,-14.336000000000007 
5130019,-14.236815920398016 
5140041,-14.158208955223886 
5150047,-14.245771144278613 
5160001,-14.143000000000006 
5170036,-14.194029850746274 
5180039,-14.269651741293538 
5190011,-14.40696517412936 
5200048,-14.068316831683177 
5210023,-14.205000000000005 
5220031,-14.110447761194033 
5230044,-14.045771144278612 
5240037,-14.171000000000006 
5250024,-14.02885572139304 
5260020,-14.051741293532345 
5270004,-14.143000000000006 
5280013,-13.998009950248763 
5290000,-13.889552238805976 
5300022,-14.382089552238812 
5310014,-14.008955223880603 
5320041,-14.07326732673268 
5330026,-14.330000000000005 
5340026,-14.235000000000008 
5350021,-14.225000000000005 
5360021,-14.380000000000004 
5370016,-14.135000000000005 
5380025,-14.11243781094528 
5390020,-14.200000000000005 
5400003,-13.986069651741301 
5410015,-14.188059701492543 
5420014,-13.988059701492544 
5430028,-13.978217821782184 
5440028,-14.260000000000009 
5450025,-13.83980099502488 
5460005,-14.05472636815921 
5470000,-13.960199004975129 
5480002,-13.94455445544555 
5490045,-13.754679802955673 
5500041,-14.136318407960207 
5510022,-14.112000000000007 
5520016,-13.993034825870653 
5530003,-14.199000000000005 
5540022,-13.87425742574258 
5550048,-13.937623762376242 
5560043,-14.02985074626866 
5570035,-14.399000000000006 
5580030,-14.009950248756226 
5590039,-14.107462686567171 
5600031,-14.049000000000005 
5610009,-14.191000000000004 
5620024,-14.223880597014933 
5630015,-14.182000000000006 
5640006,-13.887562189054734 
5650024,-14.224875621890552 
5660036,-14.262686567164184 
5670036,-14.270000000000005 
5680022,-14.107000000000006 
5690031,-13.908457711442793 
5700031,-14.415000000000004 
5710027,-13.863366336633671 
5720040,-13.99104477611941 
5730035,-14.004975124378117 
5740043,-13.88656716417911 
5750048,-13.94029850746269 
5760019,-14.132000000000005 
5770001,-13.989054726368165 
5780036,-14.009900990099014 
5790020,-14.203000000000007 
5800033,-13.951485148514857 
5810049,-14.086138613861394 
5820008,-14.088000000000006 
5830008,-14.375000000000005 
5840019,-14.141293532338313 
5850018,-14.393000000000006 
5860018,-14.160000000000007 
5870009,-13.947263681592046 
5880025,-14.265671641791052 
5890047,-14.297512437810951 
5900036,-14.218000000000007 
5910026,-14.133663366336638 
5920007,-14.16616915422886 
5930044,-14.142574257425748 
5940019,-14.360000000000005 
5950043,-14.430845771144284 
5960004,-14.156218905472643 
5970003,-14.077611940298514 
5980034,-14.300497512437818 
5990031,-14.332338308457716 
6000042,-14.250746268656723 
6010047,-13.97014925373135 
6020024,-14.244000000000005 
6030046,-14.163184079601995 
6040017,-13.977114427860702 
6050048,-14.240796019900504 
6060023,-14.225000000000005 
6070001,-14.226000000000008 
6080034,-14.493532338308462 
6090034,-14.445000000000004 
6100029,-14.500000000000007 
6110005,-14.17114427860697 
6120008,-14.16019900497513 
6130038,-14.358208955223885 
6140030,-14.359000000000005 
6150021,-14.54427860696518 
6160041,-14.30845771144279 
6170015,-14.067661691542295 
6180040,-14.23383084577115 
6190021,-14.332000000000008 
6200030,-14.271641791044782 
6210040,-14.15346534653466 
6220025,-14.190000000000008 
6230028,-14.229850746268662 
6240016,-14.516000000000005 
6250024,-14.110447761194036 
6260017,-14.541000000000004 
6270015,-14.015920398009957 
6280036,-14.275621890547269 
6290036,-14.595000000000004 
6300010,-14.21194029850747 
6310010,-14.420000000000005 
6320042,-14.49154228855722 
6330019,-14.138308457711448 
6340026,-14.173134328358215 
6350024,-14.18009950248757 
6360013,-14.261691542288563 
6370033,-14.49751243781095 
6380006,-14.030845771144284 
6390006,-14.21393034825871 
6400006,-14.495000000000005 
6410003,-14.264000000000005 
6420037,-14.39601990049752 
6430046,-14.132338308457717 
6440048,-14.21293532338309 
6450014,-14.302000000000005 
6460030,-14.255721393034833 
6470006,-14.131343283582094 
6480029,-14.264676616915429 
6490023,-14.167164179104484 
6500003,-14.395000000000005 
6510033,-14.487562189054733 
6520033,-14.530000000000005 
6530041,-14.219900497512445 
6540020,-14.453000000000007 
6550049,-14.286567164179111 
6560049,-14.270000000000007 
6570038,-14.177114427860701 
6580031,-14.356000000000009 
6590037,-14.275621890547269 
6600007,-14.385000000000005 
6610007,-14.485000000000005 
6620032,-14.371287128712876 
6630030,-14.341000000000003 
6640008,-14.611000000000006 
6650046,-14.3542288557214 
6660010,-14.428000000000006 
6670042,-14.377114427860702 
6680045,-13.971428571428577 
6690045,-14.505000000000004 
6700004,-14.493000000000006 
6710020,-14.051485148514859 
6720020,-14.280000000000005 
6730042,-14.093532338308465 
6740034,-14.339000000000006 
6750020,-14.419900497512446 
6760036,-14.19601990049752 
6770017,-14.357000000000005 
6780023,-14.215920398009958 
6790008,-14.194029850746276 
6800025,-14.088557213930354 
6810026,-14.269306930693077 
6820016,-14.135000000000005 
6830008,-14.188059701492543 
6840039,-14.315422885572147 
6850005,-14.347000000000007 
6860035,-14.243781094527368 
6870034,-14.363000000000007 
6880047,-14.22487562189055 
6890014,-14.289000000000005 
6900003,-14.067661691542295 
6910020,-14.133333333333342 
6920030,-13.990099009900995 
6930032,-14.133333333333338 
6940015,-13.966169154228863 
6950013,-14.266000000000005 
6960030,-13.989108910891094 
6970004,-14.082587064676623 
6980002,-14.336000000000004 
6990007,-14.298507462686572 
7000003,-14.300497512437818 
7010047,-14.271641791044782 
7020025,-14.276000000000005 
7030022,-14.178109452736324 
7040010,-14.231000000000003 
7050011,-13.977114427860702 
7060049,-14.244776119402989 
7070018,-14.048000000000007 
7080049,-14.220895522388068 
7090015,-13.987064676616923 
7100042,-14.01386138613862 
7110030,-14.276000000000005 
7120030,-14.490000000000004 
7130000,-14.320000000000007 
7140041,-13.9920792079208 
7150041,-14.174129353233837 
7160048,-14.128358208955229 
7170019,-14.162000000000004 
7180000,-14.081592039801002 
7190024,-14.336318407960205 
7200010,-14.076616915422893 
7210033,-14.110447761194036 
7220012,-13.883582089552245 
7230048,-14.230845771144287 
7240038,-14.169154228855726 
7250038,-14.079601990049758 
7260021,-14.035820895522397 
7270034,-14.264676616915429 
7280039,-14.199004975124383 
7290016,-14.169000000000008 
7300005,-14.02288557213931 
7310022,-14.436815920398015 
7320011,-14.241791044776125 
7330033,-14.367164179104483 
7340017,-14.423000000000007 
7350016,-14.423000000000007 
7360019,-14.264676616915429 
7370000,-14.352000000000007 
7380044,-14.215841584158422 
7390006,-14.204000000000006 
7400029,-14.135323383084586 
7410004,-14.415000000000004 
7420034,-14.333333333333337 
7430041,-14.377114427860702 
7440040,-14.187064676616922 
7450015,-14.11940298507463 
7460029,-14.037623762376244 
7470023,-14.197014925373141 
7480043,-14.159203980099507 
7490037,-14.11243781094528 
7500045,-14.25970149253732 
7510008,-14.231000000000005 
7520032,-14.321393034825878 
7530048,-14.156218905472642 
7540029,-14.282000000000007 
7550014,-14.310000000000004 
7560026,-14.342288557213935 
7570026,-14.328358208955228 
7580015,-14.132338308457717 
7590009,-14.343000000000007 
7600006,-14.154000000000005 
7610049,-14.208910891089115 
7620049,-14.660000000000004 
7630037,-14.266000000000004 
7640010,-14.341000000000003 
7650044,-14.38109452736319 
7660000,-14.052000000000007 
7670049,-14.490547263681597 
7680047,-14.066000000000008 
7690015,-14.351000000000006 
7700008,-14.176000000000009 
7710037,-14.126732673267332 
7720013,-14.252000000000008 
7730030,-14.347263681592045 
7740027,-14.372139303482594 
7750000,-13.996019900497519 
7760042,-14.39701492537314 
7770019,-14.269000000000005 
7780031,-14.163184079601997 
7790010,-14.318000000000007 
7800041,-14.175247524752482 
7810039,-14.491000000000009 
7820022,-14.136000000000006 
7830003,-14.382000000000005 
7840037,-14.21691542288558 
7850049,-14.02885572139304 
7860040,-14.136318407960207 
7870032,-14.419000000000006 
7880015,-14.025870646766174 
7890021,-14.320398009950257 
7900018,-14.02388059701493 
7910038,-14.024875621890551 
7920004,-14.407000000000007 
7930038,-13.988118811881197 
7940012,-14.193000000000008 
7950044,-14.093532338308464 
7960046,-13.954228855721398 
7970008,-13.76019900497513 
7980024,-13.987128712871295 
7990010,-14.295522388059707 
8000000,-14.170000000000005 
8010038,-14.085148514851493 
8020030,-14.277611940298513 
8030033,-14.08059701492538 
8040002,-14.173000000000007 
8050012,-14.05970149253732 
8060010,-13.916417910447768 
8070047,-13.830693069306935 
8080035,-14.181000000000008 
8090012,-14.244000000000005 
8100006,-14.172139303482593 
8110033,-14.227860696517418 
8120004,-14.047000000000004 
8130014,-14.333333333333337 
8140039,-14.054455445544559 
8150021,-14.239000000000006 
8160021,-14.345000000000006 
8170027,-14.255721393034833 
8180023,-14.181094527363191 
8190020,-13.999004975124384 
8200035,-14.094527363184085 
8210035,-14.335000000000004 
8220032,-13.974129353233836 
8230041,-14.29154228855722 
8240015,-13.998000000000006 
8250036,-14.18109452736319 
8260001,-14.150000000000004 
8270018,-13.984079601990056 
8280046,-14.25970149253732 
8290046,-14.240000000000004 
8300046,-14.380000000000004 
8310030,-14.198000000000006 
8320018,-14.231000000000009 
8330049,-14.066666666666674 
8340017,-13.79701492537314 
8350003,-13.878217821782185 
8360021,-14.18507462686568 
8370029,-13.699009900990104 
8380027,-14.376000000000007 
8390013,-13.857711442786076 
8400045,-14.148258706467667 
8410034,-14.443000000000007 
8420011,-13.964179104477617 
8430012,-14.071641791044781 
8440032,-14.02985074626866 
8450006,-14.178000000000006 
8460031,-14.278606965174136 
8470013,-14.239000000000006 
8480020,-14.053731343283589 
8490001,-14.407000000000007 
8500004,-14.055721393034831 
8510040,-14.196019900497518 
8520022,-14.314000000000005 
8530040,-14.190049751243787 
8540034,-14.147263681592046 
8550023,-14.027860696517418 
8560048,-14.154228855721398 
8570031,-14.251000000000007 
8580007,-14.122000000000005 
8590006,-13.998000000000006 
8600001,-14.050000000000006 
8610001,-14.380000000000004 
8620016,-14.079601990049758 
8630025,-14.017910447761201 
8640032,-14.113432835820902 
8650004,-13.804975124378117 
8660026,-14.068656716417916 
8670025,-14.107462686567171 
8680014,-14.152238805970155 
8690005,-14.562000000000006 
8700022,-14.147524752475253 
8710043,-14.330348258706476 
8720004,-14.252000000000008 
8730017,-14.169306930693075 
8740027,-14.174129353233836 
8750028,-14.10149253731344 
8760009,-14.207000000000004 
8770009,-13.985074626865677 
8780009,-14.505000000000004 
8790026,-14.277611940298513 
8800020,-14.087562189054733 
8810018,-14.229850746268665 
8820034,-14.066666666666674 
8830007,-14.226000000000006 
8840007,-14.139303482587069 
8850036,-14.550248756218911 
8860011,-13.960199004975129 
8870040,-14.137313432835827 
8880038,-14.200000000000006 
8890020,-14.339000000000006 
8900022,-14.252736318407967 
8910002,-14.650000000000004 
8920005,-14.319402985074634 
8930048,-14.298019801980203 
8940043,-14.685000000000004 
8950027,-14.368000000000006 
8960038,-14.3452736318408 
8970017,-14.343000000000007 
8980013,-14.45970149253732 
8990000,-14.059000000000005 
9000035,-14.336633663366344 
9010038,-14.244776119402989 
9020045,-13.969306930693074 
9030022,-14.324000000000005 
9040017,-14.203980099502493 
9050008,-14.250746268656723 
9060021,-14.18009950248757 
9070027,-14.220895522388068 
9080023,-14.305472636815928 
9090004,-14.377000000000008 
9100039,-13.92574257425743 
9110045,-14.126368159203988 
9120000,-14.190000000000007 
9130021,-14.091542288557221 
9140015,-13.720792079207927 
9150000,-13.845771144278611 
9160031,-13.94257425742575 
9170031,-14.109452736318415 
9180012,-14.207000000000004 
9190010,-14.030845771144287 
9200013,-13.832673267326738 
9210034,-13.92277227722773 
9220008,-14.113000000000007 
9230001,-14.16019900497513 
9240001,-14.034825870646772 
9250001,-14.250000000000005 
9260035,-14.316417910447768 
9270003,-14.181000000000006 
9280018,-14.074626865671648 
9290015,-14.143283582089557 
9300046,-14.13564356435644 
9310007,-14.267000000000005 
9320020,-14.100497512437817 
9330034,-13.82475247524753 
9340023,-13.858706467661698 
9350013,-14.014851485148519 
9360011,-13.72019704433498 
9370002,-13.947263681592046 
9380018,-14.061691542288564 
9390010,-14.124000000000006 
9400018,-13.911442786069655 
9410033,-13.96534653465347 
9420049,-14.385074626865679 
9430001,-13.919402985074635 
9440033,-13.890099009900995 
9450024,-14.247000000000005 
9460032,-14.080597014925377 
9470001,-14.313000000000006 
9480038,-13.776237623762382 
9490011,-14.010945273631847 
9500028,-14.083582089552245 
9510011,-13.73233830845772 
9520046,-14.113861386138618 
9530014,-14.136000000000006 
9540043,-14.027722772277235 
9550046,-14.23482587064677 
9560028,-13.94427860696518 
9570030,-13.86534653465347 
9580045,-14.109452736318412 
9590032,-14.044000000000006 
9600035,-13.91144278606966 
9610023,-14.126000000000008 
9620033,-13.845771144278611 
9630039,-14.111442786069656 
9640031,-13.84477611940299 
9650000,-14.038000000000004 
9660048,-13.976237623762382 
9670024,-14.007000000000007 
9680039,-14.014925373134332 
9690037,-14.015920398009959 
9700005,-14.176000000000005 
9710023,-13.817821782178223 
9720041,-13.837623762376243 
9730011,-13.631840796019908 
9740009,-13.847524752475252 
9750011,-13.667326732673274 
9760037,-14.300497512437818 
9770010,-13.777114427860703 
9780047,-14.202985074626872 
9790021,-14.023000000000007 
9800001,-13.995000000000005 
9810039,-13.931683168316837 
9820020,-13.700000000000006 
9830012,-14.108457711442792 
9840022,-14.084577114427868 
9850023,-13.55862068965518 
9860009,-13.847761194029856 
9870040,-13.852736318407965 
9880042,-13.834825870646771 
9890002,-13.975124378109458 
9900015,-14.185074626865678 
9910045,-13.906403940886705 
9920000,-14.050000000000004 
9930034,-14.172139303482593 
9940006,-13.884000000000006 
9950022,-13.92736318407961 
9960004,-13.795024875621896 
9970015,-14.076616915422893 
9980007,-13.919402985074631 
9990018,-13.912437810945281 
10000044,-14.131343283582094 
10010032,-14.096000000000004 
10020033,-14.101492537313439 
10030012,-14.147263681592046 
10040035,-14.065671641791049 
10050035,-14.290000000000006 
10060012,-13.800990099009907 
10070042,-13.866336633663373 
10080036,-14.167164179104484 
10090033,-14.078606965174135 
10100013,-14.019900497512445 
10110021,-13.892079207920798 
10120044,-13.867326732673272 
10130025,-14.00199004975125 
10140047,-13.984158415841591 
10150026,-14.198000000000004 
10160024,-14.284577114427869 
10170042,-14.214925373134335 
10180009,-14.029000000000005 
10190047,-14.085572139303487 
10200003,-13.852000000000007 
10210044,-14.120792079207927 
10220039,-14.260000000000005 
10230025,-14.116417910447769 
10240036,-13.93233830845772 
10250027,-14.392000000000005 
10260005,-14.186000000000009 
10270043,-13.852475247524758 
10280033,-14.109452736318415 
10290031,-13.876616915422893 
10300048,-13.884577114427866 
10310013,-13.855721393034832 
10320026,-14.015920398009959 
10330009,-13.911000000000007 
10340002,-13.881592039801003 
10350032,-13.866336633663373 
10360045,-13.867326732673275 
10370038,-14.056000000000006 
10380011,-13.65445544554456 
10390011,-14.425000000000004 
10400047,-13.997029702970304 
10410010,-13.624752475247533 
10420026,-14.08118811881189 
10430017,-14.285572139303488 
10440024,-13.875247524752481 
10450049,-14.13930348258707 
10460014,-13.840000000000005 
10470049,-14.169154228855726 
10480030,-14.177000000000007 
10490028,-14.115422885572146 
10500033,-13.865671641791051 
10510006,-13.88656716417911 
10520020,-13.943283582089558 
10530047,-14.193034825870653 
10540042,-13.960199004975129 
10550014,-13.780099502487568 
10560024,-13.742574257425748 
10570005,-14.297000000000008 
10580030,-14.12437810945274 
10590014,-14.223000000000006 
10600036,-14.00396039603961 
10610000,-14.098000000000006 
10620016,-14.295522388059707 
10630027,-14.071641791044783 
10640004,-13.94427860696518 
10650004,-14.140000000000004 
10660042,-13.867980295566507 
10670007,-13.995024875621898 
10680048,-14.419900497512442 
10690041,-14.030845771144284 
10700040,-13.766502463054193 
10710040,-14.315000000000005 
10720038,-13.926368159203989 
10730004,-13.862686567164186 
10740023,-14.02288557213931 
10750030,-14.01890547263682 
10760030,-14.365000000000004 
10770005,-14.02500000000001 
10780018,-14.08059701492538 
10790006,-13.906467661691549 
10800026,-13.777227722772281 
10810023,-13.8497512437811 
10820047,-13.893532338308464 
10830035,-13.659405940594068 
10840034,-14.178000000000004 
10850013,-13.923383084577122 
10860008,-13.910447761194037 
10870049,-14.210945273631845 
10880008,-14.273000000000007 
10890048,-13.787128712871294 
10900029,-14.046766169154235 
10910007,-13.88656716417911 
10920034,-14.098507462686573 
10930045,-13.882587064676624 
10940025,-13.890547263681599 
10950014,-13.803980099502494 
10960024,-14.159203980099509 
10970028,-13.82885572139304 
10980000,-13.964000000000006 
10990017,-13.95445544554456 
11000026,-13.91386138613862 
11010025,-13.725742574257431 
11020016,-13.912437810945278 
11030047,-14.265671641791052 
11040024,-14.108457711442792 
11050035,-14.131343283582094 
11060028,-14.040594059405947 
11070047,-13.790099009900997 
11080013,-14.192000000000005 
11090030,-14.053731343283587 
11100002,-14.282587064676623 
11110032,-14.000000000000007 
11120038,-14.18109452736319 
11130002,-14.078000000000007 
11140017,-13.985074626865677 
11150025,-14.309452736318416 
11160008,-14.336000000000006 
11170026,-14.020895522388068 
11180004,-13.921393034825876 
11190013,-13.918811881188125 
11200046,-13.7152709359606 
11210037,-14.367000000000004 
11220032,-13.840796019900504 
11230027,-14.155000000000006 
11240002,-13.95522388059702 
11250001,-13.978109452736325 
11260007,-14.031840796019905 
11270046,-14.147263681592046 
11280006,-14.245000000000006 
11290019,-13.906930693069313 
11300009,-14.14427860696518 
11310043,-13.91428571428572 
11320018,-14.265000000000004 
11330010,-14.108457711442792 
11340010,-14.130000000000004 
11350020,-14.009950248756223 
11360005,-14.240000000000004 
11370005,-14.305000000000005 
11380036,-14.20099502487563 
11390046,-13.920398009950258 
11400020,-14.012935323383092 
11410035,-14.074626865671648 
11420013,-13.891000000000005 
11430018,-14.109452736318412 
11440028,-14.169154228855726 
11450022,-14.042786069651747 
11460026,-13.883582089552245 
11470016,-13.77611940298508 
11480041,-14.184079601990057 
11490035,-14.002985074626872 
11500012,-13.67562189054727 
11510016,-14.137313432835827 
11520012,-13.92736318407961 
11530041,-13.9930693069307 
11540014,-14.231000000000005 
11550029,-13.836633663366344 
11560025,-13.952238805970154 
11570011,-14.157000000000005 
11580001,-14.02985074626866 
11590004,-13.80199004975125 
11600045,-14.156218905472642 
11610022,-14.019000000000007 
11620015,-13.936318407960204 
11630006,-13.892537313432843 
11640047,-13.977114427860702 
11650005,-14.051000000000005 
11660035,-14.014851485148524 
11670003,-14.341000000000003 
11680018,-13.935323383084581 
11690043,-14.069651741293537 
11700001,-14.081000000000007 
11710035,-13.840394088669957 
11720020,-13.975124378109458 
11730006,-14.262000000000008 
11740043,-13.895049504950501 
11750048,-14.154228855721398 
11760020,-14.179000000000006 
11770008,-13.9860696517413 
11780036,-14.219900497512441 
11790005,-13.700990099009907 
11800024,-14.017910447761201 
11810004,-14.110000000000005 
11820047,-13.96119402985075 
11830005,-14.181000000000006 
11840024,-14.05247524752476 
11850005,-13.857711442786076 
11860004,-13.903482587064683 
11870044,-14.02475247524753 
11880038,-13.988059701492544 
11890016,-13.91144278606966 
11900013,-14.249000000000006 
11910040,-13.984079601990056 
11920020,-14.074626865671647 
11930028,-14.08557213930349 
11940021,-14.070646766169158 
11950021,-14.120000000000005 
11960035,-14.21691542288558 
11970004,-14.127363184079607 
11980033,-14.311442786069659 
11990007,-14.038000000000006 
12000037,-13.81683168316832 
12010010,-13.996019900497515 
12020022,-13.609852216748774 
12030048,-14.011881188118817 
12040041,-13.609900990099016 
12050041,-13.935323383084583 
12060029,-13.946000000000009 
12070000,-14.17611940298508 
12080006,-14.136318407960207 
12090017,-13.823762376237632 
12100030,-13.916831683168322 
12110017,-14.143283582089557 
12120034,-14.03383084577115 
12130034,-14.385000000000005 
12140033,-14.063000000000006 
12150003,-13.980000000000008 
12160017,-13.760396039603966 
12170037,-14.194029850746274 
12180030,-14.130348258706473 
12190030,-14.044554455445551 
12200021,-14.036815920398015 
12210032,-14.3452736318408 
12220006,-14.343000000000007 
12230046,-13.925742574257432 
12240044,-13.961194029850754 
12250032,-14.195024875621893 
12260032,-14.325000000000005 
12270046,-14.141584158415847 
12280027,-13.812935323383089 
12290048,-14.056435643564361 
12300004,-14.282000000000007 
12310006,-14.108457711442792 
12320021,-14.059701492537318 
12330006,-14.220000000000004 
12340008,-13.86534653465347 
12350047,-14.137313432835827 
12360012,-14.130000000000004 
12370020,-14.175124378109459 
12380009,-14.308000000000007 
12390009,-14.074626865671647 
12400040,-14.17114427860697 
12410022,-14.234000000000005 
12420017,-14.460000000000004 
12430006,-14.178000000000006 
12440042,-13.600990099009909 
12450029,-14.089000000000006 
12460019,-13.910447761194034 
12470006,-14.073631840796025 
12480038,-14.202985074626872 
12490048,-13.990049751243786 
12500028,-14.175000000000004 
12510043,-13.990049751243788 
12520030,-13.924378109452741 
12530027,-14.204000000000008 
12540038,-14.200995024875628 
12550042,-13.707389162561583 
12560034,-14.259000000000006 
12570000,-13.977114427860704 
12580013,-14.08059701492538 
12590035,-14.048756218905478 
12600024,-14.423000000000004 
12610031,-14.093532338308464 
12620011,-13.950248756218912 
12630040,-13.963184079601994 
12640047,-14.013930348258713 
12650043,-13.812935323383089 
12660028,-13.990049751243786 
12670011,-14.151000000000005 
12680011,-14.248756218905479 
12690029,-14.209950248756227 
12700017,-14.120398009950256 
12710005,-14.051000000000005 
12720012,-14.247761194029856 
12730027,-14.169154228855726 
12740022,-13.910891089108915 
12750023,-14.031683168316839 
12760010,-14.299000000000005 
12770049,-14.02288557213931 
12780019,-14.185000000000004 
12790046,-14.202985074626872 
12800016,-13.91500000000001 
12810019,-13.80297029702971 
12820022,-14.055721393034833 
12830013,-14.046766169154235 
12840030,-14.103482587064684 
12850003,-14.246000000000008 
12860017,-14.31641791044777 
12870049,-14.222885572139308 
12880012,-14.086000000000006 
12890036,-14.047761194029857 
12900048,-13.934653465346543 
12910026,-14.111000000000006 
12920035,-14.057711442786076 
12930024,-13.968159203980106 
12940014,-13.767326732673272 
12950025,-13.686699507389168 
12960040,-13.747524752475254 
12970000,-14.070000000000007 
12980010,-14.159203980099507 
12990004,-13.998000000000006 
13000031,-14.123383084577119 
13010038,-14.188059701492545 
13020018,-14.070000000000004 
13030031,-13.723762376237627 
13040015,-14.168000000000006 
13050000,-14.085000000000006 
13060023,-13.986138613861394 
13070031,-14.23482587064677 
13080028,-13.969154228855727 
13090025,-13.974129353233836 
13100029,-14.241791044776125 
13110007,-14.271000000000006 
13120018,-13.91741293532339 
13130048,-14.194029850746274 
13140033,-14.22388059701493 
13150017,-14.308000000000007 
13160004,-14.334000000000005 
13170034,-14.208955223880604 
13180047,-13.778217821782187 
13190018,-14.302000000000005 
13200019,-13.93233830845772 
13210039,-14.218905472636823 
13220040,-14.295522388059709 
13230013,-14.041000000000006 
13240044,-14.031683168316837 
13250002,-14.051000000000004 
13260029,-14.188059701492543 
13270030,-13.724752475247533 
13280012,-14.329000000000006 
13290016,-13.766502463054193 
13300039,-14.180099502487568 
13310012,-14.015920398009957 
13320019,-14.242786069651746 
13330029,-14.094527363184085 
13340043,-14.087562189054733 
13350026,-13.777114427860703 
13360040,-14.077611940298514 
13370037,-13.994029850746275 
13380030,-14.055721393034831 
13390042,-13.672277227722777 
13400024,-14.219000000000005 
13410037,-13.946534653465351 
13420004,-14.204000000000006 
13430039,-14.128712871287135 
13440037,-14.274626865671648 
13450019,-13.706930693069312 
13460038,-13.799004975124385 
13470016,-14.156000000000006 
13480027,-13.932673267326738 
13490049,-13.914851485148521 
13500033,-14.223000000000006 
13510045,-14.073631840796025 
13520008,-14.046000000000003 
13530027,-14.007920792079215 
13540038,-14.10646766169155 
13550012,-14.323000000000006 
13560036,-14.241791044776125 
13570010,-14.173000000000007 
13580025,-14.129353233830853 
13590003,-14.055721393034833 
13600011,-14.030845771144284 
13610047,-13.784158415841588 
13620034,-13.894527363184086 
13630022,-14.005970149253738 
13640012,-14.079601990049756 
13650031,-13.963184079601996 
13660033,-14.128358208955229 
13670002,-13.720792079207927 
13680011,-14.20199004975125 
13690020,-14.122388059701501 
13700047,-14.063681592039808 
13710002,-13.945273631840802 
13720045,-14.34427860696518 
13730005,-13.990000000000004 
13740017,-14.008955223880603 
13750006,-13.74925373134329 
13760021,-13.945544554455452 
13770031,-13.846534653465353 
13780000,-14.183000000000003 
13790040,-14.3134328358209 
13800016,-14.027000000000005 
13810036,-14.084158415841591 
13820013,-14.163184079601995 
13830048,-14.407960199004982 
13840044,-14.472000000000005 
13850045,-13.957425742574262 
13860029,-14.062686567164185 
13870003,-14.123000000000006 
13880011,-13.911442786069658 
13890014,-14.120398009950256 
13900039,-13.640394088669959 
13910026,-13.959203980099508 
13920020,-14.037810945273637 
13930023,-14.234825870646771 
13940007,-14.138000000000007 
13950026,-14.132338308457717 
13960036,-14.293532338308463 
13970019,-14.501000000000007 
13980017,-14.15024875621891 
13990016,-13.95346534653466 
14000006,-14.238805970149258 
14010010,-13.707389162561583 
14020014,-13.998009950248763 
14030025,-14.061386138613866 
14040016,-14.111442786069656 
14050013,-13.969154228855727 
14060036,-13.981094527363192 
14070036,-14.550000000000004 
14080021,-14.074626865671648 
14090044,-14.119801980198028 
14100035,-14.167000000000007 
14110030,-13.97524752475248 
14120047,-13.98415841584159 
14130026,-14.107462686567171 
14140005,-13.908457711442793 
14150003,-13.896517412935331 
14160031,-14.299502487562195 
14170000,-14.208000000000006 
14180019,-13.928712871287132 
14190035,-14.245771144278612 
14200017,-13.959203980099508 
14210017,-13.816831683168324 
14220000,-14.060696517412941 
14230047,-14.1920792079208 
14240019,-14.184000000000005 
14250010,-13.605940594059414 
14260036,-14.011881188118817 
14270020,-14.343000000000007 
14280014,-14.037810945273637 
14290049,-14.21890547263682 
14300028,-14.378000000000007 
14310036,-14.010945273631847 
14320002,-14.132000000000005 
14330008,-13.947524752475255 
14340031,-14.31442786069652 
14350041,-14.104477611940304 
14360046,-14.109452736318412 
14370014,-14.070646766169162 
14380042,-14.25970149253732 
14390040,-14.07064676616916 
14400041,-14.136318407960207 
14410046,-14.10396039603961 
14420021,-14.1542288557214 
14430027,-13.897512437810951 
14440013,-14.137000000000008 
14450044,-13.78029556650247 
14460042,-13.951243781094533 
14470022,-13.801980198019809 
14480017,-13.985000000000007 
14490019,-14.232835820895527 
14500018,-13.983084577114434 
14510044,-14.239603960396046 
14520019,-13.960199004975129 
14530014,-14.21393034825871 
14540011,-14.158208955223886 
14550026,-14.044776119402995 
14560030,-13.968159203980106 
14570015,-14.059405940594067 
14580005,-14.48000000000001 
14590001,-13.892537313432841 
14600003,-14.008955223880603 
14610043,-14.069306930693074 
14620020,-14.287562189054732 
14630012,-14.138308457711448 
14640044,-13.900000000000006 
14650012,-14.086000000000007 
14660031,-14.361194029850752 
14670003,-14.109000000000005 
14680005,-13.880198019801986 
14690043,-13.966169154228862 
14700017,-14.072636815920404 
14710032,-13.81773399014779 
14720014,-14.103482587064684 
14730011,-14.068656716417918 
14740013,-13.969154228855727 
14750013,-14.250000000000007 
14760016,-14.219900497512445 
14770020,-14.052736318407966 
14780035,-14.144278606965178 
14790033,-14.050746268656722 
14800041,-14.055721393034831 
14810007,-14.127000000000004 
14820047,-14.009900990099016 
14830008,-14.11144278606966 
14840010,-13.954228855721398 
14850008,-14.356000000000005 
14860027,-14.022772277227729 
14870025,-14.00597014925374 
14880010,-14.160000000000004 
14890023,-13.81287128712872 
14900041,-13.723762376237632 
14910020,-14.203000000000007 
14920026,-13.882587064676624 
14930040,-14.052736318407966 
14940036,-14.046766169154235 
14950033,-13.87462686567165 
14960003,-14.049751243781099 
14970018,-13.831683168316836 
14980035,-14.093532338308464 
14990022,-14.389000000000005 
15000008,-14.502000000000004 
15010018,-14.009950248756223 
15020043,-14.373134328358214 
15030004,-14.102000000000006 
15040033,-13.829702970297038 
15050027,-14.233000000000006 
15060033,-13.937623762376244 
15070049,-14.121393034825878 
15080029,-14.185000000000004 
15090039,-14.03980099502488 
15100008,-13.918407960199012 
15110044,-14.016831683168324 
15120007,-13.986000000000006 
15130039,-13.979207920792085 
15140036,-14.038805970149259 
15150029,-14.061000000000009 
15160013,-14.143000000000006 
15170021,-14.135323383084586 
15180032,-14.320398009950257 
15190032,-13.85074626865672 
15200001,-13.918811881188125 
15210010,-14.1223880597015 
15220044,-13.889108910891096 
15230035,-14.046766169154235 
15240032,-13.914427860696524 
15250048,-13.907462686567172 
15260046,-13.715270935960595 
15270032,-14.327000000000005 
15280009,-14.159000000000008 
15290029,-13.915841584158423 
15300036,-13.919402985074631 
15310046,-13.995024875621898 
15320045,-13.968159203980106 
15330039,-14.1223880597015 
15340032,-14.05572139303483 
15350048,-14.091542288557221 
15360012,-14.218000000000007 
15370041,-13.712315270935967 
15380029,-13.926368159203985 
15390011,-13.949000000000005 
15400007,-13.942288557213937 
15410000,-14.236000000000008 
15420027,-14.39203980099503 
15430031,-13.91386138613862 
15440008,-14.179000000000006 
15450038,-14.248756218905479 
15460038,-14.13930348258707 
15470022,-13.918407960199012 
15480020,-13.936633663366342 
15490041,-13.982089552238811 
15500027,-13.822885572139311 
15510031,-14.017910447761201 
15520013,-13.94427860696518 
15530016,-13.956435643564362 
15540016,-14.125000000000007 
15550011,-13.831683168316838 
15560035,-14.102487562189062 
15570017,-13.83980099502488 
15580010,-13.916831683168322 
15590042,-14.173134328358215 
15600036,-13.740594059405947 
15610009,-13.851741293532346 
15620034,-14.208955223880604 
15630024,-14.03980099502488 
15640031,-13.96435643564357 
15650005,-14.303000000000006 
15660047,-14.197029702970303 
15670001,-13.928000000000006 
15680012,-14.235820895522396 
15690015,-14.050746268656724 
15700021,-14.25572139303483 
15710018,-14.038805970149259 
15720047,-14.236815920398016 
15730025,-13.91144278606966 
15740014,-14.273000000000007 
15750045,-14.19601990049752 
15760003,-14.161000000000007 
15770001,-14.23980099502488 
15780042,-14.320398009950257 
15790006,-14.278000000000006 
15800033,-14.013930348258713 
15810033,-14.119402985074634 
15820022,-13.948514851485156 
15830012,-13.97014925373135 
15840030,-14.254726368159211 
15850019,-13.92835820895523 
15860039,-13.81683168316832 
15870038,-14.008000000000006 
15880011,-14.171000000000008 
15890036,-14.243781094527368 
15900046,-14.079601990049756 
15910016,-14.069651741293537 
15920013,-14.049000000000005 
15930048,-14.034653465346539 
15940021,-14.090547263681596 
15950022,-14.136318407960204 
15960018,-14.061691542288564 
15970023,-14.069651741293539 
15980024,-14.046766169154235 
15990013,-14.183000000000007 
16000015,-14.03366336633664 
16010029,-14.266666666666673 
16020030,-14.051741293532345 
16030031,-14.076616915422893 
16040034,-13.9860696517413 
16050022,-14.070646766169158 
16060043,-14.1860696517413 
16070043,-14.200000000000005 
16080048,-14.194029850746274 
16090009,-14.207000000000004 
16100012,-14.000995024875628 
16110012,-14.310000000000004 
16120019,-14.40696517412936 
16130028,-13.933333333333339 
16140035,-14.247761194029856 
16150029,-14.273000000000003 
16160041,-13.508910891089114 
16170010,-14.083000000000006 
16180029,-14.162189054726372 
16190007,-14.156000000000006 
16200008,-14.136318407960207 
16210033,-13.729064039408872 
16220021,-13.856716417910453 
16230016,-14.199004975124385 
16240013,-13.989054726368167 
16250025,-13.909900990099015 
16260034,-14.192039800995031 
16270038,-13.82885572139304 
16280041,-13.87227722772278 
16290019,-14.056000000000004 
16300016,-13.994029850746275 
16310039,-13.505882352941182 
16320044,-14.069651741293537 
16330045,-13.937313432835829 
16340020,-14.295000000000005 
16350009,-13.829702970297037 
16360004,-14.094527363184085 
16370021,-13.781188118811889 
16380001,-13.865671641791051 
16390024,-13.916831683168322 
16400009,-14.025000000000007 
16410013,-14.197014925373141 
16420022,-14.087562189054733 
16430027,-13.985074626865677 
16440013,-13.912437810945281 
16450032,-14.156435643564363 
16460040,-14.214925373134337 
16470027,-13.77512437810946 
16480020,-13.713861386138621 
16490043,-14.219900497512445 
16500002,-13.978000000000007 
16510015,-14.234825870646775 
16520006,-14.131343283582098 
16530025,-14.012935323383092 
16540045,-13.733990147783258 
16550022,-13.481773399014784 
16560021,-13.993000000000006 
16570024,-14.145273631840801 
16580006,-14.109000000000005 
16590026,-14.064676616915431 
16600047,-14.046766169154234 
16610041,-14.127363184079607 
16620041,-14.055000000000005 
16630043,-13.954228855721398 
16640040,-13.805940594059413 
16650038,-14.130348258706476 
16660018,-14.145000000000007 
16670038,-14.000000000000005 
16680006,-13.946000000000005 
16690025,-13.899009900990105 
16700013,-13.817821782178221 
16710009,-14.257000000000005 
16720032,-14.060696517412943 
16730032,-14.325000000000005 
16740027,-13.792079207920798 
16750000,-13.98109452736319 
16760022,-14.138308457711451 
16770031,-13.85517241379311 
16780009,-14.095522388059704 
16790030,-13.774257425742581 
16800022,-13.979104477611946 
16810030,-14.269651741293538 
16820028,-13.862376237623769 
16830033,-14.14427860696518 
16840027,-13.993034825870653 
16850047,-13.66995073891626 
16860043,-14.215920398009954 
16870045,-13.894527363184086 
16880025,-14.109452736318412 
16890025,-14.300000000000004 
16900020,-14.099502487562194 
16910040,-13.56157635467981 
16920010,-14.069651741293537 
16930011,-14.051741293532345 
16940025,-14.087128712871294 
16950037,-13.703448275862074 
16960020,-13.897029702970302 
16970004,-14.172139303482593 
16980003,-13.923383084577122 
16990024,-14.091089108910898 
17000023,-14.097512437810952 
17010021,-13.817821782178223 
17020046,-14.184079601990058 
17030002,-14.167000000000005 
17040024,-13.98415841584159 
17050048,-14.326368159203987 
17060010,-14.099000000000006 
17070044,-13.8940594059406 
17080036,-13.904477611940305 
17090036,-14.203980099502495 
17100007,-14.026865671641799 
17110048,-13.819704433497543 
17120048,-14.290000000000004 
17130012,-13.720792079207927 
17140030,-14.24477611940299 
17150030,-14.194029850746274 
17160046,-13.883168316831691 
17170016,-14.220000000000004 
17180049,-14.179207920792084 
17190002,-13.946268656716427 
17200002,-14.365000000000004 
17210036,-14.21194029850747 
17220047,-13.997029702970304 
17230021,-14.198000000000006 
17240023,-14.48656716417911 
17250016,-14.145273631840801 
17260048,-14.461691542288563 
17270022,-14.188000000000006 
17280018,-13.977114427860702 
17290017,-14.062686567164185 
17300009,-13.949504950495058 
17310025,-14.141293532338313 
17320005,-14.440000000000007 
17330030,-14.353233830845776 
17340004,-14.433000000000007 
17350004,-14.470000000000004 
17360029,-14.133663366336643 
17370026,-14.232835820895527 
17380040,-14.251741293532344 
17390017,-13.809950248756227 
17400008,-14.181094527363191 
17410016,-14.055721393034833 
17420045,-14.126732673267332 
17430011,-14.245771144278613 
17440048,-14.411940298507472 
17450020,-14.244000000000005 
17460035,-13.92574257425743 
17470026,-14.01194029850747 
17480037,-14.295522388059709 
17490013,-13.997014925373142 
17500044,-14.161194029850753 
17510045,-14.086567164179112 
17520036,-13.98217821782179 
17530029,-14.120398009950252 
17540029,-14.575000000000005 
17550029,-14.475000000000007 
17560016,-13.870297029702975 
17570041,-14.094059405940598 
17580046,-14.159203980099507 
17590030,-14.543000000000006 
17600014,-14.017821782178224 
17610014,-14.199004975124385 
17620029,-13.980099502487569 
17630042,-14.374129353233837 
17640003,-14.252000000000004 
17650020,-14.153233830845776 
17660021,-14.1860696517413 
17670009,-14.110447761194036 
17680016,-13.90495049504951 
17690003,-14.227860696517418 
17700015,-14.332338308457716 
17710017,-14.342288557213935 
17720014,-14.073631840796025 
17730037,-14.070297029702976 
17740035,-14.111000000000004 
17750046,-14.230845771144283 
17760049,-14.274626865671648 
17770024,-13.767326732673272 
17780023,-14.012935323383092 
17790028,-14.02475247524753 
17800011,-14.155223880597019 
17810004,-14.07064676616916 
17820005,-13.997014925373142 
17830049,-14.027722772277235 
17840044,-14.325000000000005 
17850040,-14.146268656716423 
17860023,-13.856716417910453 
17870015,-13.85472636815921 
17880041,-14.051485148514857 
17890034,-14.391000000000005 
17900030,-13.897512437810953 
17910017,-14.003980099502494 
17920042,-13.925742574257432 
17930000,-14.111000000000008 
17940032,-13.959405940594065 
17950043,-14.19104477611941 
17960009,-13.962000000000007 
17970003,-14.067661691542295 
17980032,-13.869306930693076 
17990031,-14.092537313432842 
18000004,-13.966000000000006 
18010020,-14.031683168316839 
18020045,-14.323383084577118 
18030043,-14.040796019900506 
18040037,-14.062686567164185 
18050035,-14.01094527363185 
18060048,-14.17014925373135 
18070007,-14.098000000000006 
18080047,-13.95544554455446 
18090031,-14.167164179104484 
18100019,-14.571000000000005 
18110043,-13.86435643564357 
18120004,-14.061691542288564 
18130032,-13.946534653465354 
18140002,-13.975124378109458 
18150043,-14.026732673267334 
18160009,-14.397000000000007 
18170014,-13.980099502487567 
18180011,-14.078217821782184 
18190015,-13.918407960199012 
18200020,-13.707920792079214 
18210048,-13.759605911330056 
18220033,-14.338308457711447 
18230021,-13.961194029850752 
18240036,-13.876237623762384 
18250036,-14.400000000000004 
18260024,-14.331000000000007 
18270047,-14.234825870646771 
18280023,-14.257000000000007 
18290017,-14.193000000000007 
18300026,-13.993034825870653 
18310026,-14.159203980099507 
18320033,-14.038805970149259 
18330027,-14.243000000000006 
18340020,-14.115422885572146 
18350034,-14.102487562189062 
18360043,-14.02288557213931 
18370027,-13.740594059405947 
18380032,-14.199004975124383 
18390017,-13.95522388059702 
18400046,-14.042786069651747 
18410038,-14.138308457711448 
18420014,-14.332000000000008 
18430008,-14.353000000000007 
18440047,-13.963546798029563 
18450005,-13.926000000000005 
18460031,-14.19601990049752 
18470018,-14.083582089552245 
18480049,-14.375124378109458 
18490007,-14.125373134328367 
18500044,-14.206930693069312 
18510035,-14.122000000000007 
18520033,-13.877227722772282 
18530029,-14.181094527363191 
18540030,-13.9920792079208 
18550009,-14.278000000000006 
18560012,-14.045544554455454 
18570020,-14.40398009950249 
18580022,-13.989054726368165 
18590046,-14.11741293532339 
18600041,-13.970149253731348 
18610031,-14.0497512437811 
18620037,-13.8930693069307 
18630039,-14.008910891089114 
18640019,-14.330000000000005 
18650006,-14.219000000000008 
18660036,-14.104477611940307 
18670025,-13.843781094527369 
18680033,-14.269651741293536 
18690040,-13.9940594059406 
18700044,-14.092537313432842 
18710005,-14.076616915422893 
18720002,-14.147524752475253 
18730004,-13.856157635467985 
18740028,-14.376119402985081 
18750032,-13.893532338308464 
18760035,-14.41393034825871 
18770031,-14.342000000000006 
18780008,-14.319000000000006 
18790007,-14.093000000000007 
18800023,-14.051741293532345 
18810038,-14.273631840796025 
18820045,-14.098507462686573 
18830016,-13.992000000000004 
18840015,-14.20696517412936 
18850044,-13.993034825870653 
18860023,-14.083000000000006 
18870000,-13.989108910891094 
18880036,-13.912871287128718 
18890048,-13.989054726368165 
18900009,-13.982089552238811 
18910011,-14.118407960199013 
18920035,-14.321393034825878 
18930031,-14.121393034825878 
18940022,-14.247000000000005 
18950000,-14.111000000000006 
18960030,-14.079601990049756 
18970045,-14.049504950495054 
18980015,-13.85572139303483 
18990003,-14.291000000000004 
19000044,-13.977227722772284 
19010014,-13.955000000000005 
19020041,-14.272636815920404 
19030039,-14.201000000000006 
19040003,-13.899009900990105 
19050030,-13.999009900990105 
19060033,-14.170149253731351 
19070003,-13.905472636815928 
19080003,-13.960199004975129 
19090032,-14.017821782178224 
19100047,-14.14427860696518 
19110003,-14.422000000000004 
19120039,-14.310447761194037 
19130036,-14.00396039603961 
19140044,-13.946534653465354 
19150021,-13.969154228855727 
19160002,-14.131343283582094 
19170026,-14.438613861386145 
19180028,-14.137623762376244 
19190026,-13.91641791044777 
19200004,-14.266000000000009 
19210023,-14.321393034825878 
19220023,-14.084577114427866 
19230048,-14.333333333333337 
19240022,-14.213000000000005 
19250022,-14.328358208955231 
19260024,-14.31243781094528 
19270037,-14.105472636815929 
19280025,-13.966169154228862 
19290034,-14.231840796019906 
19300011,-14.043781094527368 
19310029,-14.180099502487568 
19320014,-14.315000000000007 
19330019,-13.935643564356443 
19340017,-14.239800995024885 
19350000,-14.401000000000009 
19360029,-14.067326732673274 
19370000,-14.267000000000005 
19380026,-14.204950495049513 
19390017,-13.997014925373142 
19400048,-14.429850746268661 
19410031,-14.16517412935324 
19420011,-14.250000000000007 
19430021,-14.238805970149258 
19440024,-14.423880597014934 
19450036,-14.521393034825875 
19460045,-14.162189054726374 
19470010,-14.180000000000005 
19480035,-14.417910447761201 
19490044,-14.30646766169155 
19500010,-14.352000000000007 
19510022,-14.018811881188125 
19520042,-14.014851485148522 
19530022,-14.285000000000004 
19540015,-14.25970149253732 
19550015,-14.273631840796025 
19560038,-14.413930348258713 
19570035,-14.048514851485153 
19580021,-14.270646766169161 
19590020,-13.888557213930355 
19600024,-14.246766169154233 
19610024,-14.14427860696518 
19620021,-14.217910447761199 
19630033,-14.058706467661697 
19640031,-14.731000000000003 
19650031,-14.084577114427866 
19660015,-14.132338308457717 
19670039,-14.270297029702977 
19680039,-14.460000000000004 
19690049,-14.208955223880604 
19700049,-14.089552238805977 
19710035,-14.177000000000005 
19720034,-14.187064676616922 
19730000,-14.277000000000008 
19740028,-14.403980099502494 
19750001,-14.276000000000005 
19760038,-14.038613861386146 
19770021,-13.80199004975125 
19780030,-14.286567164179111 
19790036,-14.181094527363191 
19800047,-14.519402985074635 
19810048,-14.10149253731344 
19820005,-14.344000000000005 
19830019,-14.21691542288558 
19840001,-14.198009950248762 
19850045,-14.121782178217828 
19860042,-14.148258706467667 
19870014,-14.133333333333338 
19880018,-14.101980198019808 
19890045,-14.117821782178224 
19900037,-14.484000000000007 
19910012,-14.170000000000007 
19920012,-14.305000000000007 
19930014,-14.217910447761199 
19940011,-13.919402985074635 
19950039,-13.9960396039604 
19960013,-13.988059701492544 
19970015,-14.252736318407965 
19980009,-14.278000000000006 
19990049,-13.891089108910897 
20000014,-14.104477611940304 
20010036,-14.063681592039806 
20020036,-14.094527363184085 
20030014,-14.120398009950256 
20040013,-14.168000000000005 
20050025,-14.217910447761199 
20060031,-13.967326732673275 
20070005,-13.958208955223887 
20080031,-14.290547263681598 
20090004,-14.396000000000006 
20100003,-14.11243781094528 
20110003,-14.205000000000007 
20120045,-14.162376237623768 
20130009,-13.953233830845777 
20140004,-14.169154228855728 
20150006,-14.043781094527368 
20160032,-14.036633663366343 
20170008,-14.357000000000005 
20180016,-13.936633663366342 
20190004,-13.86237623762377 
20200018,-13.928712871287138 
20210006,-13.6940594059406 
20220005,-14.002985074626872 
20230040,-14.2089552238806 
20240034,-14.02288557213931 
20250002,-14.096000000000009 
20260002,-13.766169154228862 
20270013,-13.827860696517421 
20280046,-13.82277227722773 
20290011,-14.015000000000008 
20300009,-14.060696517412941 
20310013,-13.978217821782184 
20320021,-14.299502487562195 
20330013,-13.859701492537319 
20340018,-14.029850746268664 
20350048,-13.920792079207928 
20360009,-14.262000000000008 
20370025,-14.136318407960207 
20380014,-13.918407960199012 
20390000,-13.807960199004981 
20400016,-14.016831683168324 
20410046,-14.398009950248763 
20420022,-13.997014925373142 
20430012,-14.300000000000004 
20440021,-14.151485148514858 
20450018,-14.02885572139304 
20460006,-14.105472636815929 
20470048,-14.173134328358215 
20480046,-14.120398009950256 
20490044,-13.856716417910453 
20500025,-14.092000000000006 
20510000,-13.950248756218915 
20520005,-14.159203980099507 
20530034,-14.351243781094533 
20540020,-14.076616915422893 
20550046,-14.21485148514852 
20560002,-13.992000000000008 
20570045,-14.124752475247533 
20580004,-13.968159203980106 
20590019,-14.174129353233837 
20600019,-14.069651741293539 
20610027,-14.41393034825871 
20620027,-14.375000000000007 
20630003,-14.137000000000006 
20640044,-14.434825870646774 
20650003,-13.789054726368166 
20660001,-14.040796019900501 
20670045,-13.904433497536951 
20680001,-14.042000000000005 
20690034,-14.080198019801987 
20700043,-14.002970297029709 
20710013,-14.06467661691543 
20720014,-13.9223880597015 
20730019,-13.980198019801987 
20740047,-13.916831683168322 
20750015,-14.276000000000003 
20760047,-14.093069306930698 
20770024,-14.109000000000005 
20780035,-14.140594059405947 
20790001,-14.192000000000005 
20800014,-13.827722772277234 
20810031,-13.874626865671647 
20820034,-13.981188118811888 
20830043,-14.167164179104484 
20840031,-14.256000000000004 
20850022,-13.92736318407961 
20860032,-14.084577114427866 
20870006,-14.037810945273637 
20880009,-14.25970149253732 
20890013,-13.795049504950502 
20900024,-14.196019900497518 
20910022,-14.204975124378118 
20920044,-14.256435643564362 
20930000,-13.882587064676624 
20940036,-14.046534653465349 
20950040,-14.246766169154235 
20960020,-14.170000000000005 
20970022,-13.8497512437811 
20980015,-14.486000000000008 
20990001,-14.072000000000008 
21000040,-14.062376237623768 
21010017,-14.264000000000005 
21020030,-14.030845771144287 
21030038,-13.828571428571435 
21040005,-14.244000000000005 
21050005,-14.323383084577118 
21060002,-14.003980099502495 
21070002,-13.920398009950256 
21080017,-14.114427860696521 
21090000,-14.256000000000006 
21100021,-14.310447761194034 
21110008,-14.294000000000006 
21120043,-14.103960396039609 
21130016,-14.031000000000006 
21140049,-14.349253731343287 
21150049,-13.881188118811886 
21160022,-14.005970149253738 
21170035,-13.986138613861392 
21180018,-14.221000000000005 
21190033,-14.144278606965178 
21200033,-14.390000000000004 
21210000,-14.149000000000006 
21220009,-14.067661691542295 
21230044,-14.148514851485157 
21240033,-13.729353233830851 
21250036,-14.294527363184086 
21260029,-13.837623762376246 
21270001,-14.259000000000006 
21280019,-14.025742574257434 
21290023,-14.221890547263689 
21300013,-13.930693069306937 
21310007,-14.062686567164185 
21320025,-14.354228855721399 
21330003,-14.050746268656722 
21340030,-13.890099009900995 
21350026,-14.11144278606966 
21360021,-14.014925373134332 
21370026,-14.278606965174136 
21380033,-13.98415841584159 
21390032,-13.998009950248763 
21400006,-14.21691542288558 
21410014,-13.96138613861387 
21420045,-14.300497512437817 
21430001,-14.402000000000008 
21440032,-13.91287128712872 
21450029,-14.143283582089557 
21460029,-13.990099009900996 
21470017,-14.246000000000006 
21480036,-14.157213930348265 
21490018,-14.464000000000006 
21500020,-14.078217821782184 
21510001,-14.382000000000005 
21520041,-14.014851485148519 
21530047,-14.061386138613866 
21540017,-14.139303482587074 
21550048,-14.270646766169161 
21560047,-13.889108910891096 
21570023,-13.827860696517421 
21580009,-13.837810945273638 
21590016,-13.914427860696524 
21600028,-14.217910447761199 
21610004,-14.262000000000008 
21620004,-14.210000000000006 
21630019,-13.886138613861391 
21640001,-14.099000000000006 
21650007,-14.151243781094534 
21660028,-14.260696517412942 
21670013,-14.400000000000007 
21680037,-14.266666666666673 
21690020,-13.986000000000008 
21700014,-14.196039603960402 
21710004,-14.019900497512442 
21720040,-14.185148514851493 
21730010,-14.159203980099507 
21740025,-14.218905472636823 
21750025,-14.253731343283588 
21760006,-14.142000000000005 
21770005,-13.933333333333339 
21780028,-14.114851485148524 
21790012,-13.988059701492542 
21800049,-14.132673267326737 
21810006,-13.929000000000007 
21820001,-14.104477611940304 
21830045,-14.181188118811887 
21840009,-14.268000000000006 
21850010,-13.97227722772278 
21860038,-14.384079601990056 
21870043,-13.910891089108917 
21880015,-14.029000000000005 
21890047,-14.382089552238812 
21900005,-13.98109452736319 
21910018,-14.249751243781098 
21920008,-14.335000000000004 
21930034,-14.071641791044783 
21940036,-14.068656716417918 
21950012,-14.131343283582094 
21960017,-14.169154228855726 
21970033,-14.35024875621891 
21980037,-14.157213930348265 
21990020,-14.081000000000007 
22000049,-14.027722772277235 
22010039,-14.365000000000007 
22020028,-13.544827586206903 
22030000,-13.869651741293538 
22040031,-14.031683168316839 
22050045,-14.29154228855722 
22060041,-14.10149253731344 
22070000,-14.423000000000004 
22080030,-14.328358208955228 
22090040,-14.064676616915428 
22100006,-13.788059701492545 
22110033,-14.122772277227728 
22120032,-14.428000000000006 
22130039,-14.337313432835826 
22140012,-14.391000000000005 
22150029,-14.21293532338309 
22160020,-14.116417910447769 
22170037,-14.287562189054732 
22180020,-14.115422885572148 
22190044,-14.400995024875629 
22200047,-13.897029702970306 
22210023,-14.082000000000004 
22220048,-14.019900497512445 
22230020,-13.860396039603966 
22240026,-13.842786069651746 
22250025,-13.908910891089116 
22260038,-14.234825870646775 
22270038,-14.184079601990057 
22280019,-14.122000000000007 
22290043,-13.953233830845777 
22300041,-14.125373134328363 
22310021,-14.05970149253732 
22320028,-14.277611940298513 
22330024,-14.02178217821783 
22340049,-14.32178217821783 
22350014,-13.767326732673272 
22360005,-14.397000000000006 
22370010,-14.124378109452744 
22380049,-13.988118811881195 
22390045,-14.041791044776126 
22400024,-14.363000000000007 
22410036,-13.88514851485149 
22420027,-14.01691542288558 
22430010,-14.271000000000006 
22440010,-14.445000000000004 
22450024,-13.963366336633669 
22460006,-14.058706467661697 
22470000,-14.221890547263689 
22480020,-14.064676616915428 
22490027,-14.128358208955229 
22500024,-13.850495049504955 
22510004,-14.109452736318415 
22520027,-14.174257425742582 
22530043,-14.056435643564363 
22540013,-14.179104477611947 
22550035,-13.890099009900995 
22560035,-14.060000000000004 
22570046,-14.016831683168322 
22580017,-14.287000000000004 
22590044,-13.97425742574258 
22600011,-14.099000000000006 
22610019,-14.329353233830851 
22620026,-13.776237623762382 
22630043,-14.123383084577119 
22640030,-14.399000000000006 
22650049,-14.147263681592046 
22660002,-14.100497512437817 
22670027,-14.417910447761198 
22680031,-14.11741293532339 
22690028,-14.509000000000006 
22700027,-14.127363184079607 
22710017,-13.861386138613867 
22720017,-14.490000000000004 
22730010,-14.150248756218911 
22740018,-14.399004975124381 
22750031,-14.204975124378116 
22760015,-14.122388059701496 
22770005,-13.777227722772281 
22780029,-14.336318407960205 
22790014,-14.079601990049756 
22800017,-14.09552238805971 
22810013,-14.141293532338315 
22820039,-14.315422885572147 
22830007,-14.130348258706473 
22840012,-14.08457711442787 
22850023,-14.081592039801002 
22860003,-14.505000000000004 
22870016,-14.125373134328367 
22880034,-14.120398009950257 
22890002,-14.070646766169158 
22900024,-14.252736318407965 
22910024,-14.340000000000005 
22920025,-13.987064676616923 
22930021,-14.066666666666674 
22940005,-14.027860696517418 
22950010,-14.417910447761198 
22960034,-14.321393034825878 
22970001,-14.174000000000005 
22980037,-14.076616915422893 
22990025,-14.219900497512441 
23000007,-13.969306930693074 
23010038,-14.300497512437817 
23020009,-14.01691542288558 
23030018,-14.087562189054733 
23040009,-14.312000000000005 
23050025,-14.10149253731344 
23060001,-14.071641791044783 
23070019,-14.175124378109459 
23080026,-14.183084577114434 
23090049,-14.244776119402994 
23100013,-14.073000000000006 
23110028,-14.133663366336638 
23120044,-14.245771144278613 
23130027,-14.296000000000006 
23140034,-13.850495049504955 
23150017,-14.231000000000009 
23160033,-14.076616915422893 
23170035,-13.79211822660099 
23180045,-13.995024875621896 
23190031,-14.022000000000006 
23200048,-14.078606965174135 
23210025,-14.314000000000005 
23220020,-13.886138613861391 
23230029,-14.087562189054733 
23240024,-13.990049751243786 
23250021,-13.874626865671647 
23260000,-14.228000000000007 
23270017,-14.252736318407965 
23280014,-13.820792079207926 
23290001,-14.013930348258713 
23300040,-13.94876847290641 
23310022,-14.114000000000006 
23320027,-13.9452736318408 
23330049,-14.02376237623763 
23340017,-14.081000000000003 
23350018,-13.92736318407961 
23360002,-13.988059701492544 
23370046,-14.127363184079607 
23380006,-14.310000000000004 
23390004,-14.229850746268662 
23400042,-13.956435643564365 
23410048,-14.210945273631848 
23420007,-14.003000000000007 
23430045,-14.144554455445551 
23440045,-14.530000000000005 
23450014,-14.077611940298514 
23460035,-14.031683168316839 
23470048,-14.239800995024881 
23480003,-14.205000000000005 
23490011,-14.035643564356441 
23500015,-14.261691542288563 
23510006,-13.754455445544561 
23520039,-14.145273631840801 
23530017,-14.030845771144284 
23540040,-14.374129353233837 
23550034,-14.298000000000009 
23560030,-14.332000000000004 
23570035,-14.094527363184087 
23580007,-14.153233830845776 
23590040,-14.364179104477616 
23600043,-13.76336633663367 
23610015,-14.274000000000006 
23620039,-14.201990049751247 
23630005,-13.902487562189062 
23640001,-14.121393034825875 
23650035,-14.265346534653471 
23660025,-14.235000000000005 
23670004,-14.172139303482593 
23680024,-14.143564356435649 
23690035,-14.19104477611941 
23700004,-14.123000000000006 
23710038,-13.998019801980204 
23720027,-14.293000000000006 
23730036,-14.042574257425748 
23740012,-14.02189054726369 
23750035,-14.307920792079212 
23760037,-14.02388059701493 
23770000,-14.07562189054727 
23780028,-14.070646766169162 
23790023,-14.039800995024882 
23800008,-14.485000000000007 
23810019,-14.27562189054727 
23820030,-14.245771144278613 
23830040,-14.252475247524757 
23840034,-14.498000000000005 
23850005,-14.352000000000007 
23860023,-14.030845771144287 
23870032,-14.032835820895528 
23880002,-14.240000000000004 
23890035,-14.32437810945274 
23900039,-14.187064676616922 
23910034,-14.144278606965178 
23920010,-13.977000000000006 
23930039,-14.197014925373141 
23940023,-14.603000000000007 
23950036,-14.040594059405949 
23960007,-14.132000000000007 
23970039,-14.122772277227728 
23980031,-14.227860696517418 
23990047,-13.726108374384244 
24000005,-14.116000000000009 
24010033,-14.010891089108917 
24020036,-13.86666666666667 
24030036,-14.019900497512445 
24040046,-14.099502487562196 
24050041,-14.13432835820896 
24060028,-14.269000000000005 
24070040,-14.257711442786075 
24080017,-14.234000000000005 
24090010,-14.141000000000009 
24100015,-13.767326732673276 
24110030,-14.104477611940306 
24120014,-13.87425742574258 
24130013,-14.077611940298514 
24140025,-14.163184079601995 
24150049,-14.425870646766176 
24160016,-14.133333333333338 
24170013,-14.01890547263682 
24180023,-14.30845771144279 
24190014,-14.01691542288558 
24200049,-14.258706467661696 
24210011,-13.839800995024884 
24220030,-14.097029702970303 
24230041,-13.714851485148522 
24240029,-14.296000000000003 
24250043,-14.261691542288563 
24260015,-13.964179104477617 
24270005,-13.905472636815924 
24280000,-14.350000000000005 
24290040,-14.253731343283587 
24300026,-14.136318407960204 
24310026,-14.340000000000005 
24320018,-14.207960199004981 
24330047,-14.20199004975125 
24340004,-14.048756218905478 
24350023,-14.246766169154233 
24360029,-14.17114427860697 
24370029,-13.980099502487567 
24380014,-13.935323383084581 
24390023,-14.162189054726374 
24400044,-13.803960396039612 
24410002,-13.956000000000008 
24420011,-13.97326732673268 
24430025,-14.197014925373141 
24440035,-13.599009900990103 
24450044,-14.037623762376244 
24460016,-14.269000000000005 
24470015,-13.978109452736325 
24480003,-14.116000000000007 
24490005,-13.880198019801986 
24500041,-14.01691542288558 
24510027,-14.347000000000005 
24520010,-13.98109452736319 
24530003,-14.216000000000006 
24540048,-14.054455445544559 
24550029,-14.147000000000006 
24560024,-13.960199004975129 
24570025,-13.967326732673275 
24580038,-14.025870646766172 
24590009,-14.122000000000005 
24600039,-13.97524752475248 
24610031,-14.043781094527368 
24620049,-14.129702970297034 
24630015,-14.007000000000007 
24640032,-14.048514851485153 
24650010,-14.091000000000006 
24660017,-13.747783251231535 
24670007,-14.155000000000005 
24680028,-14.036815920398018 
24690001,-13.876616915422892 
24700004,-14.035820895522392 
24710049,-14.203980099502493 
24720005,-14.001990049751251 
24730018,-14.085148514851491 
24740034,-14.215920398009954 
24750031,-14.103482587064683 
24760036,-14.139303482587069 
24770042,-14.031840796019909 
24780031,-14.042786069651747 
24790040,-13.88415841584159 
24800001,-13.872000000000007 
24810040,-13.741871921182272 
24820047,-13.890099009900998 
24830036,-14.102487562189062 
24840039,-14.175124378109459 
24850005,-13.9223880597015 
24860014,-13.879207920792085 
24870010,-13.997014925373142 
24880027,-13.880198019801986 
24890004,-13.999004975124386 
