10000,0.0 
20000,0.0 
30000,0.009999999776482582 
40020,0.03999999910593033 
50009,0.009999999776482582 
60001,0.019999999552965164 
70020,0.029999999329447746 
80014,0.009999999776482582 
90003,0.0 
100003,0.0 
110003,0.0 
120003,0.0 
130024,0.009999999776482582 
140011,0.009999999776482582 
150024,0.009999999776482582 
160019,0.0 
170021,0.009999999776482582 
180000,0.0 
190003,0.009999999776482582 
200003,0.0 
210018,0.0 
220009,0.009999999776482582 
230006,0.009999999776482582 
240003,0.0 
250001,0.029999999329447746 
260022,0.0 
270022,0.009999999776482582 
280015,0.019999999552965164 
290003,0.019999999552965164 
300016,0.019999999552965164 
310021,0.009999999776482582 
320006,0.009999999776482582 
330017,0.0 
340009,0.0 
350023,0.0 
360004,0.009999999776482582 
370001,0.009999999776482582 
380019,0.0 
390022,0.009999999776482582 
400017,0.009999999776482582 
410003,0.0 
420010,0.009999999776482582 
430022,0.0 
440015,0.009999999776482582 
450012,0.019999999552965164 
460022,0.0 
470023,0.019999999552965164 
480021,0.029999999329447746 
490017,0.009999999776482582 
500009,0.03999999910593033 
510000,0.029999999329447746 
520024,0.009999999776482582 
530021,0.0 
540008,0.009999999776482582 
550011,0.0 
560012,0.009999999776482582 
570011,0.009999999776482582 
580023,0.009999999776482582 
590013,0.019999999552965164 
600024,0.019999999552965164 
610021,0.0 
620023,0.029999999329447746 
630005,0.019999999552965164 
640016,0.019999999552965164 
650020,0.03999999910593033 
660018,0.029999999329447746 
670016,0.029999999329447746 
680008,0.03999999910593033 
690005,0.0 
700004,0.009999999776482582 
710005,0.009999999776482582 
720017,0.0 
730021,0.009999999776482582 
740002,0.019999999552965164 
750019,0.009999999776482582 
760001,0.019999999552965164 
770007,0.029999999329447746 
780006,0.019999999552965164 
790011,0.009999999776482582 
800016,0.05000000074505806 
810007,0.009999999776482582 
820011,0.009999999776482582 
830009,0.0 
840014,0.009999999776482582 
850007,0.009999999776482582 
860024,0.009999999776482582 
870000,0.029999999329447746 
880000,0.009999999776482582 
890006,0.019999999552965164 
900018,0.029999999329447746 
910013,0.03999999910593033 
920008,0.029999999329447746 
930015,0.0 
940022,0.019999999552965164 
950021,0.029999999329447746 
960018,0.03999999910593033 
970024,0.019999999552965164 
980019,0.019999999552965164 
990009,0.009999999776482582 
1000010,0.029999999329447746 
1010010,0.07000000029802322 
1020015,0.05999999865889549 
1030014,0.019999999552965164 
1040014,0.009999999776482582 
1050021,0.019999999552965164 
1060001,0.03999999910593033 
1070014,0.03999999910593033 
1080015,0.029999999329447746 
1090011,0.019999999552965164 
1100016,0.07000000029802322 
1110000,0.029999999329447746 
1120003,0.05999999865889549 
1130024,0.05999999865889549 
1140013,0.03999999910593033 
1150004,0.029999999329447746 
1160017,0.019999999552965164 
1170005,0.07000000029802322 
1180010,0.019999999552965164 
1190020,0.05000000074505806 
1200015,0.05000000074505806 
1210019,0.019999999552965164 
1220013,0.05999999865889549 
1230017,0.07000000029802322 
1240002,0.029999999329447746 
1250021,0.03999999910593033 
1260009,0.05999999865889549 
1270018,0.019999999552965164 
1280013,0.019999999552965164 
1290022,0.07000000029802322 
1300016,0.05999999865889549 
1310006,0.05000000074505806 
1320019,0.05000000074505806 
1330011,0.05999999865889549 
1340022,0.10000000149011612 
1350003,0.07000000029802322 
1360022,0.10999999940395355 
1370018,0.07000000029802322 
1380019,0.07000000029802322 
1390011,0.10999999940395355 
1400009,0.15000000596046448 
1410009,0.07999999821186066 
1420020,0.15000000596046448 
1430000,0.14000000059604645 
1440024,0.17000000178813934 
1450022,0.10000000149011612 
1460020,0.12999999523162842 
1470006,0.23999999463558197 
1480019,0.25 
1490004,0.20999999344348907 
1500006,0.25 
1510002,0.20999999344348907 
1520010,0.25999999046325684 
1530015,0.3100000023841858 
1540012,0.30000001192092896 
1550022,0.3499999940395355 
1560001,0.4000000059604645 
1570008,0.4099999964237213 
1580024,0.36000001430511475 
1590014,0.47999998927116394 
1600003,0.49000000953674316 
1610012,0.5199999809265137 
1620000,0.5600000023841858 
1630021,0.550000011920929 
1640010,0.6499999761581421 
1650003,0.5699999928474426 
1660009,0.7300000190734863 
1670017,0.5899999737739563 
1680003,0.6499999761581421 
1690002,0.6899999976158142 
1700016,0.7200000286102295 
1710024,0.6899999976158142 
1720024,0.800000011920929 
1730003,0.8100000023841858 
1740005,0.8700000047683716 
1750004,0.8600000143051147 
1760006,0.8799999952316284 
1770001,0.8899999856948853 
1780012,0.8399999737739563 
1790009,0.9100000262260437 
1800003,0.9200000166893005 
1810001,0.9399999976158142 
1820004,0.949999988079071 
1830005,0.9599999785423279 
1840023,0.9599999785423279 
1850000,0.9399999976158142 
1860001,0.9800000190734863 
1870001,0.9700000286102295 
1880002,0.9200000166893005 
1890002,0.9700000286102295 
1900014,0.9200000166893005 
1910003,0.9900000095367432 
1920003,0.9599999785423279 
1930015,0.9599999785423279 
1940000,0.949999988079071 
1950018,0.9700000286102295 
1960004,0.9700000286102295 
1970003,0.9399999976158142 
1980007,0.9900000095367432 
1990004,0.9800000190734863 
2000003,0.9599999785423279 
2010004,0.9700000286102295 
2020005,0.9700000286102295 
2030004,0.9900000095367432 
2040000,0.9800000190734863 
2050000,0.9700000286102295 
2060001,0.9700000286102295 
2070004,0.9700000286102295 
2080006,0.9900000095367432 
2090002,0.9700000286102295 
2100005,0.9900000095367432 
2110009,1.0 
2120001,0.949999988079071 
2130005,0.949999988079071 
2140002,0.949999988079071 
2150005,0.9800000190734863 
2160003,1.0 
2170002,0.9599999785423279 
2180001,1.0 
2190000,0.9700000286102295 
2200000,0.9599999785423279 
2210002,0.9900000095367432 
2220004,0.9599999785423279 
2230005,0.9599999785423279 
2240000,0.9800000190734863 
2250004,0.9900000095367432 
2260003,0.9599999785423279 
2270000,0.9599999785423279 
2280001,0.9700000286102295 
2290001,0.949999988079071 
2300004,0.9700000286102295 
2310003,0.9700000286102295 
2320017,0.9700000286102295 
2330004,0.9700000286102295 
2340000,0.9900000095367432 
2350002,0.9700000286102295 
2360003,0.9900000095367432 
2370009,0.9599999785423279 
2380000,0.9599999785423279 
2390003,0.9700000286102295 
2400005,0.949999988079071 
2410006,0.9800000190734863 
2420001,0.949999988079071 
2430005,0.9700000286102295 
2440001,0.9800000190734863 
2450005,0.9800000190734863 
2460005,1.0 
2470001,0.9599999785423279 
2480018,0.9300000071525574 
2490000,0.9900000095367432 
2500001,0.9700000286102295 
2510004,0.9700000286102295 
2520003,0.9900000095367432 
2530001,0.9800000190734863 
2540001,0.9800000190734863 
2550006,0.9599999785423279 
2560007,0.9900000095367432 
2570008,0.9700000286102295 
2580006,0.9399999976158142 
2590003,0.9900000095367432 
2600006,0.949999988079071 
2610001,0.9900000095367432 
2620004,0.9399999976158142 
2630002,0.9900000095367432 
2640023,0.949999988079071 
2650006,0.9900000095367432 
2660006,0.9700000286102295 
2670005,0.949999988079071 
2680002,0.9700000286102295 
2690002,0.9399999976158142 
2700004,0.9900000095367432 
2710005,0.9300000071525574 
2720001,0.9700000286102295 
2730000,0.9300000071525574 
2740010,0.9200000166893005 
2750000,0.9399999976158142 
2760007,1.0 
2770002,0.9900000095367432 
2780006,0.9599999785423279 
2790002,0.9599999785423279 
2800005,0.9800000190734863 
2810005,0.9399999976158142 
2820024,0.9300000071525574 
2830005,0.9200000166893005 
2840005,0.949999988079071 
2850022,0.9100000262260437 
2860005,0.9200000166893005 
2870002,0.9200000166893005 
2880018,0.9100000262260437 
2890016,0.8999999761581421 
2900002,0.949999988079071 
2910012,0.8899999856948853 
2920001,0.949999988079071 
2930001,0.9599999785423279 
2940001,0.9200000166893005 
2950005,0.9800000190734863 
2960002,0.9200000166893005 
2970005,0.9200000166893005 
2980002,0.949999988079071 
2990007,0.9300000071525574 
3000002,0.949999988079071 
3010004,0.9300000071525574 
3020002,0.9399999976158142 
3030003,0.9100000262260437 
3040011,0.949999988079071 
3050002,0.9599999785423279 
3060004,0.9399999976158142 
3070007,0.9399999976158142 
3080002,0.9300000071525574 
3090002,0.9399999976158142 
3100005,0.9599999785423279 
3110006,0.9700000286102295 
3120003,0.9599999785423279 
3130013,0.9800000190734863 
3140007,0.9599999785423279 
3150007,0.9200000166893005 
3160010,0.9700000286102295 
3170002,0.9599999785423279 
3180005,0.9599999785423279 
3190006,0.949999988079071 
3200013,0.9800000190734863 
3210009,0.949999988079071 
3220004,0.9300000071525574 
3230000,0.9700000286102295 
3240008,1.0 
3250004,0.9300000071525574 
3260003,0.9700000286102295 
3270007,0.9399999976158142 
3280006,0.9599999785423279 
3290002,0.9800000190734863 
3300001,0.9800000190734863 
3310001,0.9800000190734863 
3320006,0.9700000286102295 
3330003,0.949999988079071 
3340019,0.9800000190734863 
3350006,0.9800000190734863 
3360010,0.9599999785423279 
3370001,0.9800000190734863 
3380011,0.949999988079071 
3390001,0.9700000286102295 
3400002,0.9800000190734863 
3410000,0.949999988079071 
3420001,0.9599999785423279 
3430024,0.9700000286102295 
3440009,0.9700000286102295 
3450006,0.949999988079071 
3460004,1.0 
3470006,0.9700000286102295 
3480005,0.9700000286102295 
3490004,0.9700000286102295 
3500002,0.9800000190734863 
3510002,0.9300000071525574 
3520010,0.949999988079071 
3530006,0.949999988079071 
3540002,0.9800000190734863 
3550005,0.9599999785423279 
3560001,0.9800000190734863 
3570004,0.9800000190734863 
3580007,0.9399999976158142 
3590000,0.949999988079071 
3600003,0.9700000286102295 
3610003,0.949999988079071 
3620000,0.9599999785423279 
3630000,0.9800000190734863 
3640007,0.9700000286102295 
3650001,0.9599999785423279 
3660002,0.9700000286102295 
3670004,0.9300000071525574 
3680023,0.9300000071525574 
3690000,0.949999988079071 
3700001,0.9900000095367432 
3710002,0.9700000286102295 
3720004,0.9800000190734863 
3730000,0.949999988079071 
3740007,0.9800000190734863 
3750010,0.9300000071525574 
3760015,0.9599999785423279 
3770005,0.9800000190734863 
3780005,0.9800000190734863 
3790013,0.9700000286102295 
3800008,0.9700000286102295 
3810002,0.9599999785423279 
3820003,0.9399999976158142 
3830005,0.9399999976158142 
3840011,0.9700000286102295 
3850000,0.9800000190734863 
3860001,0.9399999976158142 
3870008,0.9700000286102295 
3880014,0.949999988079071 
3890003,0.9599999785423279 
3900000,0.9700000286102295 
3910003,0.9399999976158142 
3920002,0.9800000190734863 
3930009,0.9800000190734863 
3940003,0.9800000190734863 
3950001,0.9700000286102295 
3960001,0.949999988079071 
3970003,0.949999988079071 
3980000,0.9599999785423279 
3990010,0.949999988079071 
4000007,0.9599999785423279 
4010002,0.949999988079071 
4020003,0.9599999785423279 
4030009,0.949999988079071 
4040020,0.9300000071525574 
4050005,0.9700000286102295 
4060015,0.9599999785423279 
4070001,0.9300000071525574 
4080004,0.9300000071525574 
4090019,0.9599999785423279 
4100015,0.9399999976158142 
4110000,0.9700000286102295 
4120001,0.949999988079071 
4130004,0.9599999785423279 
4140004,0.9300000071525574 
4150002,0.9700000286102295 
4160019,0.9399999976158142 
4170000,0.949999988079071 
4180005,0.9399999976158142 
4190005,0.9900000095367432 
4200001,0.9599999785423279 
4210006,0.949999988079071 
4220007,0.9599999785423279 
4230016,0.9300000071525574 
4240010,0.9599999785423279 
4250000,0.9399999976158142 
4260008,0.9800000190734863 
4270007,0.949999988079071 
4280002,0.9599999785423279 
4290004,0.9599999785423279 
4300024,0.9700000286102295 
4310003,0.9900000095367432 
4320000,0.9800000190734863 
4330001,0.9700000286102295 
4340005,1.0 
4350005,0.9300000071525574 
4360003,0.9200000166893005 
4370023,0.9800000190734863 
4380015,0.9800000190734863 
4390026,0.949999988079071 
4400023,0.9800000190734863 
4410031,0.9900000095367432 
4420016,0.9100000262260437 
4430024,0.9599999785423279 
4440015,0.9800000190734863 
4450018,0.949999988079071 
4460028,0.9399999976158142 
4470015,0.9700000286102295 
4480017,0.9200000166893005 
4490017,0.9300000071525574 
4500015,0.9800000190734863 
4510021,0.9599999785423279 
4520027,0.9700000286102295 
4530020,0.9900000095367432 
4540021,0.9800000190734863 
4550021,0.9599999785423279 
4560036,0.9399999976158142 
4570028,0.9599999785423279 
4580019,0.949999988079071 
4590026,0.9900000095367432 
4600018,0.9700000286102295 
4610016,0.9599999785423279 
4620017,0.9599999785423279 
4630015,0.9700000286102295 
4640015,0.949999988079071 
4650021,0.9700000286102295 
4660020,0.9700000286102295 
4670031,0.9700000286102295 
4680019,0.9900000095367432 
4690024,0.9800000190734863 
4700019,0.9900000095367432 
4710018,0.9599999785423279 
4720024,0.9599999785423279 
4730019,0.9100000262260437 
4740020,0.9900000095367432 
4750025,0.949999988079071 
4760020,0.9300000071525574 
4770019,0.9599999785423279 
4780016,0.9800000190734863 
4790017,0.9700000286102295 
4800020,0.9700000286102295 
4810018,0.9399999976158142 
4820018,0.9599999785423279 
4830024,0.9599999785423279 
4840016,0.9300000071525574 
4850019,0.949999988079071 
4860016,0.9599999785423279 
4870034,0.9700000286102295 
4880019,0.9599999785423279 
4890016,0.9599999785423279 
4900022,0.9599999785423279 
4910015,0.9800000190734863 
4920018,0.9599999785423279 
4930016,0.9399999976158142 
4940015,0.9800000190734863 
4950023,0.9300000071525574 
4960021,0.9599999785423279 
4970020,0.949999988079071 
4980018,0.9700000286102295 
4990019,0.9900000095367432 
5000017,0.9399999976158142 
5010018,0.9700000286102295 
5020017,0.9399999976158142 
5030019,1.0 
5040019,0.9900000095367432 
5050020,0.9700000286102295 
5060017,0.9800000190734863 
5070017,0.949999988079071 
5080018,0.949999988079071 
5090018,0.9800000190734863 
5100017,0.9700000286102295 
5110017,0.949999988079071 
5120021,0.9900000095367432 
5130015,0.949999988079071 
5140022,0.9900000095367432 
5150018,0.9800000190734863 
5160016,0.9900000095367432 
5170018,0.9300000071525574 
5180016,0.949999988079071 
5190019,0.9399999976158142 
5200018,0.9700000286102295 
5210017,0.9599999785423279 
5220015,0.9700000286102295 
5230020,0.9700000286102295 
5240017,0.9599999785423279 
5250022,0.9800000190734863 
5260015,0.949999988079071 
5270019,0.949999988079071 
5280017,0.9599999785423279 
5290019,0.9900000095367432 
5300027,0.9800000190734863 
5310018,0.9300000071525574 
5320015,0.9599999785423279 
5330023,0.9599999785423279 
5340021,0.9300000071525574 
5350015,0.9599999785423279 
5360020,0.9300000071525574 
5370015,0.9800000190734863 
5380027,0.949999988079071 
5390015,0.9399999976158142 
5400017,0.9800000190734863 
5410020,0.949999988079071 
5420018,0.9700000286102295 
5430029,0.9300000071525574 
5440019,0.9800000190734863 
5450018,0.9700000286102295 
5460023,0.9700000286102295 
5470037,0.9599999785423279 
5480019,0.949999988079071 
5490034,0.9700000286102295 
5500017,0.9599999785423279 
5510025,0.949999988079071 
5520015,0.8899999856948853 
5530019,0.9599999785423279 
5540017,0.9800000190734863 
5550018,0.9399999976158142 
5560019,0.9700000286102295 
5570016,0.9700000286102295 
5580018,0.9599999785423279 
5590018,0.9399999976158142 
5600015,0.9700000286102295 
5610033,0.9200000166893005 
5620021,0.9800000190734863 
5630019,0.949999988079071 
5640027,0.9700000286102295 
5650016,0.9800000190734863 
5660018,0.9700000286102295 
5670020,0.9399999976158142 
5680015,0.9900000095367432 
5690015,0.9300000071525574 
5700021,0.9700000286102295 
5710023,0.949999988079071 
5720031,0.9599999785423279 
5730021,0.9399999976158142 
5740016,0.949999988079071 
5750017,0.949999988079071 
5760020,0.9800000190734863 
5770017,0.9900000095367432 
5780032,0.9100000262260437 
5790015,0.9700000286102295 
5800018,0.9700000286102295 
5810017,0.9900000095367432 
5820029,0.949999988079071 
5830018,0.9800000190734863 
5840020,0.9700000286102295 
5850024,0.9800000190734863 
5860019,0.949999988079071 
5870018,0.949999988079071 
5880022,0.9700000286102295 
5890029,0.949999988079071 
5900016,0.9300000071525574 
5910015,0.9800000190734863 
5920022,0.9800000190734863 
5930036,0.9300000071525574 
5940018,0.949999988079071 
5950016,0.9900000095367432 
5960019,0.949999988079071 
5970016,0.9399999976158142 
5980015,0.9700000286102295 
5990015,0.949999988079071 
6000019,0.9700000286102295 
6010017,0.9599999785423279 
6020021,0.9599999785423279 
6030023,0.9800000190734863 
6040018,0.9599999785423279 
6050033,0.9800000190734863 
6060015,0.9599999785423279 
6070018,0.9900000095367432 
6080017,0.949999988079071 
6090017,0.9700000286102295 
6100024,0.9700000286102295 
6110022,0.9900000095367432 
6120020,0.9599999785423279 
6130018,0.9399999976158142 
6140015,0.9100000262260437 
6150016,0.9700000286102295 
6160017,0.9599999785423279 
6170023,0.9599999785423279 
6180016,0.9800000190734863 
6190019,0.9300000071525574 
6200015,0.949999988079071 
6210023,0.949999988079071 
6220016,0.9900000095367432 
6230015,0.9800000190734863 
6240016,0.9599999785423279 
6250017,0.9900000095367432 
6260024,0.9200000166893005 
6270020,0.9200000166893005 
6280018,0.9900000095367432 
6290017,0.9700000286102295 
6300017,0.9900000095367432 
6310020,0.9800000190734863 
6320017,0.9599999785423279 
6330018,0.9900000095367432 
6340031,0.9800000190734863 
6350019,0.9800000190734863 
6360018,0.9599999785423279 
6370018,0.9900000095367432 
6380018,0.9900000095367432 
6390029,0.9399999976158142 
6400026,0.9300000071525574 
6410019,0.9599999785423279 
6420019,0.9599999785423279 
6430016,0.9599999785423279 
6440019,0.949999988079071 
6450021,0.949999988079071 
6460027,0.9399999976158142 
6470019,0.949999988079071 
6480015,0.9800000190734863 
6490016,0.9900000095367432 
6500024,0.949999988079071 
6510033,0.949999988079071 
6520021,0.9800000190734863 
6530016,0.9700000286102295 
6540016,0.9399999976158142 
6550017,0.9900000095367432 
6560019,0.9599999785423279 
6570015,0.9700000286102295 
6580017,0.9700000286102295 
6590018,0.9599999785423279 
6600017,0.9599999785423279 
6610024,0.9300000071525574 
6620016,0.9200000166893005 
6630020,0.9599999785423279 
6640019,0.9599999785423279 
6650027,0.9399999976158142 
6660017,0.9599999785423279 
6670019,0.9599999785423279 
6680019,0.9700000286102295 
6690021,0.9800000190734863 
6700016,0.9700000286102295 
6710017,0.9800000190734863 
6720018,0.9599999785423279 
6730016,0.9700000286102295 
6740017,0.949999988079071 
6750018,0.949999988079071 
