8.0
0.0
0.0
0.0
0.0
24.0
0.0
0.0
0.0
0.0
0.0
0.0
0.0
0
0.0
0.0
8.0
0.0
0.0
0.0
0.0
8.0
0.0
0.0
0.0
0.0
0
0.0
0.0
0.0
0.0
0.0
0.0
0
0.0
0.0
0.0
0.0
0.0
8.0
0
0.0
0.0
0.0
0.0
0.0
8.0
0.0
0.0
0.0
8.0
0.0
8.0
0.0
0.0
0.0
8.0
0.0
0.0
0.0
0.0
0.0
0.0
0.0
0.0
8.0
0.0
0.0
0.0
8.0
0.0
8.0
8.0
0.0
0.0
0.0
0.0
0.0
8.0
16.0
0.0
0.0
8.0
0.0
0.0
8.0
0.0
16.0
0.0
0.0
0.0
0.0
8.0
0.0
0.0
0.0
0.0
8.0
0.0
0.0
0.0
8.0
0.0
0.0
0.0
0.0
0.0
0.0
0.0
8.0
0.0
0.0
0.0
0.0
8.0
0.0
0.0
0.0
0.0
0.0
0.0
0.0
24.0
0.0
0.0
8.0
0.0
0.0
8.0
8.0
0.0
8.0
0.0
0.0
0.0
0.0
0.0
0.0
0.0
0.0
0.0
0.0
0.0
8.0
16.0
0.0
0.0
0.0
0.0
8.0
8.0
8.0
0.0
0.0
8.0
0.0
0.0
0.0
0.0
0.0
16.0
0.0
8.0
8.0
0.0
0.0
0.0
16.0
16.0
0.0
8.0
16.0
16.0
8.0
24.0
32.0
0.0
24.0
8.0
8.0
8.0
0.0
0.0
16.0
16.0
8.0
0.0
8.0
16.0
0.0
16.0
0.0
0.0
0.0
0.0
16.0
0.0
8.0
8.0
8.0
24.0
0.0
8.0
8.0
8.0
8.0
16.0
0.0
0.0
16.0
16.0
8.0
8.0
0.0
0.0
8.0
0.0
32.0
8.0
0.0
0.0
0.0
0.0
0.0
16.0
8.0
8.0
0.0
16.0
16.0
16.0
26.0
16.0
40.0
8.0
16.0
0.0
16.0
0.0
8.0
16.0
0.0
0.0
8.0
8.0
0.0
8.0
26.0
16.0
8.0
24.0
8.0
16.0
34.0
8.0
16.0
8.0
0.0
8.0
8.0
8.0
40.0
8.0
16.0
8.0
8.0
16.0
8.0
8.0
32.0
40.0
8.0
8.0
8.0
8.0
16.0
24.0
16.0
8.0
0.0
8.0
16.0
16.0
16.0
0.0
16.0
24.0
8.0
8.0
8.0
16.0
8.0
32.0
32.0
16.0
8.0
16.0
0.0
32.0
16.0
0.0
8.0
8.0
16.0
8.0
0.0
8.0
16.0
24.0
0.0
16.0
50.0
8.0
24.0
16.0
16.0
32.0
8.0
16.0
8.0
16.0
24.0
32.0
8.0
8.0
8.0
8.0
0.0
32.0
40.0
16.0
16.0
40.0
16.0
24.0
8.0
24.0
16.0
32.0
16.0
0.0
24.0
32.0
16.0
8.0
0.0
16.0
8.0
16.0
24.0
8.0
8.0
0.0
24.0
0.0
16.0
24.0
24.0
48.0
24.0
24.0
16.0
48.0
40.0
24.0
24.0
32.0
8.0
16.0
8.0
16.0
48.0
82.0
48.0
48.0
56.0
24.0
32.0
32.0
24.0
8.0
16.0
24.0
40.0
48.0
16.0
24.0
32.0
24.0
0.0
16.0
48.0
24.0
24.0
8.0
42.0
56.0
48.0
16.0
72.0
24.0
32.0
0.0
56.0
40.0
8.0
24.0
40.0
24.0
64.0
48.0
40.0
32.0
32.0
16.0
48.0
24.0
8.0
88.0
32.0
24.0
32.0
8.0
24.0
8.0
40.0
16.0
26.0
40.0
64.0
24.0
32.0
24.0
48.0
48.0
112.0
80.0
16.0
40.0
24.0
56.0
48.0
40.0
48.0
48.0
0.0
48.0
32.0
66.0
40.0
40.0
48.0
24.0
64.0
58.0
48.0
40.0
56.0
72.0
24.0
82.0
80.0
64.0
72.0
64.0
32.0
16.0
32.0
24.0
56.0
58.0
24.0
8.0
88.0
88.0
24.0
56.0
32.0
32.0
24.0
58.0
72.0
64.0
0.0
48.0
72.0
48.0
56.0
40.0
64.0
64.0
40.0
48.0
40.0
100.0
64.0
56.0
64.0
64.0
88.0
64.0
72.0
56.0
106.0
66.0
72.0
48.0
56.0
80.0
48.0
16.0
96.0
98.0
72.0
82.0
88.0
40.0
64.0
64.0
90.0
114.0
56.0
92.0
120.0
64.0
104.0
74.0
40.0
92.0
32.0
64.0
72.0
74.0
80.0
48.0
64.0
72.0
72.0
96.0
64.0
106.0
80.0
88.0
32.0
88.0
24.0
64.0
114.0
96.0
72.0
114.0
64.0
120.0
72.0
114.0
64.0
84.0
128.0
72.0
56.0
96.0
24.0
124.0
136.0
96.0
0.0
80.0
114.0
98.0
66.0
72.0
128.0
80.0
106.0
72.0
96.0
138.0
72.0
96.0
88.0
138.0
88.0
106.0
72.0
96.0
80.0
150.0
8.0
88.0
40.0
122.0
80.0
88.0
64.0
80.0
152.0
98.0
122.0
56.0
106.0
80.0
90.0
96.0
88.0
32.0
172.0
48.0
130.0
32.0
106.0
96.0
90.0
42.0
24.0
96.0
120.0
88.0
114.0
106.0
156.0
96.0
148.0
162.0
32.0
96.0
122.0
146.0
104.0
96.0
88.0
106.0
114.0
64.0
120.0
80.0
56.0
16.0
64.0
112.0
64.0
64.0
106.0
114.0
122.0
80.0
94.0
96.0
106.0
152.0
146.0
96.0
48.0
96.0
72.0
170.0
90.0
112.0
136.0
120.0
76.0
24.0
40.0
96.0
108.0
166.0
8.0
180.0
58.0
82.0
88.0
114.0
24.0
16.0
112.0
32.0
138.0
120.0
64.0
82.0
128.0
128.0
116.0
64.0
130.0
154.0
128.0
96.0
144.0
160.0
154.0
80.0
90.0
96.0
120.0
190.0
146.0
40.0
114.0
132.0
82.0
74.0
138.0
8.0
82.0
90.0
104.0
80.0
148.0
174.0
148.0
106.0
170.0
144.0
66.0
56.0
128.0
32.0
120.0
130.0
0.0
128.0
24.0
96.0
138.0
130.0
72.0
72.0
114.0
80.0
48.0
122.0
120.0
160.0
80.0
104.0
172.0
82.0
88.0
116.0
138.0
162.0
104.0
90.0
8.0
148.0
128.0
164.0
144.0
8.0
96.0
138.0
8.0
48.0
8.0
136.0
160.0
236.0
158.0
144.0
156.0
104.0
122.0
138.0
120.0
124.0
72.0
96.0
172.0
82.0
82.0
106.0
128.0
32.0
144.0
76.0
168.0
56.0
138.0
106.0
172.0
16.0
124.0
24.0
96.0
146.0
154.0
146.0
72.0
192.0
164.0
146.0
130.0
162.0
224.0
66.0
16.0
230.0
144.0
138.0
56.0
0.0
64.0
204.0
84.0
170.0
8.0
104.0
80.0
120.0
132.0
168.0
112.0
88.0
170.0
210.0
170.0
212.0
40.0
146.0
216.0
124.0
146.0
164.0
122.0
180.0
132.0
158.0
194.0
208.0
138.0
114.0
170.0
186.0
64.0
104.0
182.0
202.0
16.0
164.0
88.0
172.0
168.0
164.0
136.0
80.0
196.0
112.0
172.0
160.0
176.0
136.0
66.0
178.0
198.0
132.0
188.0
96.0
130.0
96.0
98.0
190.0
96.0
146.0
16.0
48.0
106.0
130.0
128.0
138.0
144.0
164.0
80.0
112.0
56.0
136.0
168.0
200.0
108.0
104.0
170.0
208.0
80.0
150.0
40.0
170.0
82.0
90.0
24.0
32.0
16.0
152.0
122.0
0.0
96.0
204.0
170.0
56.0
164.0
66.0
200.0
98.0
144.0
184.0
194.0
112.0
206.0
160.0
152.0
32.0
106.0
88.0
130.0
210.0
90.0
136.0
146.0
200.0
132.0
66.0
92.0
166.0
150.0
154.0
212.0
244.0
196.0
112.0
136.0
188.0
156.0
166.0
114.0
48.0
164.0
180.0
112.0
146.0
40.0
150.0
246.0
152.0
114.0
148.0
130.0
104.0
98.0
128.0
138.0
114.0
154.0
200.0
90.0
112.0
122.0
198.0
138.0
170.0
148.0
66.0
138.0
184.0
154.0
138.0
168.0
120.0
246.0
88.0
106.0
0.0
130.0
104.0
112.0
122.0
224.0
32.0
100.0
56.0
132.0
102.0
180.0
202.0
124.0
32.0
220.0
198.0
226.0
174.0
220.0
26.0
230.0
170.0
152.0
112.0
72.0
8.0
136.0
40.0
50.0
138.0
40.0
262.0
