10000,0.07885534316301346 
20000,0.08083473145961761 
30000,0.1054648607969284 
40000,0.10658282041549683 
50000,0.116391122341156 
60000,0.11217274516820908 
70000,0.13225364685058594 
80000,0.1486768126487732 
90043,0.15059056878089905 
100043,0.14483052492141724 
110043,0.1790435016155243 
120043,0.12631745636463165 
130043,0.1306789666414261 
140043,0.11424840241670609 
150043,0.14750204980373383 
160011,0.16532692313194275 
170008,0.12477443367242813 
180035,0.14601993560791016 
190035,0.18575391173362732 
200006,0.14262285828590393 
210006,0.17166896164417267 
220006,0.13877207040786743 
230006,0.12005295604467392 
240001,0.1559305042028427 
250001,0.15998870134353638 
260017,0.16622482240200043 
270049,0.14959895610809326 
280048,0.18244220316410065 
290033,0.20512105524539948 
300022,0.1804085671901703 
310039,0.13459260761737823 
320037,0.14162755012512207 
330016,0.14311683177947998 
340035,0.18287821114063263 
350020,0.15247942507266998 
360020,0.19480352103710175 
370019,0.1781301647424698 
380012,0.21106186509132385 
390004,0.170679971575737 
400037,0.1508740782737732 
410037,0.16972044110298157 
420026,0.17721529304981232 
430047,0.14829781651496887 
440025,0.17110130190849304 
450021,0.16574253141880035 
460041,0.2202117145061493 
470001,0.1836315393447876 
480035,0.2167104333639145 
490005,0.19037799537181854 
500004,0.18970155715942383 
510011,0.18603286147117615 
520037,0.1692081093788147 
530037,0.1877332180738449 
540046,0.18164226412773132 
550032,0.1879957914352417 
560011,0.2047598659992218 
570011,0.1817181408405304 
580011,0.18411055207252502 
590010,0.20437753200531006 
600049,0.23543886840343475 
610049,0.21980300545692444 
620038,0.23359975218772888 
630001,0.21420630812644958 
640001,0.1629031002521515 
650019,0.1733098030090332 
660001,0.1703835427761078 
670008,0.22352690994739532 
680019,0.20622453093528748 
690033,0.2344542294740677 
700036,0.19031168520450592 
710011,0.21758705377578735 
720046,0.19236108660697937 
730012,0.19872421026229858 
740036,0.17702852189540863 
750049,0.17930780351161957 
760018,0.2196366935968399 
770043,0.20376138389110565 
780047,0.1880497932434082 
790049,0.192098468542099 
800034,0.23619765043258667 
810016,0.18822626769542694 
820001,0.20633500814437866 
830044,0.2098865956068039 
840044,0.18996268510818481 
850019,0.21500423550605774 
860045,0.21055011451244354 
870034,0.23238572478294373 
880034,0.21427683532238007 
890029,0.19028858840465546 
900008,0.20107145607471466 
910033,0.21001489460468292 
920033,0.17949551343917847 
930033,0.21275168657302856 
940036,0.22174350917339325 
950001,0.27214136719703674 
960043,0.21464946866035461 
970039,0.23040159046649933 
980009,0.2272108644247055 
990036,0.1799726039171219 
1000047,0.2251376509666443 
1010045,0.22904382646083832 
1020046,0.20780189335346222 
1030005,0.24804097414016724 
1040013,0.21789440512657166 
1050031,0.24748438596725464 
1060040,0.1936846673488617 
1070014,0.18569883704185486 
1080036,0.17653752863407135 
1090030,0.18772152066230774 
1100028,0.18827980756759644 
1110022,0.19557559490203857 
1120045,0.28686848282814026 
1130010,0.2611817419528961 
1140019,0.2161802500486374 
1150014,0.21171452105045319 
1160016,0.2368668019771576 
1170030,0.25791263580322266 
1180015,0.20193897187709808 
1190010,0.23511606454849243 
1200016,0.21181762218475342 
1210047,0.19893380999565125 
1220015,0.23311541974544525 
1230008,0.23460355401039124 
1240021,0.23277230560779572 
1250025,0.19369862973690033 
1260040,0.2555880844593048 
1270039,0.21458521485328674 
1280037,0.22485145926475525 
1290028,0.2518045902252197 
1300045,0.21642005443572998 
1310011,0.28699710965156555 
1320040,0.27906039357185364 
1330000,0.19230638444423676 
1340025,0.2498220056295395 
1350001,0.22125639021396637 
1360027,0.1999644637107849 
1370034,0.203407421708107 
1380040,0.20903323590755463 
1390042,0.24109221994876862 
1400025,0.25253018736839294 
1410022,0.2510386109352112 
1420004,0.23712752759456635 
1430014,0.21927596628665924 
1440024,0.246464803814888 
1450022,0.26057326793670654 
1460010,0.2457846850156784 
1470011,0.26319456100463867 
1480037,0.3159003257751465 
1490012,0.29436740279197693 
1500022,0.21418121457099915 
1510044,0.2830754518508911 
1520034,0.23687666654586792 
1530005,0.25533339381217957 
1540041,0.255993127822876 
1550006,0.24554264545440674 
1560001,0.27135416865348816 
1570017,0.30020737648010254 
1580042,0.26158368587493896 
1590024,0.2416437268257141 
1600045,0.2873862385749817 
1610040,0.22942979633808136 
1620021,0.2793985605239868 
1630002,0.2744719386100769 
1640005,0.2856212258338928 
1650043,0.2499125897884369 
1660013,0.29440373182296753 
1670002,0.2239571511745453 
1680008,0.27434051036834717 
1690038,0.28951525688171387 
1700032,0.24536652863025665 
1710035,0.30788472294807434 
1720003,0.23111200332641602 
1730032,0.3127182722091675 
1740046,0.269695907831192 
1750005,0.2904888391494751 
1760007,0.31919774413108826 
1770006,0.27805837988853455 
1780048,0.22766059637069702 
1790002,0.3297744393348694 
1800020,0.3116928040981293 
1810001,0.2932448089122772 
1820012,0.2681993544101715 
1830005,0.3169376254081726 
1840018,0.18721561133861542 
1850014,0.3191249370574951 
1860012,0.26919981837272644 
1870046,0.29752641916275024 
1880045,0.30343198776245117 
1890044,0.28810593485832214 
1900039,0.3331771492958069 
1910034,0.29506057500839233 
1920024,0.2573086619377136 
1930047,0.271393746137619 
1940028,0.3033245801925659 
1950027,0.3437715768814087 
1960044,0.2806761860847473 
1970018,0.3003338575363159 
1980012,0.2948685586452484 
1990030,0.3296431601047516 
2000026,0.3647831082344055 
2010022,0.3039401173591614 
2020032,0.29654064774513245 
2030045,0.27778586745262146 
2040014,0.3395906090736389 
2050016,0.2775544226169586 
2060015,0.24995137751102448 
2070038,0.3338983654975891 
2080020,0.30688703060150146 
2090037,0.28886300325393677 
2100031,0.28552302718162537 
2110028,0.337534636259079 
2120019,0.2974016070365906 
2130020,0.3596161901950836 
2140047,0.29763755202293396 
2150041,0.3481982350349426 
2160034,0.3369731605052948 
2170021,0.38009679317474365 
2180029,0.329135924577713 
2190018,0.41182181239128113 
2200023,0.3129902780056 
2210038,0.31772908568382263 
2220009,0.3193238079547882 
2230012,0.3425680994987488 
2240047,0.36279937624931335 
2250005,0.3351673483848572 
2260036,0.33613431453704834 
2270012,0.350808322429657 
2280023,0.4014095962047577 
2290007,0.31031346321105957 
2300040,0.33664950728416443 
2310029,0.325547456741333 
2320026,0.32649165391921997 
2330042,0.3423228859901428 
2340008,0.3577314019203186 
2350030,0.35925331711769104 
2360018,0.32369309663772583 
2370031,0.3264666795730591 
2380043,0.2884635627269745 
2390044,0.38180652260780334 
2400007,0.3489367663860321 
2410041,0.3708884119987488 
2420032,0.36060941219329834 
2430026,0.3624061644077301 
2440012,0.40236908197402954 
2450012,0.33943167328834534 
2460045,0.3508962392807007 
2470004,0.33854931592941284 
2480016,0.32011687755584717 
2490002,0.40889084339141846 
2500040,0.3709380626678467 
2510038,0.3115776777267456 
2520040,0.3429589867591858 
2530020,0.38896119594573975 
2540016,0.323899507522583 
2550036,0.40677234530448914 
2560005,0.34259188175201416 
2570004,0.3287275731563568 
2580032,0.36330682039260864 
2590033,0.36169832944869995 
2600002,0.367588609457016 
2610021,0.3816341459751129 
2620042,0.37049782276153564 
2630003,0.3584699332714081 
2640020,0.3614436388015747 
2650049,0.3312946557998657 
2660043,0.357214093208313 
2670021,0.37127724289894104 
2680028,0.34229522943496704 
2690008,0.3898969292640686 
2700027,0.3461305499076843 
2710040,0.33957457542419434 
2720012,0.39801010489463806 
2730006,0.36631354689598083 
2740023,0.41880086064338684 
2750012,0.43950966000556946 
2760003,0.41392531991004944 
2770035,0.3509933054447174 
2780027,0.4086613357067108 
2790017,0.3692770004272461 
2800016,0.45730704069137573 
2810028,0.3769294321537018 
2820026,0.3360898196697235 
2830008,0.4173935651779175 
2840039,0.37858977913856506 
2850013,0.41209959983825684 
2860000,0.4309443235397339 
2870045,0.39781007170677185 
2880037,0.3683486878871918 
2890024,0.36549878120422363 
2900012,0.35373374819755554 
2910027,0.4340416193008423 
2920030,0.38246798515319824 
2930001,0.43031811714172363 
2940030,0.3613983988761902 
2950040,0.43602511286735535 
2960003,0.3934989273548126 
2970017,0.44974005222320557 
2980008,0.3835236430168152 
2990027,0.4067977964878082 
3000012,0.38817650079727173 
3010001,0.3813103437423706 
3020005,0.4560369849205017 
3030008,0.44396063685417175 
3040029,0.4260583817958832 
3050024,0.41055840253829956 
3060047,0.45402824878692627 
3070008,0.44888922572135925 
3080032,0.4274675250053406 
3090005,0.42642444372177124 
3100039,0.3842024505138397 
3110030,0.42349350452423096 
3120020,0.4328366219997406 
3130018,0.3889405131340027 
3140031,0.3966125249862671 
3150021,0.48515281081199646 
3160029,0.42883628606796265 
3170031,0.4341030418872833 
3180007,0.4615292251110077 
3190011,0.41742199659347534 
3200038,0.4368351399898529 
3210004,0.35718682408332825 
3220046,0.46008139848709106 
3230044,0.3761424124240875 
3240032,0.40746310353279114 
3250020,0.475638747215271 
3260025,0.42662203311920166 
3270032,0.4154621362686157 
3280035,0.4129869043827057 
3290027,0.4672176241874695 
3300012,0.45252349972724915 
3310047,0.4415234625339508 
3320011,0.43087759613990784 
3330035,0.43034827709198 
3340025,0.449667751789093 
3350022,0.4525899589061737 
3360014,0.44183456897735596 
3370011,0.4907037019729614 
3380039,0.47765082120895386 
3390011,0.44232672452926636 
3400039,0.46388253569602966 
3410017,0.3942650854587555 
3420031,0.452875018119812 
3430024,0.46424412727355957 
3440031,0.5013272166252136 
3450047,0.4605037569999695 
3460041,0.4934864938259125 
3470001,0.46058523654937744 
3480017,0.505720853805542 
3490024,0.5140505433082581 
3500005,0.44900643825531006 
3510003,0.4457995295524597 
3520018,0.4113037884235382 
3530039,0.45319053530693054 
3540049,0.45447781682014465 
3550033,0.4635655879974365 
3560036,0.42377230525016785 
3570005,0.4545848071575165 
3580042,0.48800724744796753 
3590040,0.39474526047706604 
3600033,0.42390576004981995 
3610008,0.5240691304206848 
3620037,0.48883864283561707 
3630028,0.5093808174133301 
3640041,0.4805484712123871 
3650012,0.49065086245536804 
3660001,0.4851762354373932 
3670031,0.44908562302589417 
3680008,0.5179979205131531 
3690019,0.46542373299598694 
3700015,0.5306711196899414 
3710045,0.4814780056476593 
3720010,0.47191500663757324 
3730025,0.4959311783313751 
3740019,0.4877179265022278 
3750045,0.48274049162864685 
3760011,0.46192246675491333 
3770002,0.5056192874908447 
3780030,0.529690682888031 
3790026,0.5028728246688843 
3800012,0.490606427192688 
3810026,0.5229548811912537 
3820043,0.41867560148239136 
3830040,0.48362618684768677 
3840048,0.4946005940437317 
3850008,0.42138922214508057 
3860018,0.5328104496002197 
3870024,0.4379829466342926 
3880018,0.5275851488113403 
3890014,0.4805119037628174 
3900020,0.5730397701263428 
3910017,0.4719126224517822 
3920044,0.462270587682724 
3930019,0.5302287340164185 
3940004,0.5690709352493286 
3950032,0.502447783946991 
3960032,0.514991283416748 
3970018,0.5605172514915466 
3980021,0.4652695059776306 
3990019,0.48734307289123535 
4000040,0.5312604308128357 
4010002,0.5592089295387268 
4020005,0.5011350512504578 
4030025,0.48720690608024597 
4040030,0.4729370176792145 
4050036,0.4277797341346741 
4060014,0.5998822450637817 
4070010,0.5451136231422424 
4080012,0.4422065019607544 
4090039,0.42654380202293396 
4100009,0.5130794644355774 
4110028,0.5761001110076904 
4120003,0.4861904978752136 
4130010,0.5332215428352356 
4140019,0.532126247882843 
4150023,0.5935788154602051 
4160036,0.49179086089134216 
4170001,0.5527685880661011 
4180032,0.4880184531211853 
4190021,0.5365976095199585 
4200023,0.5114478468894958 
4210042,0.5570924878120422 
4220036,0.5518273711204529 
4230047,0.5031003952026367 
4240008,0.5476723909378052 
4250049,0.4807286858558655 
4260049,0.5611075162887573 
4270004,0.6177117824554443 
4280023,0.46367186307907104 
4290018,0.5246231555938721 
4300027,0.5816934704780579 
4310021,0.5097911357879639 
4320040,0.5003820061683655 
4330020,0.5248558521270752 
4340030,0.484946608543396 
4350035,0.6327297687530518 
4360037,0.478609174489975 
4370036,0.5261997580528259 
4380002,0.6330556869506836 
4390019,0.6141693592071533 
4400005,0.5600958466529846 
4410030,0.4813363552093506 
4420041,0.5493406057357788 
4430013,0.5052488446235657 
4440044,0.5637643933296204 
4450038,0.5566962957382202 
4460013,0.5167137980461121 
4470015,0.5462156534194946 
4480038,0.5650563836097717 
4490017,0.4636801481246948 
4500037,0.5082851648330688 
4510007,0.5032598972320557 
4520039,0.5503761172294617 
4530042,0.4841870963573456 
4540018,0.4887125492095947 
4550049,0.516791820526123 
4560027,0.5365833044052124 
4570024,0.5371261835098267 
4580029,0.5773330926895142 
4590018,0.6154850125312805 
4600012,0.6020181775093079 
4610008,0.6022111773490906 
4620025,0.5768567323684692 
4630047,0.5105588436126709 
4640024,0.5552457571029663 
4650046,0.5997627377510071 
4660033,0.6319600939750671 
4670028,0.5708105564117432 
4680040,0.5054135322570801 
4690008,0.5609498023986816 
4700023,0.6081369519233704 
4710043,0.49748384952545166 
4720046,0.523984968662262 
4730007,0.5810824036598206 
4740003,0.632676362991333 
4750011,0.5789928436279297 
4760013,0.4746909737586975 
4770035,0.5881085395812988 
4780002,0.5742281675338745 
4790035,0.5203897953033447 
4800023,0.5347983241081238 
4810001,0.5992238521575928 
4820005,0.6000202894210815 
4830004,0.5781193375587463 
4840024,0.5946776866912842 
4850014,0.5272839069366455 
4860032,0.5659403800964355 
4870046,0.5330563187599182 
4880030,0.6711889505386353 
4890002,0.6319544911384583 
4900017,0.5756585597991943 
4910033,0.5827224850654602 
4920047,0.6242542862892151 
4930038,0.6244485378265381 
4940015,0.5344929695129395 
4950000,0.5965007543563843 
4960003,0.5754200220108032 
4970016,0.6524810194969177 
4980002,0.5947578549385071 
4990028,0.5982771515846252 
5000027,0.5714561343193054 
5010000,0.684497058391571 
5020013,0.6318066120147705 
5030035,0.6146783232688904 
5040012,0.5695722103118896 
5050029,0.5797719955444336 
5060004,0.5934536457061768 
5070024,0.5728653073310852 
5080029,0.6101609468460083 
5090043,0.6010534763336182 
5100038,0.6383952498435974 
5110001,0.5753387808799744 
5120011,0.5496985912322998 
5130010,0.6705101132392883 
5140000,0.5963231921195984 
5150026,0.6075140237808228 
5160019,0.6671714782714844 
5170008,0.5498635768890381 
5180019,0.5688891410827637 
5190006,0.6214433908462524 
5200018,0.6038724780082703 
5210031,0.5991854071617126 
5220004,0.5620823502540588 
5230009,0.5635800957679749 
5240001,0.6327863335609436 
5250043,0.6241382360458374 
5260026,0.5666249990463257 
5270043,0.5673390030860901 
5280032,0.6867647767066956 
5290007,0.6446930766105652 
5300042,0.5445207953453064 
5310028,0.5285382270812988 
5320000,0.6413310766220093 
5330034,0.6739128828048706 
5340016,0.6330206394195557 
5350007,0.5527151823043823 
5360034,0.656531810760498 
5370001,0.5735815167427063 
5380031,0.6031721234321594 
5390038,0.5885158777236938 
5400024,0.6390718221664429 
5410032,0.6245244741439819 
5420028,0.619038999080658 
5430009,0.562062680721283 
5440044,0.6575220227241516 
5450021,0.5475289225578308 
5460037,0.586489737033844 
5470015,0.7074481844902039 
5480008,0.5752895474433899 
5490025,0.6204783320426941 
5500012,0.6187008023262024 
5510004,0.6310237646102905 
5520004,0.6025339365005493 
5530042,0.6632841229438782 
5540028,0.6847367882728577 
5550002,0.6422150135040283 
5560048,0.6097543835639954 
5570030,0.6665335297584534 
5580026,0.6781054735183716 
5590019,0.6715337634086609 
5600031,0.5824123024940491 
5610003,0.6333009600639343 
5620007,0.609574556350708 
5630017,0.6650463938713074 
5640019,0.5837419629096985 
5650003,0.6036373972892761 
5660014,0.6528590321540833 
5670024,0.6574349999427795 
5680040,0.5844276547431946 
5690030,0.6216974854469299 
5700029,0.5854045748710632 
5710036,0.6411898732185364 
5720007,0.5726944208145142 
5730020,0.6372714042663574 
5740009,0.686255931854248 
5750001,0.6019421219825745 
5760022,0.5596070289611816 
5770028,0.6038743853569031 
5780047,0.632545530796051 
5790009,0.595331072807312 
5800043,0.5623606443405151 
5810010,0.671091616153717 
5820036,0.6174674034118652 
5830047,0.6101561784744263 
5840002,0.6245039105415344 
5850018,0.6353042721748352 
5860047,0.6368217468261719 
5870040,0.6341134905815125 
5880005,0.6018430590629578 
5890024,0.6200830340385437 
5900011,0.6686426401138306 
5910019,0.6168716549873352 
5920011,0.647291898727417 
5930045,0.6106176972389221 
5940049,0.6056668162345886 
5950033,0.6225422024726868 
5960017,0.6403895616531372 
5970042,0.7074838876724243 
5980004,0.6833549737930298 
5990028,0.576819658279419 
6000041,0.6076095700263977 
6010020,0.6362543702125549 
6020011,0.632889986038208 
6030006,0.603812575340271 
6040023,0.5992217063903809 
6050041,0.6593331098556519 
6060006,0.6852110028266907 
6070010,0.6492674350738525 
6080030,0.6377022862434387 
6090036,0.7006680369377136 
6100021,0.6750305891036987 
6110046,0.7267265319824219 
6120035,0.5827977657318115 
6130034,0.6141034960746765 
6140007,0.6569492220878601 
6150029,0.6359501481056213 
6160018,0.6092308163642883 
6170033,0.6978669762611389 
6180032,0.601489245891571 
6190022,0.6415674686431885 
6200003,0.6873664259910583 
6210000,0.7345524430274963 
6220028,0.6685031652450562 
6230048,0.6244133114814758 
6240030,0.6418896317481995 
6250026,0.628410816192627 
6260032,0.6578001976013184 
6270019,0.6726880669593811 
6280011,0.6528089642524719 
6290023,0.676771879196167 
6300016,0.6312001347541809 
6310015,0.655678927898407 
6320000,0.5982856750488281 
6330004,0.6955534219741821 
6340035,0.6269267797470093 
6350008,0.6562248468399048 
6360014,0.6550374627113342 
6370023,0.6355292797088623 
6380036,0.6470265984535217 
6390007,0.6091434359550476 
6400026,0.6327301263809204 
6410010,0.6982839107513428 
6420036,0.6734023094177246 
6430012,0.6860172748565674 
6440016,0.625610888004303 
6450009,0.6982142925262451 
6460001,0.6801676750183105 
6470033,0.6327987909317017 
6480008,0.7000173330307007 
6490027,0.7022783756256104 
6500005,0.6076918244361877 
6510039,0.6136499047279358 
6520016,0.6996645927429199 
6530042,0.7002300024032593 
6540016,0.6902008652687073 
6550012,0.6814980506896973 
6560039,0.653515636920929 
6570035,0.6504300832748413 
6580022,0.6269397139549255 
6590020,0.6679019927978516 
6600010,0.6631773114204407 
6610007,0.7134726047515869 
6620031,0.666995108127594 
6630030,0.7233418822288513 
6640017,0.6791196465492249 
6650030,0.7226394414901733 
6660027,0.6663705706596375 
6670027,0.7371789813041687 
6680011,0.6731237173080444 
6690027,0.6248533129692078 
6700010,0.6986283659934998 
6710005,0.6341963410377502 
6720033,0.6410587430000305 
6730046,0.6407541632652283 
6740021,0.6404121518135071 
6750016,0.710807740688324 
6760046,0.6251417398452759 
6770015,0.6822348833084106 
6780037,0.658158540725708 
6790040,0.6447346210479736 
6800027,0.6573255062103271 
6810025,0.6409122943878174 
6820033,0.6574294567108154 
6830006,0.6875185370445251 
6840010,0.7085959911346436 
6850009,0.6179239749908447 
6860016,0.6582443118095398 
6870006,0.7212622761726379 
6880002,0.6502376794815063 
6890031,0.6702112555503845 
6900027,0.6670736074447632 
6910049,0.6392459273338318 
6920029,0.7471476793289185 
6930010,0.671815812587738 
6940020,0.6913251280784607 
6950013,0.6801097989082336 
6960006,0.6827439665794373 
6970039,0.662109911441803 
6980028,0.659839391708374 
6990008,0.7054036855697632 
7000027,0.6596575975418091 
7010039,0.7239759564399719 
7020048,0.7137028574943542 
7030015,0.668479859828949 
7040015,0.6844078302383423 
7050043,0.6425588130950928 
7060039,0.6841481924057007 
7070039,0.7307032942771912 
7080030,0.6928907632827759 
7090022,0.6695592999458313 
7100017,0.7213758230209351 
7110016,0.7008923292160034 
7120000,0.6782537698745728 
7130036,0.7031724452972412 
7140027,0.7014064192771912 
7150010,0.6330408453941345 
7160038,0.6678605675697327 
7170011,0.6751201748847961 
7180013,0.6917799115180969 
7190042,0.6372780203819275 
7200008,0.6978342533111572 
7210007,0.6817328929901123 
7220010,0.7589800357818604 
7230034,0.6718096137046814 
7240031,0.6389316916465759 
7250004,0.6733485460281372 
7260001,0.6723347306251526 
7270045,0.6840073466300964 
7280002,0.7288821339607239 
7290028,0.6569972038269043 
7300003,0.6705308556556702 
7310039,0.7202660441398621 
7320017,0.684933602809906 
7330006,0.7040626406669617 
7340010,0.7107964158058167 
7350013,0.7488201260566711 
7360013,0.6630445122718811 
7370000,0.6956008076667786 
7380022,0.6816882491111755 
7390005,0.7155317664146423 
7400003,0.7417024374008179 
7410040,0.654615044593811 
7420001,0.6902876496315002 
7430030,0.6640181541442871 
7440030,0.7250401973724365 
7450002,0.7082732915878296 
7460032,0.6926047801971436 
7470006,0.6987987756729126 
7480009,0.664695680141449 
7490024,0.6865440607070923 
7500005,0.716899037361145 
7510040,0.6262708902359009 
7520012,0.6933646202087402 
7530028,0.716484010219574 
7540030,0.7683009505271912 
7550029,0.7233059406280518 
7560046,0.6285999417304993 
7570015,0.7276597023010254 
7580013,0.6534497141838074 
7590021,0.6681215167045593 
7600009,0.6931204795837402 
7610014,0.6603031158447266 
7620024,0.7534056901931763 
7630022,0.6905261278152466 
7640035,0.634850025177002 
7650040,0.6214853525161743 
7660013,0.6820552349090576 
7670003,0.6877744793891907 
7680025,0.6972505450248718 
7690003,0.639674186706543 
7700009,0.7034854888916016 
7710002,0.6718482375144958 
7720049,0.718288779258728 
7730002,0.7040411233901978 
7740040,0.648265540599823 
7750000,0.694820761680603 
7760020,0.6889269351959229 
7770003,0.7694419622421265 
7780047,0.6906495094299316 
7790045,0.7021777629852295 
7800040,0.6747976541519165 
7810048,0.6883861422538757 
7820045,0.6496415138244629 
7830022,0.6932216882705688 
7840010,0.7023426294326782 
7850003,0.7102552652359009 
7860014,0.7265042662620544 
7870016,0.7269818186759949 
7880004,0.6869170665740967 
7890012,0.7022467851638794 
7900026,0.6802080273628235 
7910000,0.6465446352958679 
7920003,0.6971138119697571 
7930021,0.6555663347244263 
7940020,0.6909748315811157 
7950042,0.6613576412200928 
7960039,0.6899411082267761 
7970039,0.6954662203788757 
7980047,0.6505796313285828 
7990015,0.7236350774765015 
8000046,0.7127264142036438 
8010002,0.6950224041938782 
8020014,0.6508235931396484 
8030015,0.6604335308074951 
8040039,0.7348580956459045 
8050024,0.6401795744895935 
8060009,0.7181478142738342 
8070014,0.6376686692237854 
8080041,0.6476669311523438 
8090023,0.7434631586074829 
8100007,0.7661705613136292 
8110045,0.7135972380638123 
8120012,0.737322986125946 
8130019,0.7072998881340027 
8140005,0.7486039996147156 
8150025,0.6841785907745361 
8160020,0.7341630458831787 
8170005,0.75504469871521 
8180012,0.6825627684593201 
8190031,0.7421466112136841 
8200041,0.6134472489356995 
8210004,0.7128522396087646 
8220002,0.681022047996521 
8230039,0.7223334312438965 
8240027,0.6814060807228088 
8250003,0.7289843559265137 
8260003,0.6535621881484985 
8270001,0.7614721655845642 
8280034,0.7130658030509949 
8290012,0.7447332739830017 
8300048,0.7308217883110046 
8310024,0.7222848534584045 
8320000,0.7451127767562866 
8330019,0.6876433491706848 
8340042,0.7642839550971985 
8350048,0.7501141428947449 
8360042,0.7172126770019531 
8370025,0.7061097025871277 
8380002,0.7050069570541382 
8390041,0.7602542638778687 
8400029,0.6832356452941895 
8410013,0.6928854584693909 
8420047,0.650158703327179 
8430011,0.7368488907814026 
8440027,0.7070968747138977 
8450006,0.6925209164619446 
8460010,0.6180287003517151 
8470033,0.7732652425765991 
8480015,0.7459235191345215 
8490010,0.6868329644203186 
8500001,0.7576816082000732 
8510000,0.715365469455719 
8520035,0.696003258228302 
8530039,0.7720463275909424 
8540012,0.6794507503509521 
8550024,0.6693694591522217 
8560033,0.6198781728744507 
8570005,0.7356407642364502 
8580011,0.6972751617431641 
8590034,0.7048424482345581 
8600024,0.7231767177581787 
8610027,0.734901487827301 
8620019,0.7105298042297363 
8630044,0.6888774037361145 
8640036,0.7164826989173889 
8650002,0.753754734992981 
8660015,0.6828938126564026 
8670011,0.7347097992897034 
8680007,0.6990548968315125 
8690022,0.6534287333488464 
8700006,0.6526262760162354 
8710013,0.6992596983909607 
8720023,0.6646943688392639 
8730009,0.7388794422149658 
8740011,0.6993196606636047 
8750001,0.7012519240379333 
8760014,0.6813861131668091 
8770044,0.804024875164032 
8780000,0.7141475081443787 
8790020,0.7754355072975159 
8800001,0.7471030354499817 
8810034,0.7800537943840027 
8820004,0.7634437680244446 
8830026,0.6976115703582764 
8840009,0.7425029277801514 
8850025,0.7196362018585205 
8860038,0.6971465349197388 
8870038,0.7542542219161987 
8880004,0.7089107632637024 
8890012,0.6821049451828003 
8900000,0.7148513793945312 
8910034,0.7564119100570679 
8920000,0.7981352210044861 
8930017,0.7156408429145813 
8940005,0.6854782104492188 
8950046,0.6984965801239014 
8960042,0.7312397956848145 
8970029,0.7429544925689697 
8980040,0.7337508201599121 
8990001,0.7091675400733948 
9000036,0.7394217848777771 
9010005,0.7562991976737976 
9020024,0.7418211102485657 
9030014,0.7325021624565125 
9040046,0.7110481262207031 
9050017,0.6580718755722046 
9060022,0.7329237461090088 
9070021,0.7647762298583984 
9080027,0.7481296062469482 
9090040,0.7150017023086548 
9100001,0.7544106841087341 
9110038,0.7848387956619263 
9120017,0.744178295135498 
9130014,0.689160168170929 
9140002,0.7542375922203064 
9150039,0.7281795740127563 
9160012,0.7588421702384949 
9170048,0.7200825214385986 
9180020,0.6854134202003479 
9190026,0.745881974697113 
9200015,0.721910834312439 
9210017,0.7304158210754395 
9220019,0.6909381747245789 
9230039,0.7393293976783752 
9240035,0.7342326641082764 
9250025,0.7714370489120483 
9260008,0.7656735181808472 
9270009,0.7593860030174255 
9280009,0.7506603002548218 
9290033,0.7880921363830566 
9300005,0.7151143550872803 
9310027,0.7481710314750671 
9320021,0.7129462361335754 
9330011,0.7235515713691711 
9340037,0.7381220459938049 
9350015,0.7476184964179993 
9360012,0.7297875285148621 
9370047,0.7094801068305969 
9380010,0.7445061206817627 
9390002,0.7139835953712463 
9400000,0.6979899406433105 
9410021,0.697359025478363 
9420010,0.7208341360092163 
9430030,0.7008762955665588 
9440005,0.7569279670715332 
9450021,0.7812402248382568 
9460034,0.7441980838775635 
9470013,0.783923327922821 
9480017,0.6881973147392273 
9490048,0.7645216584205627 
9500025,0.7075756788253784 
9510038,0.721854031085968 
9520025,0.7626315355300903 
9530004,0.7583918571472168 
9540042,0.6993091702461243 
9550035,0.7787472009658813 
9560016,0.7928860187530518 
9570002,0.7163515686988831 
9580005,0.7096462845802307 
9590040,0.7313990592956543 
9600010,0.7423877716064453 
9610008,0.7630085945129395 
9620030,0.743193507194519 
9630011,0.7006542682647705 
9640012,0.7610129714012146 
9650002,0.7323145866394043 
9660018,0.6622927188873291 
9670010,0.7368726134300232 
9680016,0.7151067852973938 
9690031,0.7220173478126526 
9700016,0.7548437714576721 
9710021,0.7030932903289795 
9720027,0.7655340433120728 
9730046,0.7888099551200867 
9740039,0.7744723558425903 
9750025,0.7916980981826782 
9760028,0.7379324436187744 
9770009,0.6965733170509338 
9780022,0.6594470739364624 
9790000,0.7992175221443176 
9800010,0.781524658203125 
9810013,0.7049974203109741 
9820015,0.7435997128486633 
9830024,0.7467851042747498 
9840006,0.766248345375061 
9850017,0.6939140558242798 
9860012,0.6958261728286743 
9870049,0.7561163306236267 
9880045,0.7224917411804199 
9890014,0.7371199727058411 
9900018,0.7000470161437988 
9910001,0.7258932590484619 
9920009,0.7758361101150513 
9930029,0.756459653377533 
9940002,0.7046017646789551 
9950004,0.7407386898994446 
9960031,0.7939099669456482 
9970040,0.7749053835868835 
9980042,0.6971444487571716 
9990042,0.7863902449607849 
10000005,0.7653247714042664 
10010006,0.6944049000740051 
10020010,0.779325544834137 
10030038,0.7320492267608643 
10040008,0.7778254747390747 
10050015,0.7738562822341919 
10060026,0.8100607991218567 
10070001,0.7422351241111755 
10080015,0.7694294452667236 
10090030,0.6957166790962219 
10100005,0.7543027997016907 
10110018,0.7710293531417847 
10120032,0.7374532222747803 
10130012,0.733314573764801 
10140026,0.7470554113388062 
10150016,0.7194420099258423 
10160035,0.6894455552101135 
10170007,0.67470383644104 
10180021,0.7199037671089172 
10190020,0.7051088809967041 
10200010,0.7125291228294373 
10210037,0.6905744671821594 
10220027,0.7818061709403992 
10230036,0.7736736536026001 
10240043,0.7072053551673889 
10250044,0.7188085317611694 
10260005,0.6832449436187744 
10270028,0.7318474650382996 
10280029,0.7407443523406982 
10290010,0.8369917869567871 
10300027,0.762786328792572 
10310014,0.7656217217445374 
10320014,0.753173291683197 
10330012,0.7630817890167236 
10340002,0.7548778057098389 
10350021,0.7573866248130798 
10360037,0.7787695527076721 
10370009,0.7425722479820251 
10380044,0.7633786797523499 
10390020,0.7664857506752014 
10400013,0.7934229969978333 
10410000,0.7116595506668091 
10420021,0.7764871716499329 
10430009,0.7997115850448608 
10440009,0.7008890509605408 
10450029,0.7546696662902832 
10460014,0.8126201629638672 
10470011,0.6899659633636475 
10480030,0.6685676574707031 
10490004,0.771054208278656 
10500032,0.6752259135246277 
10510023,0.7633072137832642 
10520011,0.7640373110771179 
10530003,0.7787232995033264 
10540046,0.7414863109588623 
10550029,0.777813196182251 
10560002,0.7889504432678223 
10570001,0.7726293802261353 
10580010,0.7728325724601746 
10590026,0.7674882411956787 
10600015,0.8215920925140381 
10610015,0.7550605535507202 
10620025,0.6924198269844055 
10630027,0.7239267230033875 
10640017,0.753807008266449 
10650032,0.7456727623939514 
10660006,0.771709680557251 
10670009,0.7775731086730957 
10680007,0.7310331463813782 
10690006,0.7013399004936218 
10700045,0.6824193596839905 
10710023,0.7420347332954407 
10720000,0.7811286449432373 
10730038,0.7099282741546631 
10740026,0.720590353012085 
10750012,0.7479172348976135 
10760012,0.749379575252533 
10770018,0.7715213298797607 
10780002,0.7768480777740479 
10790020,0.7929465770721436 
10800018,0.7250944375991821 
10810000,0.7498446702957153 
10820015,0.7762203812599182 
10830013,0.7367141842842102 
10840019,0.716805636882782 
10850007,0.6936438083648682 
10860026,0.6939066052436829 
10870043,0.7534292340278625 
10880016,0.6652001738548279 
10890014,0.7635939717292786 
10900043,0.7721447944641113 
10910025,0.7053664326667786 
10920030,0.7597735524177551 
10930030,0.7781529426574707 
10940046,0.7316160798072815 
10950023,0.7777131795883179 
10960027,0.7315185070037842 
10970015,0.8158602118492126 
10980029,0.7330381870269775 
10990020,0.7542521953582764 
11000024,0.7394384741783142 
11010013,0.6917741298675537 
11020009,0.7606765627861023 
11030004,0.6646341681480408 
11040023,0.7554272413253784 
11050018,0.7544535994529724 
11060016,0.8293820023536682 
11070038,0.7375267744064331 
11080018,0.8119945526123047 
11090046,0.7170649766921997 
11100038,0.7021099925041199 
11110018,0.7639551758766174 
11120017,0.7758960127830505 
11130013,0.712033212184906 
11140000,0.7888559699058533 
11150036,0.7305110692977905 
11160017,0.7983003258705139 
11170025,0.7318484783172607 
11180004,0.7373447418212891 
11190048,0.7151336669921875 
11200016,0.7695280313491821 
11210032,0.8046206831932068 
11220016,0.7773678302764893 
11230018,0.7453493475914001 
11240026,0.8000060319900513 
11250046,0.7420769333839417 
11260027,0.6922612190246582 
11270005,0.7816792130470276 
11280027,0.7021229267120361 
11290026,0.7744408249855042 
11300012,0.6816458702087402 
11310024,0.6836534142494202 
11320044,0.7698445320129395 
11330014,0.7224737405776978 
11340015,0.7699857354164124 
11350006,0.7451465725898743 
11360002,0.7563744187355042 
11370047,0.7969919443130493 
11380020,0.7161238193511963 
11390014,0.7867048382759094 
11400030,0.7636231780052185 
11410017,0.7931321859359741 
11420007,0.6971230506896973 
11430016,0.7942610383033752 
11440039,0.7600345611572266 
11450034,0.7181710600852966 
11460026,0.7725274562835693 
11470020,0.7289398908615112 
11480014,0.7570142149925232 
11490002,0.7346475720405579 
11500013,0.8029347062110901 
11510040,0.691172182559967 
11520022,0.762052059173584 
11530045,0.7676616907119751 
11540004,0.698574423789978 
11550022,0.7836790680885315 
11560030,0.749224841594696 
11570040,0.7486630082130432 
11580010,0.7509807348251343 
11590023,0.8023954629898071 
11600037,0.7218856811523438 
11610005,0.7557756304740906 
11620010,0.6421486735343933 
11630016,0.7894654870033264 
11640001,0.7102311849594116 
11650004,0.7990663051605225 
11660017,0.7395553588867188 
11670033,0.7900756597518921 
11680029,0.7535117864608765 
11690009,0.7744565606117249 
11700024,0.7409904599189758 
11710019,0.8001079559326172 
11720018,0.7407705783843994 
11730025,0.7819387912750244 
11740019,0.7656558156013489 
11750007,0.8093721270561218 
11760016,0.7477469444274902 
11770024,0.8514370918273926 
11780009,0.7846423387527466 
11790037,0.7171720862388611 
11800014,0.8156332969665527 
11810048,0.7297181487083435 
11820017,0.8104934096336365 
11830014,0.7369539737701416 
11840004,0.7181668877601624 
11850017,0.7469947934150696 
11860004,0.767527163028717 
11870021,0.8374487161636353 
11880003,0.7771835923194885 
11890009,0.7675096392631531 
11900020,0.7841431498527527 
11910006,0.7579385638237 
11920011,0.8303873538970947 
11930010,0.7747011780738831 
11940018,0.7981545329093933 
11950000,0.7529990673065186 
11960016,0.8136442303657532 
11970046,0.8231245279312134 
11980011,0.7641958594322205 
11990002,0.7922086119651794 
12000001,0.7916443347930908 
12010011,0.6935876607894897 
12020004,0.727614164352417 
12030016,0.8397907018661499 
12040006,0.7354491949081421 
12050003,0.7631466388702393 
12060010,0.8188119530677795 
12070008,0.7690232992172241 
12080003,0.7472411394119263 
12090008,0.7605149745941162 
12100009,0.7653676867485046 
12110030,0.7601224780082703 
12120028,0.7940117120742798 
12130017,0.7476036548614502 
12140023,0.7378177046775818 
12150021,0.7863811254501343 
12160007,0.7280024886131287 
12170013,0.791103184223175 
12180025,0.7902915477752686 
12190003,0.7573767304420471 
12200011,0.7344836592674255 
12210019,0.7713316082954407 
12220015,0.7837455868721008 
12230025,0.7693986296653748 
12240016,0.7252424359321594 
12250009,0.8024072051048279 
12260026,0.7868837714195251 
12270031,0.7723385095596313 
12280018,0.7251794338226318 
12290025,0.8191708326339722 
12300022,0.7668213844299316 
12310021,0.8027457594871521 
12320037,0.7601999640464783 
12330004,0.7602944374084473 
12340045,0.7923404574394226 
12350010,0.796358585357666 
12360015,0.7655960321426392 
12370014,0.7791240811347961 
12380000,0.7207240462303162 
12390041,0.7058141231536865 
12400044,0.7472692728042603 
12410002,0.7761852145195007 
12420023,0.8190413117408752 
12430022,0.7675225734710693 
12440040,0.7689568996429443 
12450011,0.7440903186798096 
12460043,0.7699408531188965 
12470004,0.8001686930656433 
12480011,0.8273781538009644 
12490045,0.7861022353172302 
12500011,0.7863075733184814 
12510008,0.7510185241699219 
12520007,0.7793189287185669 
12530039,0.7769522666931152 
12540030,0.7956026196479797 
12550027,0.7314881086349487 
12560036,0.8159458637237549 
12570041,0.7800439596176147 
12580037,0.8134918212890625 
12590037,0.7823688387870789 
12600025,0.8095046877861023 
12610005,0.7573640942573547 
12620013,0.801432192325592 
12630010,0.7739195227622986 
12640018,0.7455909252166748 
12650018,0.7108889818191528 
12660014,0.7980191707611084 
12670001,0.7811866998672485 
12680025,0.7933008670806885 
12690020,0.8049675822257996 
12700010,0.7948283553123474 
12710005,0.7670953273773193 
12720013,0.7634332180023193 
12730005,0.7714182138442993 
12740001,0.7051376104354858 
12750016,0.7983419299125671 
12760027,0.6994870901107788 
12770006,0.7715445160865784 
12780024,0.7161475419998169 
12790000,0.7923671007156372 
12800029,0.7952388525009155 
12810009,0.6906256675720215 
12820033,0.7558092474937439 
12830011,0.8035209774971008 
12840026,0.765076756477356 
12850007,0.7276360392570496 
12860031,0.7345144152641296 
12870013,0.7552120089530945 
12880000,0.7085336446762085 
12890023,0.8418346643447876 
12900028,0.7743509411811829 
12910011,0.760141909122467 
12920038,0.7821730971336365 
12930014,0.7667283415794373 
12940012,0.7300809621810913 
12950013,0.7308104634284973 
12960047,0.8334465622901917 
12970004,0.8665403127670288 
12980033,0.7741987705230713 
12990037,0.7688122391700745 
13000039,0.7776533365249634 
13010027,0.7502326965332031 
13020012,0.7253350019454956 
13030023,0.7656761407852173 
13040020,0.7399812936782837 
13050000,0.8249991536140442 
13060005,0.737212061882019 
13070026,0.7103855609893799 
13080030,0.775464653968811 
13090014,0.8201879262924194 
13100004,0.7421464323997498 
13110015,0.7683492302894592 
13120039,0.7522503137588501 
13130034,0.8623171448707581 
13140002,0.7193211317062378 
13150009,0.8108029365539551 
13160041,0.815365195274353 
13170019,0.7215902805328369 
13180001,0.7703601121902466 
13190006,0.7813600301742554 
13200007,0.7438561916351318 
13210046,0.7590545415878296 
13220026,0.7694121599197388 
13230019,0.7601636648178101 
13240035,0.8227593898773193 
13250000,0.7652982473373413 
13260019,0.7131699919700623 
13270014,0.8022060394287109 
13280001,0.7744486927986145 
13290003,0.8334816694259644 
13300048,0.7522782683372498 
13310005,0.7173477411270142 
13320003,0.8161439299583435 
13330041,0.6887463927268982 
13340007,0.723328173160553 
13350007,0.7378924489021301 
13360003,0.8252226114273071 
13370024,0.8224245309829712 
13380019,0.7504667639732361 
13390015,0.7653868198394775 
13400014,0.8035397529602051 
13410003,0.8016400933265686 
13420030,0.7483706474304199 
13430004,0.7100244164466858 
13440024,0.7387582659721375 
13450029,0.7679699659347534 
13460003,0.7552087306976318 
13470008,0.7580397725105286 
13480015,0.7841194868087769 
13490032,0.7819780707359314 
13500005,0.8241738677024841 
13510019,0.8034588098526001 
13520013,0.7772990465164185 
13530023,0.7378013730049133 
13540021,0.7784742712974548 
13550040,0.672183632850647 
13560036,0.7599857449531555 
13570039,0.84192955493927 
13580018,0.7459349036216736 
13590006,0.7898598313331604 
13600040,0.7537704706192017 
13610016,0.8038498759269714 
13620028,0.7402623891830444 
13630017,0.7471207976341248 
13640048,0.7867036461830139 
13650003,0.7443023920059204 
13660011,0.7661170959472656 
13670009,0.7828110456466675 
13680000,0.7332114577293396 
13690041,0.7772518992424011 
13700003,0.754830002784729 
13710007,0.7580699324607849 
13720018,0.8073316216468811 
13730031,0.8338637351989746 
13740031,0.7636557221412659 
13750024,0.7563503384590149 
13760039,0.7717164754867554 
13770036,0.7824659943580627 
13780028,0.7665244936943054 
13790004,0.7463204264640808 
13800011,0.8215889930725098 
13810046,0.7697499990463257 
13820022,0.7932118773460388 
13830030,0.7917989492416382 
13840006,0.7753934264183044 
13850017,0.7726522088050842 
13860008,0.7961131930351257 
13870021,0.7968918085098267 
13880023,0.7728523015975952 
13890012,0.7906014919281006 
13900021,0.770570695400238 
13910000,0.8135732412338257 
13920040,0.733950138092041 
13930008,0.8437033891677856 
13940043,0.7849330306053162 
13950039,0.7637155055999756 
13960000,0.7561309337615967 
13970006,0.7465866804122925 
13980000,0.755104124546051 
13990027,0.7541214823722839 
14000015,0.7563749551773071 
14010047,0.8026747703552246 
14020015,0.8182706236839294 
14030011,0.7862677574157715 
14040010,0.8327745199203491 
14050010,0.8005993366241455 
14060037,0.7449290752410889 
14070037,0.7818906307220459 
14080006,0.761109471321106 
14090011,0.8223179578781128 
14100023,0.8041585683822632 
14110038,0.8140533566474915 
14120013,0.791932225227356 
14130002,0.8189504742622375 
14140039,0.828204870223999 
14150037,0.7962092757225037 
14160038,0.806983232498169 
14170002,0.7989604473114014 
14180036,0.7709426879882812 
14190004,0.7499006390571594 
14200023,0.7379810810089111 
14210039,0.7714418172836304 
14220006,0.8091267943382263 
14230001,0.8319157361984253 
14240047,0.7136282324790955 
14250012,0.7319291830062866 
14260023,0.7825404405593872 
14270005,0.7581830620765686 
14280014,0.8217176795005798 
14290009,0.8556229472160339 
14300017,0.764455258846283 
14310008,0.7874035835266113 
14320039,0.8001462817192078 
14330042,0.7336122989654541 
14340016,0.7979429364204407 
14350015,0.7887066006660461 
14360007,0.7829695343971252 
14370022,0.7602798938751221 
14380006,0.7600329518318176 
14390004,0.7366405725479126 
14400015,0.7996354699134827 
14410036,0.7495772838592529 
14420019,0.7675186991691589 
14430009,0.7487315535545349 
14440027,0.7475202679634094 
14450018,0.7305272817611694 
14460035,0.8610910177230835 
14470011,0.7849609851837158 
14480000,0.7718551754951477 
14490036,0.7801369428634644 
14500009,0.7936749458312988 
14510010,0.7890062928199768 
14520038,0.8028558492660522 
14530021,0.7788968086242676 
14540012,0.7656723260879517 
14550005,0.7700263261795044 
14560020,0.7676512002944946 
14570024,0.7730863690376282 
14580025,0.821708619594574 
14590013,0.808167040348053 
14600029,0.7487555146217346 
14610030,0.7650917172431946 
14620020,0.7867984175682068 
14630033,0.8117703199386597 
14640012,0.791836142539978 
14650002,0.7977859973907471 
14660008,0.8417010307312012 
14670012,0.7682555913925171 
14680020,0.837863028049469 
14690003,0.8030874729156494 
14700009,0.798336923122406 
14710024,0.7913652062416077 
14720009,0.7514684200286865 
14730026,0.8076214790344238 
14740030,0.8034747838973999 
14750048,0.7659651041030884 
14760019,0.7870047092437744 
14770032,0.7709375619888306 
14780024,0.722320556640625 
14790000,0.8132551312446594 
14800008,0.7876399755477905 
14810020,0.7795988321304321 
14820029,0.7558369636535645 
14830016,0.806104838848114 
14840038,0.8126757144927979 
14850048,0.8380300998687744 
14860014,0.8262039422988892 
14870043,0.7868952751159668 
14880001,0.7631363868713379 
14890012,0.8310997486114502 
14900019,0.7519744038581848 
14910038,0.7861349582672119 
14920005,0.7631211876869202 
14930045,0.763261079788208 
14940001,0.7842788100242615 
14950029,0.7697029113769531 
14960026,0.7798871397972107 
14970024,0.8097482919692993 
14980023,0.7723909616470337 
14990007,0.8043578267097473 
15000027,0.8260934948921204 
15010003,0.7908139228820801 
15020005,0.7624047994613647 
15030017,0.8267039656639099 
15040029,0.8033814430236816 
15050029,0.7639704942703247 
15060000,0.8069881200790405 
15070016,0.8226432800292969 
15080030,0.7974393367767334 
15090002,0.786823034286499 
15100000,0.8417671918869019 
15110031,0.8337539434432983 
15120032,0.785560667514801 
15130024,0.7931565642356873 
15140035,0.752554714679718 
15150002,0.8358595371246338 
15160028,0.7910469770431519 
15170037,0.7677190899848938 
15180029,0.8253193497657776 
15190048,0.8174792528152466 
15200020,0.7302812337875366 
15210015,0.8806436657905579 
15220017,0.7823006510734558 
15230011,0.7436606884002686 
15240017,0.798372745513916 
15250020,0.7886385917663574 
15260026,0.8036758899688721 
15270048,0.7701709270477295 
15280006,0.8121285438537598 
15290048,0.8037747740745544 
15300017,0.7832335829734802 
15310012,0.8263881206512451 
15320039,0.7715367674827576 
15330001,0.8021472096443176 
15340018,0.7477270364761353 
15350023,0.7755415439605713 
15360012,0.7894571423530579 
15370019,0.8085708618164062 
15380037,0.7667800784111023 
15390007,0.7784706950187683 
15400004,0.7893384695053101 
15410000,0.8246400356292725 
15420047,0.7632465958595276 
15430021,0.7560773491859436 
15440009,0.7799146771430969 
15450027,0.7614307999610901 
15460030,0.7716137170791626 
15470034,0.7921512126922607 
15480010,0.7758021354675293 
15490002,0.7699393630027771 
15500015,0.8074615597724915 
15510019,0.802914559841156 
15520023,0.7798643708229065 
15530039,0.7246226668357849 
15540025,0.7981359362602234 
15550009,0.7547004222869873 
15560018,0.7501253485679626 
15570022,0.7768709063529968 
15580049,0.7768056988716125 
15590016,0.8348677754402161 
15600022,0.8056710958480835 
15610017,0.8031441569328308 
15620021,0.8763894438743591 
15630007,0.829322338104248 
15640012,0.8417083621025085 
15650008,0.7301888465881348 
15660023,0.7903487682342529 
15670037,0.8120063543319702 
15680032,0.7760107517242432 
15690002,0.7630809545516968 
15700022,0.7549013495445251 
15710037,0.8358021378517151 
15720007,0.8337962627410889 
15730007,0.8433235883712769 
15740022,0.7606040835380554 
15750003,0.7891232371330261 
15760008,0.761860728263855 
15770037,0.8205255270004272 
15780021,0.8784217834472656 
15790039,0.8020649552345276 
15800035,0.7910845875740051 
15810045,0.8104142546653748 
15820034,0.7826932668685913 
15830010,0.7630894184112549 
15840015,0.7820442318916321 
15850030,0.721375584602356 
15860009,0.7683058381080627 
15870018,0.755116879940033 
15880013,0.803701639175415 
15890018,0.8214501738548279 
15900042,0.7558692097663879 
15910047,0.7705546617507935 
15920031,0.8350894451141357 
15930009,0.8161062598228455 
15940021,0.8207477331161499 
15950006,0.7448170185089111 
15960008,0.8239368200302124 
15970040,0.7916142344474792 
15980025,0.7825469970703125 
15990008,0.7985869646072388 
16000008,0.7760095000267029 
16010001,0.7919442057609558 
16020013,0.7852841019630432 
16030033,0.8047057390213013 
16040036,0.7705667018890381 
16050013,0.7979142069816589 
16060004,0.7963317632675171 
16070046,0.7643014788627625 
16080029,0.7792055606842041 
16090005,0.8437303900718689 
16100043,0.7921467423439026 
16110009,0.8130801916122437 
16120000,0.7343207597732544 
16130045,0.8022927641868591 
16140001,0.735248863697052 
16150007,0.82097989320755 
16160010,0.8302886486053467 
16170029,0.8036627173423767 
16180012,0.7743557691574097 
16190010,0.8169625997543335 
16200035,0.8194381594657898 
16210009,0.8026235103607178 
16220045,0.7858878970146179 
16230013,0.8469293117523193 
16240001,0.8333953022956848 
16250011,0.7939790487289429 
16260001,0.76361483335495 
16270009,0.7644314765930176 
16280001,0.733539342880249 
16290009,0.7883651852607727 
16300030,0.7763739824295044 
16310045,0.8195382952690125 
16320031,0.8278279900550842 
16330047,0.7557979822158813 
16340005,0.8030692338943481 
16350046,0.7954540848731995 
16360047,0.801432192325592 
16370013,0.8191053867340088 
16380006,0.7772521376609802 
16390022,0.8407142758369446 
16400007,0.7958648204803467 
16410005,0.8004257678985596 
16420008,0.8735261559486389 
16430009,0.7698941230773926 
16440029,0.8464861512184143 
16450006,0.8306320309638977 
16460049,0.768199622631073 
16470016,0.7595121264457703 
16480026,0.7869026064872742 
16490000,0.8213198781013489 
16500008,0.796644926071167 
16510004,0.8266972303390503 
16520022,0.7923889756202698 
16530030,0.7685333490371704 
16540010,0.7920507192611694 
16550026,0.8669251799583435 
16560027,0.7937434315681458 
16570044,0.8494475483894348 
16580017,0.8283770680427551 
16590018,0.8255841135978699 
16600011,0.7911790609359741 
16610008,0.7670853137969971 
16620023,0.7809227108955383 
16630002,0.7839610576629639 
16640045,0.7760410904884338 
16650020,0.751939594745636 
16660023,0.7508466243743896 
16670019,0.7591656446456909 
16680029,0.7734426259994507 
16690017,0.8106036186218262 
16700009,0.815518856048584 
16710037,0.7587376236915588 
16720036,0.8283981084823608 
16730008,0.7874486446380615 
16740009,0.7882763743400574 
16750035,0.7933507561683655 
16760009,0.7818711996078491 
16770045,0.8117176294326782 
16780041,0.7928611040115356 
16790025,0.8215669393539429 
16800013,0.8171667456626892 
16810004,0.8594068884849548 
16820041,0.8515802621841431 
16830023,0.8019762635231018 
16840011,0.8962570428848267 
16850047,0.7466924786567688 
16860040,0.7881535291671753 
16870032,0.7601553201675415 
16880014,0.8148319125175476 
16890015,0.7981463670730591 
16900014,0.8039857745170593 
16910033,0.7574518322944641 
16920004,0.8087919354438782 
16930012,0.7525646090507507 
16940010,0.7699841260910034 
16950003,0.7842341661453247 
16960016,0.7863369584083557 
16970014,0.7909934520721436 
16980034,0.7863212823867798 
16990019,0.803068220615387 
17000009,0.7448073029518127 
17010012,0.8042705655097961 
17020032,0.8222245573997498 
17030004,0.8392873406410217 
17040003,0.7939481139183044 
17050018,0.8233809471130371 
17060008,0.8120813965797424 
17070006,0.8237581849098206 
17080000,0.8643791675567627 
17090007,0.8338818550109863 
17100024,0.7290283441543579 
17110031,0.7756532430648804 
17120027,0.7847442626953125 
17130015,0.7938708662986755 
17140013,0.8197337985038757 
17150020,0.8155256509780884 
17160016,0.7632814049720764 
17170016,0.8125285506248474 
17180017,0.7840025424957275 
17190028,0.7452729940414429 
17200003,0.7991459369659424 
17210006,0.8279659748077393 
17220035,0.8272828459739685 
17230034,0.8203592896461487 
17240004,0.7956472039222717 
17250035,0.7862098813056946 
17260007,0.7508973479270935 
17270046,0.820182204246521 
17280035,0.7873080372810364 
17290041,0.8035305738449097 
17300025,0.7616700530052185 
17310004,0.7962510585784912 
17320009,0.6989784240722656 
17330023,0.7853067517280579 
17340010,0.7811596393585205 
17350007,0.7756902575492859 
17360003,0.8324792981147766 
17370001,0.8061414361000061 
17380012,0.8014552593231201 
17390024,0.7246107459068298 
17400034,0.8263185620307922 
17410001,0.7776004076004028 
17420003,0.808245062828064 
17430006,0.8166947364807129 
17440006,0.8085852265357971 
17450004,0.7315725684165955 
17460006,0.8077449798583984 
17470013,0.7884207367897034 
17480005,0.7761751413345337 
17490007,0.8193939328193665 
17500032,0.811869204044342 
17510002,0.7933057546615601 
17520002,0.8028917908668518 
17530005,0.7689565420150757 
17540027,0.784218430519104 
17550016,0.7916534543037415 
17560021,0.7943194508552551 
17570006,0.8091106414794922 
17580001,0.8140630125999451 
17590015,0.8142262101173401 
17600001,0.8338982462882996 
17610007,0.8206361532211304 
17620023,0.753771960735321 
17630004,0.8081947565078735 
17640012,0.843410849571228 
17650032,0.7920663356781006 
17660021,0.8657234311103821 
17670018,0.8228089809417725 
17680015,0.8329682350158691 
17690003,0.8223820328712463 
17700010,0.813957929611206 
17710000,0.7943094372749329 
17720019,0.7744508385658264 
17730007,0.8283184170722961 
17740005,0.7764580249786377 
17750011,0.8062809109687805 
17760004,0.8045403361320496 
17770044,0.7949338555335999 
17780023,0.8258737325668335 
17790026,0.7766972184181213 
17800001,0.817673921585083 
17810022,0.8497780561447144 
17820015,0.7874892950057983 
17830005,0.7708277702331543 
17840009,0.8018175363540649 
17850030,0.7536868453025818 
17860047,0.8379908800125122 
17870013,0.7515702843666077 
17880011,0.8411402106285095 
17890007,0.8470003008842468 
17900016,0.8071388006210327 
17910039,0.8080618977546692 
17920019,0.8393697142601013 
17930027,0.8259918689727783 
17940027,0.7619013786315918 
17950000,0.7716745138168335 
17960036,0.8229796886444092 
17970022,0.7854717969894409 
17980007,0.8560631275177002 
17990007,0.8151593804359436 
18000024,0.8185107707977295 
18010002,0.7920262813568115 
18020017,0.8197815418243408 
18030008,0.768709659576416 
18040011,0.8158292174339294 
18050030,0.80430006980896 
18060005,0.795198380947113 
18070038,0.8191081285476685 
18080024,0.7546413540840149 
18090018,0.7536541223526001 
18100000,0.8207229375839233 
18110009,0.830746054649353 
18120037,0.8009867668151855 
18130023,0.7856853008270264 
18140007,0.7933518886566162 
18150017,0.8054940104484558 
18160002,0.849931001663208 
18170002,0.8205380439758301 
18180024,0.8495924472808838 
18190013,0.8112751245498657 
18200001,0.84498131275177 
18210022,0.7766700983047485 
18220000,0.7481091022491455 
18230006,0.7953649163246155 
18240020,0.832506537437439 
18250007,0.8178369402885437 
18260028,0.7453601360321045 
18270004,0.8315070271492004 
18280022,0.7987301349639893 
18290011,0.7858786582946777 
18300022,0.8167257905006409 
18310026,0.852433979511261 
18320022,0.8234226703643799 
18330040,0.7467071413993835 
18340013,0.8587491512298584 
18350033,0.8458410501480103 
18360022,0.8242956399917603 
18370041,0.7641867995262146 
18380001,0.7889314889907837 
18390012,0.8172670006752014 
18400041,0.830498218536377 
18410033,0.8182699680328369 
18420010,0.8146660327911377 
18430003,0.8265304565429688 
18440023,0.7870954275131226 
18450041,0.8157150745391846 
18460044,0.8831256031990051 
18470012,0.8026310801506042 
18480015,0.8444416522979736 
18490014,0.8461505174636841 
18500021,0.8426477909088135 
18510001,0.8041532635688782 
18520040,0.7765849828720093 
18530028,0.8070759773254395 
18540027,0.8418200612068176 
18550001,0.7821592092514038 
18560027,0.772776186466217 
18570000,0.8324348330497742 
18580022,0.8090168833732605 
18590016,0.7923675775527954 
18600009,0.7837671041488647 
18610010,0.7928659319877625 
18620003,0.7968401908874512 
18630031,0.8430923223495483 
18640009,0.7973191142082214 
18650038,0.8365466594696045 
18660042,0.791225790977478 
18670044,0.7838248610496521 
18680026,0.854706346988678 
18690003,0.7619727253913879 
18700024,0.7922231554985046 
18710028,0.8344271779060364 
18720011,0.8275811672210693 
18730010,0.8213136196136475 
18740037,0.7838020324707031 
18750017,0.780260443687439 
18760016,0.8190779089927673 
18770008,0.7837497591972351 
18780007,0.8312228918075562 
18790008,0.8135896325111389 
18800049,0.8403788805007935 
18810005,0.7817065715789795 
18820004,0.8024263978004456 
18830049,0.7590545415878296 
18840006,0.829677402973175 
18850002,0.8631978631019592 
18860014,0.8218778967857361 
18870007,0.8138588070869446 
18880036,0.8000480532646179 
18890010,0.7624801397323608 
18900007,0.7944052219390869 
18910032,0.7311068177223206 
18920016,0.7960641980171204 
18930020,0.80324387550354 
18940020,0.7499932050704956 
18950020,0.8869168162345886 
18960048,0.8057684302330017 
18970016,0.8793184757232666 
18980018,0.8253160715103149 
18990035,0.7942030429840088 
19000021,0.7597545385360718 
19010042,0.7783530354499817 
19020048,0.8211671710014343 
