20000,6.039999961853027
30000,8.699999809265137
40000,8.899999618530273
50000,12.84000015258789
60000,18.34000015258789
70000,22.559999465942383
80000,32.86000061035156
90000,43.060001373291016
100000,53.2400016784668
110000,64.73999786376953
120000,79.5199966430664
130000,97.5199966430664
140000,110.4800033569336
150000,122.86000061035156
160000,119.95999908447266
170000,119.26000213623048
180000,134.94000244140625
190000,137.94000244140625
200000,127.0
210000,131.39999389648438
220000,140.22000122070312
230000,142.25999450683594
240000,142.44000244140625
250000,152.0
260000,158.3000030517578
270000,159.0399932861328
280000,162.89999389648438
290000,158.6199951171875
300000,162.60000610351562
310000,167.33999633789062
320000,176.9600067138672
330000,192.97999572753903
340000,195.4199981689453
350000,191.0399932861328
360000,199.7400054931641
370000,211.82000732421875
380000,199.6999969482422
390000,186.0399932861328
400000,194.13999938964844
410000,205.8800048828125
420000,210.66000366210935
430000,202.05999755859372
440000,201.22000122070312
450000,209.6000061035156
460000,208.3600006103516
470000,211.1199951171875
480000,223.77999877929688
490000,225.77999877929688
500000,213.3999938964844
510000,208.6999969482422
520000,212.8600006103516
530000,223.4199981689453
540000,233.9199981689453
550000,232.17999267578125
560000,225.82000732421875
570000,227.8999938964844
580000,227.22000122070312
590000,230.5200042724609
600000,233.5800018310547
610000,229.3000030517578
620000,231.1999969482422
630000,235.77999877929688
640000,239.6999969482422
650000,239.0800018310547
660000,240.44000244140625
670000,234.3800048828125
680000,239.72000122070312
690000,251.97999572753903
700000,242.8000030517578
710000,243.3600006103516
720000,258.239990234375
730000,262.3800048828125
740000,255.8999938964844
750000,254.0399932861328
760000,242.05999755859372
770000,229.9199981689453
780000,241.3999938964844
790000,257.0799865722656
800000,271.5
810000,269.3999938964844
820000,262.67999267578125
830000,271.760009765625
840000,263.5
850000,253.67999267578125
860000,256.260009765625
870000,256.20001220703125
880000,264.79998779296875
890000,275.6199951171875
900000,268.3599853515625
910000,260.2200012207031
920000,259.5
930000,257.44000244140625
940000,266.20001220703125
950000,263.5199890136719
960000,258.5799865722656
970000,272.9800109863281
980000,279.1199951171875
990000,277.17999267578125
1000000,278.3599853515625
1010000,272.1400146484375
1020000,268.8999938964844
1030000,266.5400085449219
1040000,270.4800109863281
1050000,272.9800109863281
1060000,263.5400085449219
1070000,265.4200134277344
1080000,271.0400085449219
1090000,262.1199951171875
1100000,263.29998779296875
1110000,274.760009765625
1120000,275.29998779296875
1130000,265.5199890136719
1140000,254.0399932861328
1150000,259.1400146484375
1160000,256.760009765625
1170000,253.5200042724609
1180000,264.8800048828125
1190000,269.3399963378906
1200000,267.239990234375
1210000,262.8399963378906
1220000,274.9599914550781
1230000,287.1000061035156
1240000,282.6600036621094
1250000,274.8800048828125
1260000,270.3800048828125
1270000,261.260009765625
1280000,265.9800109863281
1290000,273.4599914550781
1300000,273.2799987792969
1310000,277.2200012207031
1320000,276.9599914550781
1330000,269.760009765625
1340000,271.20001220703125
1350000,266.6000061035156
1360000,265.5799865722656
1370000,281.6199951171875
1380000,281.44000244140625
1390000,280.6600036621094
1400000,266.3599853515625
1410000,255.05999755859372
1420000,273.5799865722656
1430000,286.6400146484375
1440000,278.29998779296875
1450000,278.8999938964844
1460000,285.9599914550781
1470000,288.7200012207031
1480000,292.7799987792969
1490000,291.8999938964844
1500000,286.20001220703125
1510000,282.3800048828125
1520000,282.2799987792969
1530000,278.2200012207031
1540000,266.3999938964844
1550000,275.6000061035156
1560000,286.7799987792969
1570000,268.2200012207031
1580000,270.6600036621094
1590000,276.1199951171875
1600000,287.29998779296875
1610000,297.6600036621094
1620000,285.3599853515625
1630000,288.1600036621094
1640000,292.8399963378906
1650000,291.4800109863281
1660000,287.6199951171875
1670000,281.8800048828125
1680000,281.6600036621094
1690000,279.739990234375
1700000,269.1000061035156
1710000,278.29998779296875
1720000,282.260009765625
1730000,276.94000244140625
1740000,294.4599914550781
1750000,293.760009765625
1760000,281.3800048828125
1770000,291.4800109863281
1780000,285.5599975585937
1790000,276.739990234375
1800000,298.239990234375
1810000,300.760009765625
1820000,289.70001220703125
1830000,287.760009765625
1840000,289.2200012207031
1850000,289.9599914550781
1860000,292.44000244140625
1870000,301.739990234375
1880000,300.1400146484375
1890000,281.260009765625
1900000,278.8800048828125
1910000,293.5199890136719
1920000,297.1199951171875
1930000,282.2799987792969
1940000,272.7799987792969
1950000,292.20001220703125
1960000,302.9599914550781
1970000,292.32000732421875
1980000,285.9200134277344
1990000,279.7200012207031
2000000,274.32000732421875
2010000,282.5
2020000,281.0400085449219
2030000,287.44000244140625
2040000,296.3599853515625
2050000,290.239990234375
2060000,295.239990234375
2070000,292.3800048828125
2080000,290.1400146484375
2090000,286.79998779296875
2100000,283.8599853515625
2110000,292.7200012207031
2120000,297.2200012207031
2130000,290.4800109863281
2140000,276.0799865722656
2150000,278.3399963378906
2160000,298.5
2170000,307.4599914550781
2180000,306.4599914550781
2190000,306.94000244140625
2200000,305.8599853515625
2210000,306.5799865722656
2220000,308.5799865722656
2230000,300.2200012207031
2240000,293.6600036621094
2250000,302.4599914550781
2260000,298.239990234375
2270000,294.5799865722656
2280000,305.0199890136719
2290000,299.5199890136719
2300000,283.17999267578125
2310000,290.3800048828125
2320000,304.0400085449219
2330000,296.4800109863281
2340000,294.0599975585937
2350000,302.44000244140625
2360000,311.9800109863281
2370000,307.9599914550781
2380000,297.9599914550781
2390000,299.2200012207031
2400000,296.44000244140625
2410000,297.760009765625
2420000,295.8999938964844
2430000,291.70001220703125
2440000,288.8399963378906
2450000,291.239990234375
2460000,291.1600036621094
2470000,285.6199951171875
2480000,290.0799865722656
2490000,299.3999938964844
2500000,302.4599914550781
2510000,293.0400085449219
2520000,281.67999267578125
2530000,275.3599853515625
2540000,274.5
2550000,280.3999938964844
2560000,285.8399963378906
2570000,284.5
2580000,298.70001220703125
2590000,299.3399963378906
2600000,287.0799865722656
2610000,297.20001220703125
2620000,294.8399963378906
2630000,290.3399963378906
2640000,290.3999938964844
2650000,293.17999267578125
2660000,287.29998779296875
2670000,287.0
2680000,291.94000244140625
2690000,298.29998779296875
2700000,301.5199890136719
2710000,300.5199890136719
2720000,303.7200012207031
2730000,302.5
2740000,301.4599914550781
2750000,296.0799865722656
2760000,306.239990234375
2770000,305.9599914550781
2780000,303.0199890136719
2790000,304.3999938964844
2800000,288.5400085449219
2810000,290.0
2820000,305.1400146484375
2830000,298.0199890136719
2840000,296.9200134277344
2850000,305.1199951171875
2860000,303.760009765625
2870000,293.5199890136719
2880000,294.2200012207031
2890000,304.2799987792969
2900000,295.32000732421875
2910000,290.8399963378906
2920000,291.1600036621094
2930000,289.4200134277344
2940000,299.6600036621094
2950000,312.5799865722656
2960000,308.9800109863281
2970000,300.1199951171875
2980000,294.0799865722656
2990000,288.2799987792969
3000000,289.3399963378906
3010000,297.67999267578125
3020000,302.5400085449219
3030000,303.82000732421875
3040000,293.3599853515625
3050000,284.32000732421875
3060000,289.5599975585937
3070000,286.0
3080000,287.29998779296875
3090000,290.4599914550781
3100000,290.3599853515625
3110000,290.7200012207031
3120000,286.8999938964844
3130000,291.6199951171875
3140000,285.6000061035156
3150000,271.1400146484375
3160000,286.7200012207031
3170000,296.1000061035156
3180000,285.17999267578125
3190000,291.0199890136719
3200000,307.0
3210000,314.6400146484375
3220000,291.8399963378906
3230000,287.79998779296875
3240000,300.5799865722656
3250000,300.4800109863281
3260000,310.8999938964844
3270000,299.5400085449219
3280000,279.760009765625
3290000,283.70001220703125
3300000,296.5799865722656
3310000,296.3599853515625
3320000,281.17999267578125
3330000,285.94000244140625
3340000,302.6600036621094
3350000,297.4200134277344
3360000,299.1000061035156
3370000,312.4800109863281
3380000,298.6199951171875
3390000,288.79998779296875
3400000,298.1000061035156
3410000,293.0799865722656
3420000,278.6000061035156
3430000,279.260009765625
3440000,293.79998779296875
3450000,299.739990234375
3460000,308.1600036621094
3470000,302.3800048828125
3480000,295.5
3490000,296.739990234375
3500000,286.94000244140625
3510000,291.5799865722656
3520000,306.260009765625
3530000,315.0599975585937
3540000,299.7799987792969
3550000,287.7799987792969
3560000,298.5
3570000,309.1600036621094
3580000,306.7200012207031
3590000,291.70001220703125
3600000,292.3599853515625
3610000,303.1000061035156
3620000,299.760009765625
3630000,292.5599975585937
3640000,296.3800048828125
3650000,301.4800109863281
3660000,299.8800048828125
3670000,299.0
3680000,308.3999938964844
3690000,306.4200134277344
3700000,297.6400146484375
3710000,300.1600036621094
3720000,307.5
3730000,293.5799865722656
3740000,287.9800109863281
3750000,305.70001220703125
3760000,296.8800048828125
3770000,290.0199890136719
3780000,292.7200012207031
3790000,289.760009765625
3800000,284.17999267578125
3810000,284.29998779296875
3820000,299.6199951171875
3830000,295.1000061035156
3840000,288.1199951171875
3850000,297.9599914550781
3860000,302.4599914550781
3870000,299.760009765625
3880000,302.3800048828125
3890000,293.1400146484375
3900000,299.0799865722656
3910000,315.5199890136719
3920000,305.2200012207031
3930000,297.20001220703125
3940000,303.3399963378906
3950000,305.8999938964844
3960000,297.0599975585937
3970000,304.0400085449219
3980000,304.29998779296875
3990000,310.1600036621094
4000000,317.7799987792969
4010000,310.8999938964844
4020000,310.6000061035156
4030000,304.4800109863281
4040000,303.79998779296875
4050000,306.0599975585937
4060000,309.1600036621094
4070000,302.7200012207031
4080000,302.0799865722656
4090000,306.8999938964844
4100000,293.5799865722656
4110000,297.32000732421875
4120000,312.2200012207031
4130000,298.8999938964844
4140000,298.7799987792969
4150000,309.5400085449219
4160000,308.1600036621094
4170000,310.70001220703125
4180000,309.7799987792969
4190000,311.5400085449219
4200000,295.70001220703125
4210000,296.94000244140625
4220000,311.82000732421875
4230000,315.9200134277344
4240000,314.6199951171875
4250000,297.5199890136719
4260000,298.2200012207031
4270000,307.1600036621094
4280000,304.70001220703125
4290000,311.5799865722656
4300000,311.8599853515625
4310000,312.6199951171875
4320000,319.9599914550781
4330000,303.70001220703125
4340000,300.7200012207031
4350000,302.5599975585937
4360000,305.3999938964844
4370000,308.1600036621094
4380000,305.17999267578125
4390000,315.6199951171875
4400000,312.7200012207031
4410000,314.3599853515625
4420000,310.3999938964844
4430000,298.4200134277344
4440000,295.0
4450000,296.3399963378906
4460000,300.6600036621094
4470000,304.0
4480000,302.739990234375
4490000,297.4800109863281
4500000,301.6000061035156
4510000,309.1000061035156
4520000,305.9599914550781
4530000,303.7200012207031
4540000,311.6600036621094
4550000,302.760009765625
4560000,289.7799987792969
4570000,299.8800048828125
4580000,318.1400146484375
4590000,316.1400146484375
4600000,310.4599914550781
4610000,306.6400146484375
4620000,297.4200134277344
4630000,304.1199951171875
4640000,316.760009765625
4650000,310.2200012207031
4660000,313.9800109863281
4670000,316.2799987792969
4680000,308.0599975585937
4690000,305.70001220703125
4700000,307.17999267578125
4710000,305.20001220703125
4720000,305.5
4730000,329.6600036621094
4740000,332.3599853515625
4750000,321.8999938964844
4760000,317.3399963378906
4770000,315.6000061035156
4780000,317.82000732421875
4790000,314.1000061035156
4800000,297.9200134277344
4810000,293.5
4820000,314.6000061035156
4830000,318.0799865722656
4840000,317.6600036621094
4850000,313.29998779296875
4860000,300.739990234375
4870000,297.1600036621094
4880000,302.82000732421875
4890000,317.1400146484375
4900000,313.739990234375
4910000,304.4800109863281
4920000,303.7200012207031
4930000,309.3399963378906
4940000,303.8999938964844
4950000,294.20001220703125
4960000,316.1000061035156
4970000,323.5400085449219
4980000,302.3399963378906
4990000,299.82000732421875
5000000,315.3800048828125
5010000,319.0199890136719
5020000,308.9200134277344
5030000,311.6600036621094
5040000,324.5799865722656
5050000,324.6400146484375
5060000,313.6600036621094
5070000,316.3399963378906
5080000,319.2799987792969
5090000,314.3800048828125
5100000,314.70001220703125
5110000,320.760009765625
5120000,315.4599914550781
5130000,302.760009765625
5140000,311.9200134277344
5150000,319.5
5160000,314.7200012207031
5170000,313.0799865722656
5180000,308.5199890136719
5190000,310.70001220703125
5200000,314.17999267578125
5210000,320.3999938964844
5220000,321.7200012207031
5230000,305.5
5240000,301.0599975585937
5250000,306.8800048828125
5260000,310.6600036621094
5270000,310.1000061035156
5280000,314.94000244140625
5290000,315.8399963378906
5300000,302.4599914550781
5310000,296.6000061035156
5320000,302.1400146484375
5330000,311.1600036621094
5340000,304.9800109863281
5350000,308.739990234375
5360000,311.1400146484375
5370000,295.6199951171875
5380000,310.8800048828125
5390000,328.0400085449219
5400000,315.29998779296875
5410000,315.1600036621094
5420000,325.32000732421875
5430000,320.2200012207031
5440000,319.4200134277344
5450000,320.6400146484375
5460000,310.760009765625
5470000,307.70001220703125
5480000,315.79998779296875
5490000,306.6199951171875
5500000,306.7799987792969
5510000,319.1600036621094
5520000,321.0400085449219
5530000,319.9800109863281
5540000,314.239990234375
5550000,308.6400146484375
5560000,305.1199951171875
5570000,310.32000732421875
5580000,322.2799987792969
5590000,314.8399963378906
5600000,311.5799865722656
5610000,319.5199890136719
5620000,320.5799865722656
5630000,314.9599914550781
5640000,305.17999267578125
5650000,300.4599914550781
5660000,300.0
5670000,302.0599975585937
5680000,308.8999938964844
5690000,316.3399963378906
5700000,316.67999267578125
5710000,316.44000244140625
5720000,314.9800109863281
5730000,318.0199890136719
5740000,323.4800109863281
5750000,320.82000732421875
5760000,318.7200012207031
5770000,324.239990234375
5780000,320.739990234375
5790000,302.17999267578125
5800000,314.0799865722656
5810000,326.5799865722656
5820000,320.4200134277344
5830000,330.79998779296875
5840000,334.20001220703125
5850000,328.1400146484375
5860000,327.5199890136719
5870000,325.8399963378906
5880000,318.4599914550781
5890000,317.760009765625
5900000,322.0599975585937
5910000,322.9200134277344
5920000,319.82000732421875
5930000,319.3599853515625
5940000,315.5599975585937
5950000,320.2200012207031
5960000,322.1000061035156
5970000,311.6400146484375
5980000,312.9200134277344
5990000,318.5
6000000,318.5
6010000,319.5199890136719
6020000,319.5400085449219
6030000,324.4599914550781
6040000,338.7200012207031
6050000,320.0
6060000,311.0400085449219
6070000,313.3599853515625
6080000,296.1000061035156
6090000,298.5400085449219
6100000,307.17999267578125
6110000,315.760009765625
6120000,314.6400146484375
6130000,309.5400085449219
6140000,313.79998779296875
6150000,312.5400085449219
6160000,301.4200134277344
6170000,310.0
6180000,313.29998779296875
6190000,300.0599975585937
6200000,303.1000061035156
6210000,306.67999267578125
6220000,317.9800109863281
6230000,324.20001220703125
6240000,322.8599853515625
6250000,318.5400085449219
6260000,305.0799865722656
6270000,310.82000732421875
6280000,324.1199951171875
6290000,313.6000061035156
6300000,306.4800109863281
6310000,310.8800048828125
6320000,317.17999267578125
6330000,316.8999938964844
6340000,322.2200012207031
6350000,324.44000244140625
6360000,315.1199951171875
6370000,322.8599853515625
6380000,324.7200012207031
6390000,323.9200134277344
6400000,326.3399963378906
6410000,327.67999267578125
6420000,327.6000061035156
6430000,318.8800048828125
6440000,311.7799987792969
6450000,319.17999267578125
6460000,314.5199890136719
6470000,307.2799987792969
6480000,309.1199951171875
6490000,305.5199890136719
6500000,313.4800109863281
6510000,317.20001220703125
6520000,316.9599914550781
6530000,320.79998779296875
6540000,314.739990234375
6550000,309.9599914550781
6560000,317.70001220703125
6570000,320.0599975585937
6580000,318.6199951171875
6590000,316.5199890136719
6600000,307.3599853515625
6610000,315.260009765625
6620000,326.70001220703125
6630000,316.0
6640000,309.44000244140625
6650000,320.9200134277344
6660000,307.5
6670000,303.44000244140625
6680000,314.3800048828125
6690000,306.260009765625
6700000,310.260009765625
6710000,314.1199951171875
6720000,309.6400146484375
6730000,313.1400146484375
6740000,318.8399963378906
6750000,311.0
6760000,299.1400146484375
6770000,310.1400146484375
6780000,312.17999267578125
6790000,313.5199890136719
6800000,321.1199951171875
6810000,326.4599914550781
6820000,323.0199890136719
6830000,307.9800109863281
6840000,312.79998779296875
6850000,323.0400085449219
6860000,321.8399963378906
6870000,308.8800048828125
6880000,313.4800109863281
6890000,321.3999938964844
6900000,320.0199890136719
6910000,319.5400085449219
6920000,320.8399963378906
6930000,321.4599914550781
6940000,315.8399963378906
6950000,322.67999267578125
6960000,327.5599975585937
6970000,326.7799987792969
6980000,322.6600036621094
6990000,320.5599975585937
7000000,312.7200012207031
7010000,309.760009765625
7020000,320.4200134277344
7030000,320.760009765625
7040000,320.0799865722656
7050000,321.6400146484375
7060000,321.82000732421875
7070000,318.0
7080000,314.70001220703125
7090000,314.8999938964844
7100000,314.239990234375
7110000,320.70001220703125
7120000,311.1000061035156
7130000,305.3999938964844
7140000,309.1600036621094
7150000,306.17999267578125
7160000,314.1400146484375
7170000,315.9599914550781
7180000,320.79998779296875
7190000,318.5599975585937
7200000,317.9800109863281
7210000,328.239990234375
7220000,331.8800048828125
7230000,325.67999267578125
7240000,319.0799865722656
7250000,323.9599914550781
7260000,329.3399963378906
7270000,329.17999267578125
7280000,333.260009765625
7290000,319.3999938964844
7300000,315.9800109863281
7310000,325.260009765625
7320000,318.760009765625
7330000,318.739990234375
7340000,319.70001220703125
7350000,318.3399963378906
7360000,304.17999267578125
7370000,308.6600036621094
7380000,309.739990234375
7390000,308.239990234375
7400000,310.0599975585937
7410000,315.5599975585937
7420000,333.3399963378906
7430000,323.0599975585937
7440000,323.2200012207031
7450000,324.4599914550781
7460000,319.7200012207031
7470000,321.8399963378906
7480000,317.4599914550781
7490000,310.94000244140625
7500000,313.8399963378906
7510000,319.3399963378906
7520000,323.2200012207031
7530000,318.5400085449219
7540000,317.17999267578125
7550000,320.3800048828125
7560000,317.1600036621094
7570000,322.0799865722656
7580000,316.67999267578125
7590000,313.1600036621094
7600000,313.760009765625
7610000,328.0799865722656
7620000,335.1199951171875
7630000,315.82000732421875
7640000,316.8800048828125
7650000,326.3599853515625
7660000,336.260009765625
7670000,325.5
7680000,312.1000061035156
7690000,315.8999938964844
7700000,319.9200134277344
7710000,326.29998779296875
7720000,325.239990234375
7730000,321.3999938964844
7740000,321.4599914550781
7750000,327.6199951171875
7760000,321.760009765625
7770000,305.5199890136719
7780000,310.9800109863281
7790000,321.2200012207031
7800000,324.8800048828125
7810000,318.44000244140625
7820000,314.4800109863281
7830000,323.29998779296875
7840000,327.3800048828125
7850000,325.6600036621094
7860000,318.32000732421875
7870000,327.67999267578125
7880000,326.1199951171875
7890000,317.5599975585937
7900000,325.29998779296875
7910000,331.1199951171875
7920000,324.0799865722656
7930000,325.1600036621094
7940000,337.8800048828125
7950000,326.94000244140625
7960000,314.239990234375
7970000,330.6199951171875
7980000,336.5799865722656
7990000,330.3399963378906
8000000,331.5400085449219
8010000,330.1000061035156
8020000,334.6199951171875
8030000,325.1600036621094
8040000,314.7200012207031
8050000,325.4200134277344
8060000,330.5599975585937
8070000,332.2200012207031
8080000,341.3599853515625
8090000,319.5799865722656
8100000,304.17999267578125
8110000,319.0400085449219
8120000,319.4599914550781
8130000,327.6400146484375
8140000,348.2200012207031
8150000,340.0799865722656
8160000,323.4800109863281
8170000,315.1600036621094
8180000,317.3999938964844
8190000,328.9800109863281
8200000,318.0400085449219
8210000,310.5599975585937
8220000,315.8800048828125
8230000,319.6600036621094
8240000,309.29998779296875
8250000,310.760009765625
8260000,329.760009765625
8270000,325.94000244140625
8280000,313.760009765625
8290000,323.3800048828125
8300000,325.82000732421875
8310000,321.4599914550781
8320000,316.3800048828125
8330000,309.3999938964844
8340000,324.1000061035156
8350000,326.0199890136719
8360000,326.8999938964844
8370000,329.6000061035156
8380000,322.0599975585937
8390000,323.8800048828125
8400000,326.94000244140625
8410000,322.44000244140625
8420000,315.0599975585937
8430000,302.8999938964844
8440000,307.1400146484375
8450000,334.17999267578125
8460000,339.5599975585937
8470000,322.6199951171875
8480000,318.239990234375
8490000,327.1000061035156
8500000,322.1400146484375
8510000,314.94000244140625
8520000,318.8800048828125
8530000,327.6600036621094
8540000,323.4200134277344
8550000,317.4200134277344
8560000,316.8999938964844
8570000,329.0199890136719
8580000,343.9800109863281
8590000,345.20001220703125
8600000,339.9599914550781
8610000,332.70001220703125
8620000,325.6400146484375
8630000,323.5199890136719
8640000,320.2200012207031
8650000,319.0599975585937
8660000,332.5199890136719
8670000,332.6000061035156
8680000,325.6400146484375
8690000,324.0799865722656
8700000,324.5799865722656
8710000,330.0400085449219
8720000,320.70001220703125
8730000,320.5799865722656
8740000,322.5
8750000,305.5
8760000,311.260009765625
8770000,325.44000244140625
8780000,332.70001220703125
8790000,326.0599975585937
8800000,318.9800109863281
8810000,325.0599975585937
8820000,324.6000061035156
8830000,326.4200134277344
8840000,324.4200134277344
8850000,319.32000732421875
8860000,322.3999938964844
8870000,319.5
8880000,324.3399963378906
8890000,324.70001220703125
8900000,318.32000732421875
8910000,312.67999267578125
8920000,317.8399963378906
8930000,329.0599975585937
8940000,335.0799865722656
8950000,334.9800109863281
8960000,331.6199951171875
8970000,337.29998779296875
8980000,335.9200134277344
8990000,334.5400085449219
9000000,332.4599914550781
9010000,325.17999267578125
9020000,331.3999938964844
9030000,333.5599975585937
9040000,325.0599975585937
9050000,324.3399963378906
9060000,323.6400146484375
9070000,327.1600036621094
9080000,326.94000244140625
9090000,315.94000244140625
9100000,319.70001220703125
9110000,325.5400085449219
9120000,334.3999938964844
9130000,342.5199890136719
9140000,328.3599853515625
9150000,314.1000061035156
9160000,326.1199951171875
9170000,335.739990234375
9180000,340.6400146484375
9190000,333.5400085449219
9200000,321.0799865722656
9210000,323.17999267578125
9220000,322.0
9230000,321.4599914550781
9240000,324.4800109863281
9250000,321.3999938964844
9260000,315.6400146484375
9270000,315.9200134277344
9280000,316.760009765625
9290000,317.1000061035156
9300000,319.8800048828125
9310000,327.79998779296875
9320000,326.0599975585937
9330000,327.29998779296875
9340000,324.0199890136719
9350000,314.1199951171875
9360000,319.3399963378906
9370000,330.0799865722656
9380000,332.3399963378906
9390000,331.6000061035156
9400000,338.1199951171875
9410000,342.4599914550781
9420000,340.4800109863281
9430000,328.5400085449219
9440000,328.94000244140625
9450000,339.7200012207031
9460000,338.6199951171875
9470000,329.0799865722656
9480000,319.5
9490000,321.2200012207031
9500000,329.1000061035156
9510000,327.5599975585937
9520000,323.8999938964844
9530000,326.9200134277344
9540000,321.20001220703125
9550000,326.5
9560000,336.0400085449219
9570000,339.3399963378906
9580000,332.8800048828125
9590000,326.5599975585937
9600000,323.6000061035156
9610000,318.239990234375
9620000,330.760009765625
9630000,333.3999938964844
9640000,323.6199951171875
9650000,323.7799987792969
9660000,320.20001220703125
9670000,331.4800109863281
9680000,332.0599975585937
9690000,319.0599975585937
9700000,333.0199890136719
9710000,335.17999267578125
9720000,325.9200134277344
9730000,330.70001220703125
9740000,324.6400146484375
9750000,318.3399963378906
9760000,322.8800048828125
9770000,326.3999938964844
9780000,318.4599914550781
9790000,314.1600036621094
9800000,330.70001220703125
9810000,336.17999267578125
9820000,334.5400085449219
9830000,330.17999267578125
9840000,325.7200012207031
9850000,323.6400146484375
9860000,319.8399963378906
9870000,316.4599914550781
9880000,326.44000244140625
9890000,331.1400146484375
9900000,326.2200012207031
9910000,336.1400146484375
9920000,317.5799865722656
9930000,309.5
9940000,313.8399963378906
9950000,317.44000244140625
9960000,329.760009765625
9970000,324.5400085449219
9980000,332.94000244140625
9990000,341.2200012207031
10000000,334.760009765625
10020000,310.1199951171875
10020200,309.17999267578125
10030000,303.8999938964844
10040000,291.4599914550781
10050000,311.8599853515625
10060000,315.9800109863281
10070000,299.79998779296875
10080000,296.1199951171875
10090000,304.4200134277344
10100000,312.2799987792969
10110000,313.260009765625
10120000,319.0599975585937
10130000,320.6600036621094
10140000,317.29998779296875
10150000,323.0
10160000,306.32000732421875
10170000,292.9200134277344
10180000,309.6199951171875
10190000,321.5400085449219
10200000,327.9800109863281
10210000,335.3999938964844
10220000,327.0199890136719
10230000,316.0599975585937
10240000,322.6199951171875
10250000,326.5
10260000,313.5199890136719
10270000,318.260009765625
10280000,330.79998779296875
10290000,327.70001220703125
10300000,319.0
10310000,328.1199951171875
10320000,338.17999267578125
10330000,329.3599853515625
10340000,328.739990234375
10350000,322.70001220703125
10360000,322.3999938964844
10370000,331.7200012207031
10380000,326.29998779296875
10390000,321.239990234375
10400000,318.5599975585937
10410000,318.79998779296875
10420000,329.260009765625
10430000,326.3399963378906
10440000,324.3800048828125
10450000,329.67999267578125
10460000,330.0400085449219
10470000,319.94000244140625
10480000,326.1199951171875
10490000,336.67999267578125
10500000,327.5599975585937
10510000,324.5
10520000,326.5599975585937
10530000,329.4800109863281
10540000,321.8399963378906
10550000,325.94000244140625
10560000,335.0400085449219
10570000,325.4599914550781
10580000,318.70001220703125
10590000,320.9200134277344
10600000,326.9200134277344
10610000,334.8599853515625
10620000,339.5799865722656
10630000,336.1400146484375
10640000,337.0
10650000,318.5599975585937
10660000,311.5199890136719
10670000,325.760009765625
10680000,327.0199890136719
10690000,332.7200012207031
10700000,337.3999938964844
10710000,330.8599853515625
10720000,329.0599975585937
10730000,332.8999938964844
10740000,326.3800048828125
10750000,330.4200134277344
10760000,330.3800048828125
10770000,326.3399963378906
10780000,326.4599914550781
10790000,332.1000061035156
10800000,331.2200012207031
10810000,325.6400146484375
10820000,314.6400146484375
10830000,306.1000061035156
10840000,326.7799987792969
10850000,332.3999938964844
10860000,331.7799987792969
10870000,332.1400146484375
10880000,322.67999267578125
10890000,321.6000061035156
10900000,325.5199890136719
10910000,328.3999938964844
10920000,322.8599853515625
10930000,320.8999938964844
10940000,317.20001220703125
10950000,323.760009765625
10960000,331.2799987792969
10970000,322.2799987792969
10980000,319.3399963378906
10990000,330.20001220703125
11000000,338.1600036621094
11010000,321.6000061035156
11020000,319.67999267578125
11030000,324.6199951171875
11040000,325.1199951171875
11050000,328.94000244140625
11060000,329.0599975585937
11070000,325.8800048828125
11080000,325.6000061035156
11090000,324.1000061035156
11100000,323.7200012207031
11110000,338.20001220703125
11120000,337.0599975585937
11130000,321.5400085449219
11140000,325.5
11150000,340.5199890136719
11160000,339.6199951171875
11170000,336.4599914550781
11180000,332.9599914550781
11190000,329.17999267578125
11200000,321.6000061035156
11210000,320.44000244140625
11220000,337.0599975585937
11230000,337.0199890136719
11240000,329.2200012207031
11250000,336.5799865722656
11260000,337.9599914550781
11270000,332.4200134277344
11280000,344.94000244140625
11290000,341.260009765625
11300000,325.1000061035156
11310000,338.7200012207031
11320000,338.0
11330000,325.1400146484375
11340000,328.8800048828125
11350000,320.67999267578125
11360000,310.29998779296875
11370000,313.5599975585937
11380000,324.94000244140625
11390000,325.4800109863281
11400000,321.4800109863281
11410000,322.1600036621094
11420000,313.82000732421875
11430000,330.3399963378906
11440000,341.70001220703125
11450000,326.5799865722656
11460000,325.239990234375
11470000,337.4800109863281
11480000,337.6400146484375
11490000,324.9599914550781
11500000,323.0400085449219
11510000,330.0199890136719
11520000,337.0599975585937
11530000,327.0
11540000,327.260009765625
11550000,337.3999938964844
11560000,326.8999938964844
11570000,311.82000732421875
11580000,314.4200134277344
11590000,320.6400146484375
11600000,316.3800048828125
11610000,320.9800109863281
11620000,326.0400085449219
11630000,328.3999938964844
11640000,335.32000732421875
11650000,332.9800109863281
11660000,334.1199951171875
11670000,333.67999267578125
11680000,339.5199890136719
11690000,343.32000732421875
11700000,338.6400146484375
11710000,335.70001220703125
11720000,326.0199890136719
11730000,335.4200134277344
11740000,341.44000244140625
11750000,335.79998779296875
11760000,338.0599975585937
11770000,335.8800048828125
11780000,337.0199890136719
11790000,345.20001220703125
11800000,337.29998779296875
11810000,333.3800048828125
11820000,329.0599975585937
11830000,325.0199890136719
11840000,330.6600036621094
11850000,318.3999938964844
11860000,324.1199951171875
11870000,341.5199890136719
11880000,344.44000244140625
11890000,349.4800109863281
11900000,347.5599975585937
11910000,344.2799987792969
11920000,333.760009765625
11930000,326.1400146484375
11940000,340.70001220703125
11950000,320.1000061035156
11960000,309.0799865722656
11970000,331.4800109863281
11980000,339.67999267578125
11990000,335.9200134277344
12000000,329.70001220703125
12010000,336.1600036621094
12020000,344.79998779296875
12030000,340.239990234375
12040000,332.6199951171875
12050000,341.0799865722656
12060000,340.739990234375
12070000,331.2799987792969
12080000,342.94000244140625
12090000,335.4200134277344
12100000,324.32000732421875
12110000,334.0400085449219
12120000,326.239990234375
12130000,325.0400085449219
12140000,330.1400146484375
12150000,342.20001220703125
12160000,343.79998779296875
12170000,334.739990234375
12180000,320.5400085449219
12190000,312.3800048828125
12200000,326.4599914550781
12210000,333.3800048828125
12220000,327.79998779296875
12230000,333.5
12240000,329.4800109863281
12250000,314.3999938964844
12260000,318.8399963378906
12270000,328.2200012207031
12280000,339.239990234375
12290000,332.8599853515625
12300000,327.5
12310000,331.2799987792969
12320000,326.5400085449219
12330000,331.9599914550781
12340000,333.760009765625
12350000,336.0
12360000,334.20001220703125
12370000,337.6000061035156
12380000,338.0199890136719
12390000,334.6199951171875
12400000,343.5199890136719
12410000,347.5400085449219
12420000,352.1000061035156
12430000,344.5
12440000,329.5400085449219
12450000,323.32000732421875
12460000,333.739990234375
12470000,347.5400085449219
12480000,344.5400085449219
12490000,334.4599914550781
12500000,330.9200134277344
12510000,329.44000244140625
12520000,330.4599914550781
12530000,337.6199951171875
12540000,331.9800109863281
12550000,330.0199890136719
12560000,338.8599853515625
12570000,333.5799865722656
12580000,323.4599914550781
12590000,323.6199951171875
12600000,330.3999938964844
12610000,327.4800109863281
12620000,320.44000244140625
12630000,323.4800109863281
12640000,330.760009765625
12650000,331.67999267578125
12660000,322.739990234375
12670000,309.1199951171875
12680000,314.82000732421875
12690000,322.79998779296875
12700000,336.79998779296875
12710000,351.67999267578125
12720000,339.32000732421875
12730000,332.7200012207031
12740000,335.3599853515625
12750000,343.82000732421875
12760000,346.760009765625
12770000,337.94000244140625
12780000,340.8999938964844
12790000,331.8599853515625
12800000,316.2799987792969
12810000,326.6400146484375
12820000,335.5
12830000,334.739990234375
12840000,338.1199951171875
12850000,335.3800048828125
12860000,334.3399963378906
12870000,335.7200012207031
12880000,332.7200012207031
12890000,320.760009765625
12900000,328.239990234375
12910000,343.3399963378906
12920000,338.9599914550781
12930000,344.5400085449219
12940000,330.5799865722656
12950000,329.20001220703125
12960000,340.32000732421875
12970000,333.1000061035156
12980000,331.3399963378906
12990000,331.3800048828125
13000000,334.260009765625
13010000,337.20001220703125
13020000,336.70001220703125
13030000,338.3800048828125
13040000,341.5199890136719
13050000,332.9200134277344
13060000,324.3800048828125
13070000,323.760009765625
13080000,327.1000061035156
13090000,327.5
13100000,336.5799865722656
13110000,339.5199890136719
13120000,335.5199890136719
13130000,341.6600036621094
13140000,344.3599853515625
13150000,341.739990234375
13160000,328.94000244140625
13170000,318.17999267578125
13180000,319.6600036621094
13190000,332.3599853515625
13200000,327.5199890136719
13210000,332.20001220703125
13220000,353.82000732421875
13230000,338.82000732421875
13240000,329.0400085449219
13250000,336.29998779296875
13260000,331.5199890136719
13270000,332.0400085449219
13280000,332.20001220703125
13290000,328.79998779296875
13300000,324.20001220703125
13310000,321.8800048828125
13320000,327.29998779296875
13330000,328.0599975585937
13340000,329.6400146484375
13350000,331.8399963378906
13360000,336.7200012207031
13370000,333.3999938964844
13380000,325.8599853515625
13390000,333.7799987792969
13400000,326.7200012207031
13410000,313.44000244140625
13420000,323.5599975585937
13430000,343.760009765625
13440000,342.9599914550781
13450000,343.760009765625
13460000,344.8800048828125
13470000,337.0599975585937
13480000,343.3599853515625
13490000,346.9200134277344
13500000,337.7799987792969
13510000,328.29998779296875
13520000,335.1199951171875
13530000,333.20001220703125
13540000,335.6199951171875
13550000,342.70001220703125
13560000,333.4599914550781
13570000,324.20001220703125
13580000,336.1600036621094
13590000,341.9200134277344
13600000,326.5599975585937
13610000,327.9599914550781
13620000,329.9200134277344
13630000,331.1400146484375
13640000,332.0599975585937
13650000,336.5799865722656
13660000,338.17999267578125
13670000,336.5799865722656
13680000,330.1000061035156
13690000,314.6199951171875
13700000,324.6199951171875
13710000,335.4599914550781
13720000,322.6199951171875
13730000,329.82000732421875
13740000,344.8599853515625
13750000,349.760009765625
13760000,349.8599853515625
13770000,337.7799987792969
13780000,341.9800109863281
13790000,343.0400085449219
13800000,339.7200012207031
13810000,321.1199951171875
13820000,315.0799865722656
13830000,337.79998779296875
13840000,351.20001220703125
13850000,350.3800048828125
13860000,333.6000061035156
13870000,326.9800109863281
13880000,334.7200012207031
13890000,338.4200134277344
13900000,334.3399963378906
13910000,332.7799987792969
13920000,328.5199890136719
13930000,319.0400085449219
13940000,319.67999267578125
13950000,333.3599853515625
13960000,339.5599975585937
13970000,329.739990234375
13980000,327.67999267578125
13990000,332.2799987792969
14000000,330.4800109863281
14010000,333.239990234375
14020000,335.5199890136719
14030000,341.1000061035156
14040000,344.7799987792969
14050000,351.239990234375
14060000,346.6600036621094
14070000,327.4599914550781
14080000,321.760009765625
14090000,329.0400085449219
14100000,346.17999267578125
14110000,341.4599914550781
14120000,324.0
14130000,318.9200134277344
14140000,330.5599975585937
14150000,346.239990234375
14160000,340.260009765625
14170000,344.0799865722656
14180000,345.6600036621094
14190000,335.7799987792969
14200000,336.5199890136719
14210000,341.3999938964844
14220000,337.8599853515625
14230000,329.5599975585937
14240000,331.32000732421875
14250000,343.70001220703125
14260000,340.79998779296875
14270000,335.5
14280000,341.94000244140625
14290000,340.9800109863281
14300000,334.760009765625
14310000,330.8599853515625
14320000,327.7200012207031
14330000,314.0
14340000,321.5
14350000,332.5199890136719
14360000,331.7200012207031
14370000,341.239990234375
14380000,335.9200134277344
14390000,335.0199890136719
14400000,346.67999267578125
14410000,346.9200134277344
14420000,341.3999938964844
14430000,331.1400146484375
14440000,329.2200012207031
14450000,321.8399963378906
14460000,327.29998779296875
14470000,336.4200134277344
14480000,336.0199890136719
14490000,340.8599853515625
14500000,331.3800048828125
14510000,327.8599853515625
14520000,342.0599975585937
14530000,332.4800109863281
14540000,318.32000732421875
14550000,333.3399963378906
14560000,343.5
14570000,339.7799987792969
14580000,345.32000732421875
14590000,344.67999267578125
14600000,321.0
14610000,315.29998779296875
14620000,337.79998779296875
14630000,344.0400085449219
14640000,334.17999267578125
14650000,347.4800109863281
14660000,354.32000732421875
14670000,343.0199890136719
14680000,345.8399963378906
14690000,349.1000061035156
14700000,345.5799865722656
14710000,340.5400085449219
14720000,335.2799987792969
14730000,326.1400146484375
14740000,328.82000732421875
14750000,342.5799865722656
14760000,341.1400146484375
14770000,338.8399963378906
14780000,324.5799865722656
14790000,318.5
14800000,334.8800048828125
14810000,343.1600036621094
14820000,350.44000244140625
14830000,347.1199951171875
14840000,345.8800048828125
14850000,346.7200012207031
14860000,350.6199951171875
14870000,347.8599853515625
14880000,340.4599914550781
14890000,344.760009765625
14900000,332.20001220703125
14910000,339.1199951171875
14920000,347.0599975585937
14930000,343.5199890136719
14940000,337.5599975585937
14950000,321.7200012207031
14960000,337.20001220703125
14970000,343.0599975585937
14980000,332.239990234375
14990000,340.6400146484375
15000000,340.8800048828125
15010000,335.0799865722656
15020000,335.5
15030000,336.3800048828125
15040000,338.6000061035156
15050000,332.0400085449219
15060000,326.5400085449219
15070000,329.5
15080000,323.6400146484375
15090000,329.4599914550781
15100000,335.67999267578125
15110000,333.82000732421875
15120000,331.20001220703125
15130000,326.79998779296875
15140000,328.20001220703125
15150000,322.5599975585937
15160000,332.4800109863281
15170000,337.8999938964844
15180000,322.67999267578125
15190000,330.239990234375
15200000,343.3399963378906
15210000,337.6199951171875
15220000,334.0
15230000,330.739990234375
15240000,324.1400146484375
15250000,332.4599914550781
15260000,342.32000732421875
15270000,339.8599853515625
15280000,342.8599853515625
15290000,335.9599914550781
15300000,324.8599853515625
15310000,333.7200012207031
15320000,335.44000244140625
15330000,325.17999267578125
15340000,330.17999267578125
15350000,336.0599975585937
15360000,324.7200012207031
15370000,328.5400085449219
15380000,336.3399963378906
15390000,343.9200134277344
15400000,346.739990234375
15410000,344.0799865722656
15420000,334.5
15430000,331.1400146484375
15440000,339.260009765625
15450000,336.3800048828125
15460000,334.4599914550781
15470000,334.94000244140625
15480000,326.9800109863281
15490000,317.8399963378906
15500000,332.5199890136719
15510000,341.8599853515625
15520000,345.3599853515625
15530000,347.8399963378906
15540000,343.260009765625
15550000,354.0400085449219
15560000,353.44000244140625
15570000,345.9599914550781
15580000,345.3999938964844
15590000,336.0799865722656
15600000,342.5599975585937
15610000,352.8599853515625
15620000,351.94000244140625
15630000,346.20001220703125
15640000,328.0199890136719
15650000,324.739990234375
15660000,336.6600036621094
15670000,339.8800048828125
15680000,343.44000244140625
15690000,345.67999267578125
15700000,342.0599975585937
15710000,346.0400085449219
15720000,351.5199890136719
15730000,347.5199890136719
15740000,338.79998779296875
15750000,342.8999938964844
15760000,337.6400146484375
15770000,322.67999267578125
15780000,329.79998779296875
15790000,339.6199951171875
15800000,341.4599914550781
15810000,342.0
15820000,343.0799865722656
15830000,342.760009765625
15840000,335.29998779296875
15850000,327.1400146484375
15860000,334.7200012207031
15870000,345.17999267578125
15880000,347.2200012207031
15890000,333.5799865722656
15900000,334.1600036621094
15910000,338.4200134277344
15920000,331.5599975585937
15930000,332.1000061035156
15940000,333.760009765625
15950000,339.760009765625
15960000,342.1000061035156
15970000,338.0
15980000,335.1000061035156
15990000,345.94000244140625
16000000,343.0799865722656
16010000,338.8800048828125
16020000,348.6000061035156
16030000,334.0599975585937
16040000,327.5
16050000,342.0799865722656
16060000,344.0799865722656
16070000,343.6600036621094
16080000,344.5799865722656
16090000,336.0799865722656
16100000,340.8999938964844
16110000,328.20001220703125
16120000,318.1199951171875
16130000,324.79998779296875
16140000,315.8999938964844
16150000,331.1199951171875
16160000,325.5400085449219
16170000,321.8399963378906
16180000,331.0599975585937
16190000,327.8800048828125
16200000,342.239990234375
16210000,348.260009765625
16220000,344.8999938964844
16230000,337.0400085449219
16240000,330.6000061035156
16250000,337.0400085449219
16260000,343.4800109863281
16270000,334.1000061035156
16280000,332.5199890136719
16290000,333.0199890136719
16300000,325.9200134277344
16310000,340.0599975585937
16320000,348.94000244140625
16330000,334.9800109863281
16340000,338.20001220703125
16350000,345.0
16360000,334.0
16370000,334.5
16380000,342.6600036621094
16390000,347.44000244140625
16400000,335.67999267578125
16410000,331.32000732421875
16420000,343.8599853515625
16430000,344.0799865722656
16440000,345.7799987792969
16450000,339.760009765625
16460000,340.8399963378906
16470000,342.760009765625
16480000,334.82000732421875
16490000,330.1400146484375
16500000,334.79998779296875
16510000,349.7799987792969
16520000,348.4200134277344
16530000,345.8800048828125
16540000,337.8599853515625
16550000,333.1600036621094
16560000,347.0799865722656
16570000,342.3800048828125
16580000,333.4599914550781
16590000,333.5799865722656
16600000,325.1000061035156
16610000,331.4800109863281
16620000,338.8999938964844
16630000,338.3399963378906
16640000,346.7200012207031
16650000,350.70001220703125
16660000,352.29998779296875
16670000,346.7200012207031
16680000,342.94000244140625
16690000,346.82000732421875
16700000,351.739990234375
16710000,352.8399963378906
16720000,341.70001220703125
16730000,341.4800109863281
16740000,342.29998779296875
16750000,337.6199951171875
16760000,350.0
16770000,354.9599914550781
16780000,351.1600036621094
16790000,347.5199890136719
16800000,337.8999938964844
16810000,342.32000732421875
16820000,340.3399963378906
16830000,334.6199951171875
16840000,345.4800109863281
16850000,349.4599914550781
16860000,345.4200134277344
16870000,350.239990234375
16880000,357.17999267578125
16890000,360.7799987792969
16900000,351.6000061035156
16910000,347.5
16920000,345.0599975585937
16930000,329.9200134277344
16940000,332.7200012207031
16950000,341.739990234375
16960000,343.1600036621094
16970000,343.5199890136719
16980000,342.3800048828125
16990000,332.1600036621094
17000000,334.0799865722656
17010000,346.5799865722656
17020000,340.3999938964844
17030000,334.6000061035156
17040000,329.67999267578125
17050000,336.6199951171875
17060000,348.760009765625
17070000,334.29998779296875
17080000,340.67999267578125
17090000,349.2200012207031
17100000,342.9599914550781
17110000,352.8599853515625
17120000,344.2799987792969
17130000,334.4200134277344
17140000,335.8599853515625
17150000,327.4599914550781
17160000,327.1600036621094
17170000,336.2200012207031
17180000,338.0400085449219
17190000,340.20001220703125
17200000,347.6400146484375
17210000,349.5199890136719
17240000,344.5400085449219
17250000,343.70001220703125
17260000,349.4599914550781
17270000,346.0799865722656
17280000,345.5199890136719
17290000,351.70001220703125
17300000,349.8800048828125
17310000,353.2799987792969
17320000,347.1600036621094
17330000,348.32000732421875
17340000,347.70001220703125
17350000,345.0599975585937
17360000,348.1600036621094
17370000,337.1600036621094
17380000,341.7200012207031
17390000,347.1000061035156
17400000,335.17999267578125
17410000,338.0199890136719
17420000,329.44000244140625
17430000,320.1199951171875
17440000,330.2799987792969
17450000,342.9599914550781
17460000,345.7200012207031
17470000,347.1199951171875
17480000,362.239990234375
17490000,358.2200012207031
17500000,352.9599914550781
17510000,357.0
17520000,351.4800109863281
17530000,356.0599975585937
17540000,345.7200012207031
17550000,331.70001220703125
17560000,333.1199951171875
17570000,333.5400085449219
17580000,342.239990234375
17590000,345.9800109863281
17600000,344.3399963378906
17610000,342.8999938964844
17620000,334.79998779296875
17630000,321.2799987792969
17640000,327.8999938964844
17650000,345.79998779296875
17660000,342.9200134277344
17670000,345.0400085449219
17680000,346.4200134277344
17690000,332.1000061035156
17700000,332.760009765625
17710000,348.8800048828125
17720000,345.7200012207031
17730000,331.9599914550781
17740000,328.0599975585937
17750000,328.82000732421875
17760000,333.9599914550781
17770000,333.3599853515625
17780000,337.1400146484375
17790000,337.8999938964844
17800000,329.7799987792969
17810000,330.17999267578125
17820000,336.1600036621094
17830000,343.4599914550781
17840000,339.1400146484375
17850000,330.32000732421875
17860000,340.6400146484375
17870000,342.29998779296875
17880000,344.17999267578125
17890000,345.3999938964844
17900000,337.6000061035156
17910000,341.0599975585937
17920000,342.44000244140625
17930000,346.1600036621094
17940000,354.8399963378906
17950000,347.4800109863281
17960000,338.1600036621094
17970000,346.6400146484375
17980000,345.67999267578125
17990000,345.5199890136719
18000000,357.239990234375
18010000,342.4800109863281
18020000,335.739990234375
18030000,349.0400085449219
18040000,344.3599853515625
18050000,338.3999938964844
18060000,348.0199890136719
18070000,360.5199890136719
18080000,358.8999938964844
18090000,341.2799987792969
18100000,341.5199890136719
18110000,354.29998779296875
18120000,339.20001220703125
18130000,336.4800109863281
18140000,334.94000244140625
18150000,324.29998779296875
18160000,336.6199951171875
18170000,344.3399963378906
18180000,339.0199890136719
18190000,344.70001220703125
18200000,346.4200134277344
18210000,352.0400085449219
18220000,340.6000061035156
18230000,324.3399963378906
18240000,338.94000244140625
18250000,345.0599975585937
18260000,346.0599975585937
18270000,349.9599914550781
18280000,342.4599914550781
18290000,337.67999267578125
18300000,347.4800109863281
18310000,347.3599853515625
18320000,338.4599914550781
18330000,348.20001220703125
18340000,347.739990234375
18350000,341.5599975585937
18360000,353.5199890136719
18370000,356.70001220703125
18380000,343.8599853515625
18390000,336.0400085449219
18400000,338.32000732421875
18410000,334.8999938964844
18420000,341.9599914550781
18430000,360.8200073242188
18440000,359.44000244140625
18450000,356.32000732421875
18460000,355.4200134277344
18470000,345.7799987792969
18480000,346.79998779296875
18490000,341.5
18500000,343.4800109863281
18510000,349.1600036621094
18520000,351.6400146484375
18530000,351.5400085449219
18540000,334.5
18550000,338.8999938964844
18560000,341.32000732421875
18570000,335.5400085449219
18580000,341.32000732421875
18590000,343.17999267578125
18600000,337.6600036621094
18610000,334.44000244140625
18620000,337.32000732421875
18630000,334.5400085449219
18640000,337.8599853515625
18650000,346.9599914550781
18660000,354.70001220703125
18670000,340.3599853515625
18680000,331.8599853515625
18690000,340.8399963378906
18700000,326.2799987792969
18710000,317.3800048828125
18720000,338.8399963378906
18730000,354.32000732421875
18740000,344.1600036621094
18750000,348.6400146484375
18760000,345.4599914550781
18770000,344.1400146484375
18780000,352.82000732421875
18790000,342.4800109863281
18800000,343.5
18810000,346.17999267578125
18820000,338.8800048828125
18830000,339.5400085449219
18840000,352.8599853515625
18850000,354.239990234375
18860000,347.760009765625
18870000,349.79998779296875
18880000,341.3800048828125
18890000,328.94000244140625
18900000,330.7200012207031
18910000,333.4200134277344
18920000,332.760009765625
18930000,348.1600036621094
18940000,358.6400146484375
18950000,353.4599914550781
18960000,348.17999267578125
18970000,346.3599853515625
18980000,352.1199951171875
18990000,351.5199890136719
19000000,344.4800109863281
19010000,349.8599853515625
19020000,347.8999938964844
19030000,336.5599975585937
19040000,338.8399963378906
19050000,348.760009765625
19060000,355.239990234375
19070000,358.8399963378906
19080000,353.5
19090000,349.4800109863281
19100000,347.6000061035156
19110000,342.1600036621094
19120000,335.5199890136719
19130000,334.3399963378906
19140000,342.7799987792969
19150000,350.7200012207031
19160000,357.5199890136719
19170000,349.0199890136719
19180000,347.20001220703125
19190000,353.3399963378906
19200000,351.70001220703125
19210000,356.5400085449219
19220000,351.7799987792969
19230000,351.6199951171875
19240000,352.6199951171875
19250000,345.5599975585937
19260000,345.6400146484375
19270000,341.1600036621094
19280000,342.29998779296875
19290000,333.5599975585937
19300000,325.9800109863281
19310000,328.0199890136719
19320000,336.70001220703125
19330000,350.5599975585937
19340000,343.0400085449219
19350000,329.760009765625
19360000,334.0400085449219
19370000,328.6600036621094
19380000,340.760009765625
19390000,346.739990234375
19400000,329.67999267578125
19410000,344.3599853515625
19420000,344.0400085449219
19430000,328.1400146484375
19440000,330.8599853515625
19450000,340.0599975585937
19460000,344.5199890136719
19470000,346.4200134277344
19480000,354.760009765625
19490000,351.17999267578125
19500000,333.17999267578125
19510000,331.3999938964844
19520000,336.5400085449219
19530000,344.3399963378906
19540000,347.1199951171875
19550000,344.44000244140625
19560000,343.0199890136719
19570000,347.5599975585937
19580000,355.5
19590000,358.32000732421875
19600000,355.3599853515625
19610000,356.29998779296875
19620000,338.82000732421875
19630000,331.0799865722656
19640000,362.4200134277344
19650000,341.3999938964844
19660000,329.6199951171875
19670000,364.6199951171875
19680000,362.3999938964844
19690000,351.70001220703125
19700000,354.2799987792969
19710000,335.44000244140625
19720000,330.7799987792969
19730000,345.2200012207031
19740000,343.82000732421875
19750000,351.5
19760000,348.6000061035156
19770000,343.1600036621094
19780000,353.9800109863281
19790000,349.17999267578125
19800000,353.5799865722656
19810000,349.6600036621094
19820000,345.3399963378906
19830000,351.0
19840000,347.8800048828125
19850000,347.4200134277344
19860000,350.8399963378906
19870000,341.20001220703125
19880000,331.82000732421875
19890000,334.67999267578125
19900000,343.0199890136719
19910000,351.32000732421875
19920000,349.44000244140625
19930000,357.8800048828125
19940000,350.3800048828125
19950000,332.739990234375
19960000,330.94000244140625
19970000,335.9800109863281
19980000,345.6000061035156
19990000,352.7200012207031
20000000,346.8399963378906
20010000,342.79998779296875
20020000,353.3599853515625
20030000,345.2200012207031
20040000,341.8399963378906
20050000,350.5799865722656
20060000,344.8399963378906
20070000,342.7200012207031
20080000,340.1000061035156
20090000,345.760009765625
20100000,348.6000061035156
20110000,346.5799865722656
20120000,353.8800048828125
20130000,348.1600036621094
20140000,341.79998779296875
20150000,333.2799987792969
20160000,326.0
20170000,340.9200134277344
20180000,348.7200012207031
20190000,335.260009765625
20200000,327.8599853515625
20210000,336.7200012207031
20220000,340.2799987792969
20230000,332.6600036621094
20240000,336.5799865722656
20250000,345.44000244140625
20260000,342.9200134277344
20270000,341.760009765625
20280000,340.9800109863281
20290000,341.8999938964844
20300000,345.8399963378906
20310000,341.5199890136719
20320000,339.8599853515625
20330000,347.7799987792969
20340000,339.94000244140625
20350000,346.3599853515625
20360000,349.5599975585937
20370000,345.3999938964844
20380000,355.17999267578125
20390000,356.2200012207031
20400000,341.2200012207031
20410000,336.1600036621094
20420000,348.79998779296875
20430000,350.1199951171875
20440000,350.4800109863281
20450000,357.0400085449219
20460000,360.9800109863281
20470000,344.6400146484375
20480000,329.5599975585937
20490000,333.5400085449219
20500000,340.29998779296875
20510000,345.6000061035156
20520000,348.6600036621094
20530000,334.8399963378906
20540000,327.4200134277344
20550000,330.94000244140625
20560000,340.5400085449219
20570000,342.6199951171875
20580000,331.94000244140625
20590000,334.32000732421875
20600000,345.3800048828125
20610000,353.2799987792969
20620000,356.5199890136719
20630000,358.32000732421875
20640000,352.3399963378906
20650000,350.239990234375
20660000,345.17999267578125
20670000,348.1400146484375
20680000,352.0799865722656
20690000,345.7799987792969
20700000,333.32000732421875
20710000,341.3999938964844
20720000,350.8399963378906
20730000,338.70001220703125
20740000,335.94000244140625
20750000,345.260009765625
20760000,354.5400085449219
20770000,344.3999938964844
20780000,328.8800048828125
20790000,329.3399963378906
20800000,338.1199951171875
20810000,348.6600036621094
20820000,354.3800048828125
20830000,354.1199951171875
20840000,363.5199890136719
20850000,354.2200012207031
20860000,343.1000061035156
20870000,355.2200012207031
20880000,358.32000732421875
20890000,340.0599975585937
20900000,332.8399963378906
20910000,340.0599975585937
20920000,337.94000244140625
20930000,340.44000244140625
20940000,338.8599853515625
20950000,335.5599975585937
20960000,340.4800109863281
20970000,347.7200012207031
20980000,344.9599914550781
20990000,342.1400146484375
21000000,349.1000061035156
21010000,346.6000061035156
21020000,346.94000244140625
21030000,353.8999938964844
21040000,354.3399963378906
21050000,347.8599853515625
21060000,350.7200012207031
21070000,354.6000061035156
21080000,338.4200134277344
21090000,340.20001220703125
21100000,347.6400146484375
21110000,337.32000732421875
21120000,330.3599853515625
21130000,339.8800048828125
21140000,356.6000061035156
21150000,354.4200134277344
21160000,347.9599914550781
21170000,349.1199951171875
21180000,342.0599975585937
21190000,341.8800048828125
21200000,356.3599853515625
21210000,338.1600036621094
21220000,333.9800109863281
21230000,339.8999938964844
21240000,332.3800048828125
21250000,353.0599975585937
21260000,360.7000122070313
21270000,349.3999938964844
21280000,344.2200012207031
21290000,338.7200012207031
21300000,349.3800048828125
21310000,349.6199951171875
21320000,348.260009765625
21330000,343.9599914550781
21340000,344.9200134277344
21350000,337.239990234375
21360000,329.4200134277344
21370000,339.20001220703125
21380000,338.6000061035156
21390000,338.2799987792969
21400000,337.8599853515625
21410000,336.6199951171875
21420000,341.67999267578125
21430000,355.4599914550781
21440000,345.1400146484375
21450000,330.9800109863281
21460000,342.0199890136719
21470000,352.17999267578125
21480000,344.739990234375
21490000,336.79998779296875
21500000,342.29998779296875
21510000,341.4800109863281
21520000,333.20001220703125
21530000,328.5400085449219
21540000,333.9200134277344
21550000,345.6600036621094
21560000,337.239990234375
21570000,339.739990234375
21580000,341.67999267578125
21590000,331.8999938964844
21600000,336.239990234375
21610000,346.0
21620000,336.260009765625
21630000,332.29998779296875
21640000,350.5
21650000,355.0
21660000,356.0799865722656
21670000,354.17999267578125
21680000,336.8599853515625
21690000,339.0599975585937
21700000,341.8800048828125
21710000,337.6000061035156
21720000,344.760009765625
21730000,355.8599853515625
21740000,344.4599914550781
21750000,336.6000061035156
21760000,348.8800048828125
21770000,336.6199951171875
21780000,339.79998779296875
21790000,350.8399963378906
21800000,345.1400146484375
21810000,349.3399963378906
21820000,341.9800109863281
21830000,334.44000244140625
21840000,342.760009765625
21850000,348.5
21860000,354.5400085449219
21870000,337.67999267578125
21880000,324.1000061035156
21890000,332.0599975585937
21900000,334.79998779296875
21910000,339.9800109863281
21920000,346.760009765625
21930000,346.7200012207031
21940000,354.44000244140625
21950000,358.739990234375
21960000,351.9599914550781
21970000,339.5
21980000,335.5400085449219
21990000,347.1199951171875
22000000,347.8399963378906
22010000,341.9200134277344
22020000,344.4200134277344
22030000,341.3399963378906
22040000,323.0599975585937
22050000,338.6000061035156
22060000,358.4200134277344
22070000,354.3399963378906
22080000,341.5599975585937
22090000,335.0799865722656
22100000,346.1600036621094
22110000,337.5799865722656
22120000,338.79998779296875
22130000,354.3800048828125
22140000,357.0
22150000,347.8999938964844
22160000,341.1199951171875
22170000,354.29998779296875
22180000,354.0199890136719
22190000,335.2200012207031
22200000,335.79998779296875
22210000,348.5799865722656
22220000,353.7799987792969
22230000,335.5
22240000,332.29998779296875
22250000,352.20001220703125
22260000,343.8399963378906
22270000,340.4800109863281
22280000,351.67999267578125
22290000,349.0199890136719
22300000,345.70001220703125
22310000,340.9599914550781
22320000,341.32000732421875
22330000,354.2200012207031
22340000,347.8399963378906
22350000,338.4200134277344
22360000,343.20001220703125
22370000,341.7799987792969
22380000,345.94000244140625
22390000,358.4599914550781
22400000,356.1600036621094
22410000,346.8999938964844
22420000,349.67999267578125
22430000,343.1600036621094
22440000,340.760009765625
22450000,352.739990234375
22460000,354.760009765625
22470000,357.6000061035156
22480000,341.6400146484375
22490000,343.32000732421875
22500000,355.239990234375
22510000,348.5199890136719
22520000,365.760009765625
22530000,367.1199951171875
22540000,352.29998779296875
22550000,339.760009765625
22560000,349.0799865722656
22570000,358.6600036621094
22580000,338.0400085449219
22590000,340.67999267578125
22600000,344.70001220703125
22610000,338.70001220703125
22620000,352.4599914550781
22630000,356.67999267578125
22640000,342.5
22650000,341.3999938964844
22660000,346.1199951171875
22670000,348.6400146484375
22680000,352.94000244140625
22690000,346.44000244140625
22700000,351.0599975585937
22710000,366.7799987792969
22720000,350.1199951171875
22730000,341.0
22740000,360.6199951171875
22750000,351.239990234375
22760000,348.4599914550781
22770000,344.3999938964844
22780000,324.9800109863281
22790000,323.79998779296875
22800000,339.6600036621094
22810000,353.739990234375
22820000,361.1600036621094
22830000,365.9599914550781
22840000,354.5799865722656
22850000,349.4800109863281
22860000,348.3399963378906
22870000,347.8599853515625
22880000,347.79998779296875
22890000,345.44000244140625
22900000,355.0
22910000,366.4400024414063
22920000,344.5400085449219
22930000,337.79998779296875
22940000,350.0199890136719
22950000,346.1199951171875
22960000,343.5199890136719
22970000,342.6199951171875
22980000,349.32000732421875
22990000,347.1400146484375
23000000,340.94000244140625
23010000,347.1600036621094
23020000,353.82000732421875
23030000,341.8599853515625
23040000,337.70001220703125
23050000,354.4800109863281
23060000,362.2799987792969
23070000,358.20001220703125
23080000,345.4599914550781
23090000,343.0
23100000,355.67999267578125
23110000,357.739990234375
23120000,361.8599853515625
23130000,367.0199890136719
23140000,354.1000061035156
23150000,351.1000061035156
23160000,351.0599975585937
23170000,340.6199951171875
23180000,345.4800109863281
23190000,349.94000244140625
23200000,346.67999267578125
23210000,350.0400085449219
23220000,347.5799865722656
23230000,334.760009765625
23240000,332.5
23250000,332.3999938964844
23260000,329.94000244140625
23270000,338.6199951171875
23280000,349.8399963378906
23290000,351.1199951171875
23300000,343.8800048828125
23310000,344.2200012207031
23320000,332.9200134277344
23330000,326.5400085449219
23340000,345.0
23350000,347.1000061035156
23360000,343.6000061035156
23370000,341.6600036621094
23380000,343.6000061035156
23390000,347.0199890136719
23400000,342.3800048828125
23410000,342.3800048828125
23420000,345.94000244140625
23430000,349.5400085449219
23440000,352.739990234375
23450000,341.1400146484375
23460000,351.8599853515625
23470000,346.1000061035156
23480000,323.70001220703125
23490000,336.5
23500000,350.2200012207031
23510000,363.1600036621094
23520000,361.7000122070313
23530000,351.0400085449219
23540000,348.2200012207031
23550000,354.5599975585937
23560000,362.1799926757813
23570000,359.6000061035156
23580000,355.760009765625
23590000,355.7200012207031
23600000,342.6000061035156
23610000,341.0599975585937
23620000,353.4599914550781
23630000,351.82000732421875
23640000,341.6199951171875
23650000,350.0799865722656
23660000,361.5799865722656
23670000,349.17999267578125
23680000,345.9200134277344
23690000,353.0400085449219
23700000,348.9200134277344
23710000,347.6600036621094
23720000,348.17999267578125
23730000,352.6400146484375
23740000,351.9200134277344
23750000,348.7200012207031
23760000,341.8399963378906
23770000,344.239990234375
23780000,354.739990234375
23790000,346.2200012207031
23800000,337.4599914550781
23810000,342.6000061035156
23820000,342.3399963378906
23830000,336.3800048828125
23840000,331.0799865722656
23850000,338.67999267578125
23860000,343.9599914550781
23870000,344.70001220703125
23880000,358.67999267578125
23890000,359.1000061035156
23900000,362.7200012207031
23910000,363.9800109863281
23920000,355.2200012207031
23930000,344.20001220703125
23940000,347.67999267578125
23950000,355.0799865722656
23960000,341.94000244140625
23970000,348.4200134277344
23980000,356.9200134277344
23990000,343.7799987792969
24000000,337.0799865722656
24010000,343.8800048828125
24020000,359.20001220703125
24030000,367.1600036621094
24040000,354.4599914550781
24050000,332.6400146484375
24060000,339.4599914550781
24070000,354.6600036621094
24080000,356.760009765625
24090000,344.5
24100000,339.8800048828125
24110000,346.5199890136719
24120000,350.94000244140625
24130000,356.79998779296875
24140000,349.44000244140625
24150000,338.760009765625
24160000,335.4800109863281
24170000,345.9800109863281
24180000,352.8399963378906
24190000,342.739990234375
24200000,351.70001220703125
24210000,355.6600036621094
24220000,350.4200134277344
24230000,355.8800048828125
24240000,342.3800048828125
24250000,335.7799987792969
24260000,356.1600036621094
24270000,372.1000061035156
24280000,362.760009765625
24290000,350.17999267578125
24300000,350.1600036621094
24310000,348.5799865722656
24320000,344.2799987792969
24330000,347.17999267578125
24340000,338.44000244140625
24350000,334.1400146484375
24360000,340.6400146484375
24370000,339.20001220703125
24380000,351.0
24390000,361.260009765625
24400000,352.82000732421875
24410000,345.239990234375
24420000,353.0400085449219
24430000,358.79998779296875
24440000,356.32000732421875
24450000,353.239990234375
24460000,351.3800048828125
24470000,358.0599975585937
24480000,360.6799926757813
24490000,350.1199951171875
24500000,341.0400085449219
24510000,346.5199890136719
24520000,349.1600036621094
24530000,351.5599975585937
24540000,352.6600036621094
24550000,349.1400146484375
24560000,346.2799987792969
24570000,343.9800109863281
24580000,350.79998779296875
24590000,346.6199951171875
24600000,347.4800109863281
24610000,354.6400146484375
24620000,361.9200134277344
24630000,365.4400024414063
24640000,360.7799987792969
24650000,359.0599975585937
24660000,341.1199951171875
24670000,342.8399963378906
24680000,352.9200134277344
24690000,341.7799987792969
24700000,341.6400146484375
24710000,355.9800109863281
24720000,365.05999755859375
24730000,351.8599853515625
24740000,342.9599914550781
24750000,339.5599975585937
24760000,342.8999938964844
24770000,347.70001220703125
24780000,354.0799865722656
24790000,360.739990234375
24800000,355.29998779296875
24810000,348.9200134277344
24820000,347.67999267578125
24830000,360.7000122070313
24840000,358.67999267578125
24850000,338.67999267578125
24860000,345.6400146484375
24870000,356.4599914550781
24880000,355.4599914550781
24890000,360.6400146484375
24900000,353.1600036621094
24910000,342.4200134277344
24920000,353.0799865722656
24930000,361.8800048828125
24940000,343.0799865722656
24950000,341.4200134277344
24960000,351.9800109863281
24970000,356.2200012207031
24980000,347.5400085449219
24990000,339.82000732421875
25000000,353.5199890136719
25010000,331.14
25020000,262.0
25030000,336.979591836735
25040000,320.76
25050000,346.28
25060000,346.12
25070000,354.88
25080000,350.96
25090000,342.8
25100000,344.52
25110000,351.4
25120000,338.2
25130000,368.68
25140000,356.84
25150000,341.6
25160000,335.08
25170000,349.48
25180000,347.84
25190000,329.6
25200000,348.52
25210000,358.4
25220000,335.84
25230000,330.24
25240000,347.4
25250000,338.84
25260000,363.2
25270000,336.2
25280000,373.8
25290000,335.4
25300000,335.16
25310000,354.6
25320000,376.6
25330000,351.4
25340000,335.84
25350000,347.92
25360000,354.16
25370000,357.12
25380000,356.64
25390000,329.04
25400000,368.44
25410000,377.16
25420000,357.04
25430000,353.04
25440000,351.16
25450000,360.56
25460000,351.96
25470000,352.44
25480000,353.6
25490000,357.8
25500000,343.08
25510000,355.96
25520000,340.92
25530000,346.12
25540000,349.64
25550000,340.12
25560000,335.08
25570000,350.36
25580000,344.8
25590000,349.24
25600000,354.04
25610000,343.24
25620000,357.08
25630000,360.6
25640000,347.6
25650000,362.32
25660000,356.8
25670000,355.2
25680000,353.44
25690000,352.16
25700000,346.2
25710000,357.88
25720000,341.48
25730000,345.24
25740000,345.72
25750000,351.2
25760000,360.64
25770000,361.96
25780000,344.88
25790000,351.64
25800000,345.04
25810000,331.68
25820000,352.76
25830000,356.72
25840000,344.52
25850000,350.44
25860000,364.96
25870000,324.24
25880000,337.6
25890000,330.16
25900000,371.28
25910000,350.4
25920000,368.08
25930000,350.08
25940000,366.72
25950000,362.2
25960000,340.28
25970000,344.28
25980000,355.04
25990000,339.76
26000000,326.24
26010000,359.04
26020000,343.48
26030000,348.48
26040000,347.24
26050000,361.4
26060000,343.72
26070000,358.24
26080000,356.92
26090000,358.16
26100000,368.28
26110000,340.6
26120000,353.72
26130000,340.56
26140000,342.88
26150000,325.28
26160000,342.88
26170000,351.36
26180000,343.52
26190000,360.0
26200000,328.4
26210000,350.48
26220000,348.28
26230000,354.92
26240000,360.92
26250000,363.68
26260000,353.04
26270000,354.76
26280000,346.48
26290000,334.28
26300000,352.28
26310000,361.84
26320000,353.04
26330000,354.12
26340000,352.36
26350000,342.8
26360000,360.24
26370000,356.2
26380000,334.36
26390000,349.96
26400000,368.44
26410000,348.56
26420000,336.96
26430000,352.6
26440000,370.76
26450000,360.68
26460000,365.12
26470000,356.56
26480000,355.2
26490000,350.08
26500000,345.24
26510000,362.48
26520000,338.88
26530000,340.0
26540000,341.12
26550000,348.36
26560000,349.4
26570000,326.92
26580000,360.44
26590000,340.84
26600000,338.44
26610000,356.28
26620000,342.56
26630000,357.92
26640000,361.44
26650000,375.56
26660000,337.48
26670000,342.12
26680000,340.08
26690000,344.2
26700000,332.16
26710000,358.88
26720000,343.28
26730000,340.36
26740000,336.6
26750000,345.6
26760000,357.2
26770000,351.64
26780000,367.6
26790000,340.6
26800000,350.56
26810000,333.52
26820000,342.28
26830000,353.72
26840000,330.12
26850000,353.2
26860000,340.72
26870000,364.96
26880000,332.92
26890000,344.08
26900000,361.16
26910000,353.36
26920000,344.0
26930000,359.56
26940000,337.88
26950000,342.24
26960000,347.4
26970000,366.2
26980000,358.04
26990000,334.92
27000000,346.24
27010000,342.52
27020000,343.48
27030000,363.24
27040000,343.48
27050000,354.24
27060000,352.56
27070000,344.44
27080000,375.36
27090000,319.88
27100000,348.36
27110000,328.64
27120000,360.08
27130000,371.6
27140000,356.88
27150000,355.8
27160000,353.08
27170000,346.56
27180000,347.08
27190000,342.48
27200000,330.04
27210000,357.4
27220000,332.08
27230000,348.96
27240000,362.0
27250000,357.2
27260000,337.68
27270000,344.44
27280000,357.28
27290000,356.28
27300000,343.68
27310000,348.2
27320000,333.76
27330000,351.8
27340000,355.24
27350000,343.08
27360000,345.12
27370000,366.72
27380000,340.8
27390000,355.36
27400000,368.08
27410000,339.72
27420000,337.92
27430000,351.56
27440000,362.44
27450000,368.56
27460000,341.92
27470000,358.72
27480000,352.76
27490000,346.76
27500000,347.28
27510000,349.44
27520000,356.96
27530000,351.04
27540000,349.92
27550000,367.0
27560000,336.32
27570000,370.84
27580000,378.4
27590000,342.04
27600000,344.6
27610000,347.04
27620000,347.28
27630000,322.8
27640000,361.36
27650000,355.12
27660000,351.56
27670000,353.8
27680000,350.16
27690000,369.04
27700000,342.52
27710000,354.68
27720000,335.12
27730000,353.76
27740000,336.36
27750000,350.84
27760000,326.12
27770000,344.8
27780000,344.76
27790000,345.44
27800000,338.92
27810000,353.12
27820000,363.84
27830000,340.08
27840000,363.68
27850000,351.04
27860000,359.76
27870000,352.36
27880000,349.0
27890000,344.52
27900000,337.08
27910000,334.12
27920000,332.72
27930000,343.4
27940000,348.72
27950000,359.44
27960000,335.84
27970000,344.24
27980000,325.32
27990000,333.8
28000000,359.96
28010000,355.44
28020000,345.08
28030000,353.08
28040000,339.72
28050000,335.64
28060000,350.92
28070000,359.92
28080000,355.16
28090000,346.24
28100000,342.16
28110000,365.96
28120000,353.4
28130000,350.64
28140000,332.64
28150000,341.52
28160000,363.76
28170000,369.84
28180000,335.24
28190000,343.16
28200000,330.52
28210000,345.4
28220000,358.6
28230000,346.52
28240000,359.24
28250000,361.8
28260000,359.12
28270000,319.64
28280000,362.16
28290000,334.36
28300000,366.24
28310000,356.4
28320000,356.64
28330000,339.32
28340000,356.4
28350000,354.68
28360000,349.32
28370000,350.4
28380000,339.36
28390000,329.48
28400000,369.6
28410000,348.88
28420000,334.24
28430000,367.84
28440000,350.16
28450000,332.12
28460000,376.64
28470000,345.36
28480000,350.32
28490000,353.08
28500000,340.12
28510000,332.84
28520000,360.8
28530000,358.04
28540000,356.92
28550000,352.44
28560000,339.6
28570000,347.88
28580000,344.84
28590000,358.0
28600000,345.28
28610000,330.64
28620000,345.88
28630000,349.72
28640000,347.2
28650000,334.4
28660000,365.76
28670000,345.04
28680000,344.76
28690000,362.44
28700000,363.8
28710000,343.96
28720000,358.64
28730000,368.88
28740000,323.24
28750000,362.4
28760000,366.88
28770000,352.36
28780000,353.4
28790000,355.64
28800000,368.76
28810000,341.0
28820000,342.64
28830000,337.32
28840000,369.12
28850000,356.08
28860000,334.0
28870000,358.2
28880000,358.76
28890000,365.08
28900000,343.04
28910000,345.72
28920000,359.24
28930000,354.4
28940000,355.32
28950000,368.28
28960000,350.92
28970000,355.36
28980000,371.72
28990000,351.88
29000000,371.32
29010000,363.2
29020000,359.68
29030000,347.6
29040000,343.88
29050000,360.16
29060000,345.08
29070000,340.76
29080000,348.16
29090000,340.4
29100000,361.44
29110000,351.04
29120000,343.08
29130000,344.4
29140000,354.48
29150000,354.6
29160000,335.8
29170000,357.12
29180000,359.64
29190000,365.52
29200000,355.24
29210000,341.96
29220000,374.32
29230000,351.16
29240000,339.04
29250000,366.72
29260000,344.76
29270000,351.52
29280000,338.64
29290000,347.88
29300000,343.04
29310000,353.84
29320000,364.48
29330000,346.88
29340000,359.28
29350000,339.4
29360000,360.12
29370000,347.08
29380000,352.96
29390000,357.84
29400000,362.96
29410000,317.8
29420000,352.04
29430000,339.04
29440000,337.08
29450000,375.92
29460000,358.24
29470000,371.28
29480000,368.6
29490000,348.8
29500000,347.92
29510000,369.08
29520000,328.84
29530000,366.24
29540000,332.84
29550000,357.64
29560000,352.28
29570000,372.76
29580000,359.16
29590000,339.2
29600000,358.32
29610000,354.48
29620000,351.32
29630000,360.52
29640000,348.64
29650000,354.44
29660000,345.72
29670000,356.88
29680000,369.68
29690000,347.88
29700000,365.04
29710000,366.2
29720000,340.96
29730000,346.4
29740000,362.08
29750000,360.56
29760000,342.12
29770000,360.56
29780000,359.84
29790000,354.52
29800000,361.28
29810000,328.88
29820000,344.96
29830000,370.32
29840000,347.92
29850000,353.52
29860000,338.68
29870000,348.88
29880000,365.96
29890000,344.84
29900000,360.04
29910000,356.76
29920000,350.76
29930000,349.2
29940000,351.36
29950000,334.32
29960000,349.76
29970000,354.16
29980000,358.68
29990000,371.6
30000000,356.84
30010000,352.52
30020000,376.24
30030000,339.72
30040000,358.8
30050000,329.4
30060000,354.88
30070000,342.96
30080000,353.8
30090000,340.32
30100000,307.48
30110000,346.16
30120000,342.2
30130000,365.68
30140000,362.6
30150000,360.48
30160000,356.36
30170000,354.4
30180000,351.04
30190000,345.4
30200000,360.52
30210000,356.24
30220000,352.08
30230000,354.2
30240000,356.04
30250000,334.2
30260000,333.8
30270000,362.72
30280000,366.36
30290000,367.4
30300000,356.0
30310000,338.64
30320000,348.8
30330000,372.76
30340000,345.32
30350000,371.0
30360000,327.6
30370000,343.88
30380000,367.56
30390000,363.0
30400000,353.72
30410000,372.32
30420000,360.36
30430000,350.0
30440000,369.52
30450000,356.56
30460000,354.8
30470000,342.76
30480000,365.0
30490000,343.68
30500000,344.88
30510000,348.68
30520000,355.8
30530000,353.36
30540000,368.32
30550000,337.6
30560000,338.32
30570000,330.88
30580000,341.28
30590000,377.24
30600000,343.04
30610000,347.64
30620000,351.08
30630000,357.52
30640000,376.04
30650000,357.52
30660000,330.64
30670000,369.0
30680000,369.92
30690000,369.24
30700000,357.0
30710000,344.44
30720000,342.24
30730000,361.16
30740000,343.96
30750000,357.52
30760000,358.92
30770000,360.8
30780000,347.0
30790000,361.44
30800000,358.84
30810000,349.56
30820000,336.0
30830000,346.4
30840000,334.32
30850000,368.6
30860000,352.0
30870000,342.76
30880000,357.28
30890000,353.76
30900000,361.44
30910000,350.2
30920000,355.48
30930000,374.12
30940000,375.84
30950000,351.32
30960000,363.8
30970000,364.72
30980000,345.2
30990000,341.52
31000000,334.04
31010000,355.96
31020000,351.12
31030000,319.16
31040000,353.88
31050000,358.12
31060000,364.28
31070000,390.56
31080000,354.88
31090000,350.84
31100000,348.4
31110000,363.48
31120000,365.76
31130000,349.28
31140000,338.52
31150000,345.92
31160000,348.08
31170000,346.44
31180000,361.04
31190000,366.84
31200000,328.96
31210000,362.48
31220000,326.96
31230000,357.88
31240000,356.0
31250000,334.4
31260000,345.88
31270000,353.72
31280000,340.68
31290000,357.44
31300000,358.0
31310000,356.96
31320000,349.08
31330000,368.0
31340000,352.36
31350000,362.04
31360000,343.56
31370000,335.16
31380000,352.12
31390000,357.24
31400000,361.04
31410000,338.84
31420000,341.92
31430000,349.72
31440000,348.64
31450000,354.28
31460000,357.52
31470000,339.76
31480000,364.04
31490000,330.36
31500000,348.28
31510000,357.76
31520000,370.56
31530000,346.16
31540000,354.76
31550000,361.36
31560000,345.6
31570000,372.44
31580000,361.56
31590000,360.08
31600000,353.12
31610000,344.12
31620000,359.56
31630000,343.28
31640000,351.64
31650000,350.16
31660000,356.0
31670000,341.76
31680000,338.92
31690000,328.04
31700000,347.96
31710000,372.04
31720000,360.04
31730000,354.36
31740000,349.76
31750000,348.72
31760000,364.56
31770000,353.28
31780000,353.68
31790000,347.4
31800000,347.0
31810000,352.56
31820000,379.16
31830000,355.2
31840000,355.36
31850000,364.44
31860000,364.76
31870000,346.88
31880000,365.32
31890000,345.08
31900000,351.64
31910000,349.6
31920000,365.28
31930000,348.28
31940000,356.32
31950000,349.0
31960000,357.76
31970000,329.76
31980000,352.52
31990000,350.4
32000000,361.36
32010000,358.88
32020000,328.48
32030000,333.72
32040000,359.64
32050000,315.16
32060000,354.12
32070000,342.52
32080000,342.6
32090000,355.52
32100000,355.56
32110000,359.76
32120000,366.2
32130000,365.72
32140000,350.04
32150000,369.76
32160000,369.8
32170000,353.84
32180000,344.6
32190000,361.36
32200000,341.36
32210000,345.12
32220000,352.6
32230000,340.84
32240000,361.44
32250000,364.96
32260000,357.48
32270000,353.84
32280000,351.36
32290000,354.28
32300000,347.8
32310000,337.88
32320000,347.04
32330000,357.32
32340000,356.44
32350000,362.44
32360000,351.84
32370000,366.28
32380000,332.12
32390000,342.92
32400000,346.04
32410000,362.72
32420000,353.32
32430000,348.88
32440000,349.24
32450000,343.16
32460000,360.08
32470000,360.28
32480000,344.32
32490000,343.68
32500000,361.48
32510000,369.8
32520000,335.52
32530000,365.52
32540000,351.2
32550000,347.96
32560000,355.56
32570000,339.6
32580000,337.4
32590000,345.28
32600000,355.04
32610000,362.88
32620000,359.0
32630000,351.72
32640000,342.4
32650000,347.44
32660000,354.16
32670000,348.64
32680000,366.96
32690000,346.96
32700000,350.04
32710000,336.0
32720000,358.16
32730000,345.76
32740000,342.8
32750000,334.28
32760000,340.44
32770000,354.8
32780000,347.32
32790000,349.08
32800000,355.04
32810000,366.04
32820000,361.88
32830000,347.32
32840000,350.04
32850000,361.64
32860000,327.08
32870000,355.4
32880000,332.88
32890000,344.96
32900000,356.64
32910000,343.24
32920000,345.08
32930000,337.56
32940000,358.56
32950000,336.24
32960000,336.16
32970000,353.0
32980000,351.0
32990000,326.08
33000000,329.88
33010000,351.76
33020000,353.24
33030000,357.84
33040000,349.6
33050000,355.28
33060000,360.84
33070000,361.76
33080000,350.4
33090000,351.96
33100000,363.16
33110000,358.16
33120000,360.8
33130000,350.56
33140000,351.32
33150000,366.92
33160000,353.16
33170000,331.08
33180000,369.48
33190000,348.0
33200000,335.08
33210000,368.16
33220000,338.44
33230000,341.48
33240000,340.56
33250000,353.36
33260000,339.48
33270000,360.48
33280000,353.24
33290000,354.0
33300000,363.48
33310000,355.4
33320000,355.44
33330000,352.64
33340000,361.64
33350000,342.24
33360000,335.24
33370000,350.12
33380000,363.28
33390000,361.8
33400000,345.2
33410000,349.04
33420000,333.84
33430000,354.48
33440000,353.76
33450000,367.88
33460000,357.84
33470000,340.44
33480000,348.44
33490000,342.36
33500000,354.28
33510000,347.72
33520000,348.36
33530000,344.76
33540000,350.88
33550000,341.6
33560000,349.2
33570000,351.24
33580000,353.28
33590000,352.52
33600000,351.92
33610000,349.4
33620000,368.32
33630000,357.68
33640000,355.4
33650000,343.36
33660000,351.72
33670000,356.52
33680000,350.84
33690000,356.16
33700000,360.28
33710000,360.04
33720000,334.44
33730000,341.36
33740000,350.68
33750000,354.0
33760000,352.0
33770000,350.56
33780000,350.12
33790000,363.48
33800000,345.8
33810000,328.92
33820000,348.48
33830000,381.04
33840000,363.76
33850000,358.08
33860000,357.2
33870000,368.32
33880000,370.92
33890000,356.88
33900000,337.72
33910000,363.48
33920000,350.72
33930000,354.2
33940000,358.44
33950000,337.76
33960000,365.48
33970000,347.28
33980000,359.48
33990000,352.24
34000000,352.6
34010000,341.24
34020000,363.96
34030000,332.08
34040000,345.8
34050000,348.36
34060000,339.32
34070000,352.88
34080000,333.16
34090000,367.28
34100000,342.72
34110000,353.96
34120000,350.8
34130000,362.08
34140000,331.32
34150000,347.92
34160000,355.52
34170000,346.48
34180000,341.84
34190000,330.12
34200000,342.56
34210000,352.12
34220000,354.88
34230000,333.4
34240000,359.56
34250000,347.0
34260000,332.68
34270000,377.56
34280000,349.12
34290000,356.92
34300000,356.84
34310000,372.36
34320000,345.76
34330000,360.56
34340000,359.8
34350000,341.52
34360000,337.12
34370000,344.96
34380000,349.36
34390000,332.24
34400000,363.68
34410000,342.0
34420000,324.92
34430000,353.8
34440000,362.16
34450000,369.16
34460000,349.92
34470000,330.72
34480000,348.72
34490000,347.56
34500000,351.28
34510000,345.64
34520000,349.0
34530000,349.12
34540000,355.28
34550000,359.72
34560000,360.72
34570000,354.64
34580000,362.12
34590000,355.76
34600000,358.92
34610000,347.96
34620000,359.44
34630000,354.44
34640000,356.88
34650000,361.4
34660000,339.96
34670000,347.0
34680000,360.36
34690000,374.08
34700000,364.04
34710000,346.56
34720000,348.36
34730000,335.12
34740000,341.04
34750000,365.24
34760000,347.8
34770000,357.84
34780000,349.8
34790000,363.48
34800000,360.28
34810000,362.32
34820000,360.92
34830000,345.04
34840000,355.72
34850000,349.56
34860000,341.6
34870000,359.76
34880000,342.12
34890000,350.28
34900000,366.52
34910000,362.36
34920000,354.8
34930000,353.84
34940000,348.84
34950000,348.32
34960000,361.96
34970000,353.44
34980000,356.4
34990000,361.52
35000000,336.24
35010000,366.4
35020000,364.92
35030000,345.48
35040000,366.16
35050000,340.72
35060000,348.32
35070000,355.6
35080000,351.12
35090000,351.24
35100000,370.96
35110000,342.92
35120000,339.12
35130000,346.08
35140000,337.84
35150000,332.84
35160000,345.52
35170000,344.04
35180000,364.76
35190000,337.4
35200000,356.72
35210000,341.68
35220000,340.84
35230000,353.96
35240000,351.56
35250000,356.36
35260000,347.72
35270000,351.76
35280000,338.12
35290000,356.32
35300000,374.0
35310000,368.8
35320000,362.0
35330000,350.88
35340000,361.28
35350000,356.28
35360000,337.4
35370000,372.04
35380000,357.88
35390000,375.32
35400000,343.72
35410000,359.08
35420000,363.44
35430000,370.6
35440000,351.0
35450000,358.88
35460000,358.04
35470000,320.44
35480000,347.16
35490000,345.84
35500000,356.4
35510000,353.6
35520000,350.48
35530000,333.44
35540000,375.32
35550000,367.44
35560000,349.48
35570000,348.52
35580000,352.44
35590000,355.04
35600000,368.04
35610000,341.4
35620000,346.8
35630000,356.24
35640000,346.52
35650000,337.32
35660000,359.28
35670000,346.44
35680000,370.64
35690000,357.6
35700000,343.92
35710000,356.08
35720000,326.28
35730000,351.96
35740000,342.08
35750000,362.56
35760000,337.04
35770000,345.12
35780000,336.2
35790000,357.08
35800000,359.24
35810000,348.8
35820000,352.92
35830000,374.28
35840000,332.92
35850000,353.84
35860000,355.6
35870000,350.6
35880000,349.6
35890000,336.88
35900000,361.76
35910000,338.24
35920000,345.84
35930000,337.2
35940000,321.6
35950000,328.8
35960000,369.32
35970000,346.76
35980000,364.84
35990000,363.12
36000000,351.36
36010000,360.84
36020000,351.2
36030000,355.68
36040000,318.28
36050000,357.88
36060000,362.8
36070000,338.72
36080000,354.88
36090000,350.72
36100000,339.2
36110000,350.92
36120000,354.96
36130000,366.24
36140000,357.32
36150000,363.84
36160000,352.16
36170000,336.32
36180000,354.24
36190000,359.12
36200000,338.28
36210000,345.56
36220000,352.6
36230000,326.84
36240000,368.12
36250000,346.2
36260000,365.44
36270000,352.92
36280000,345.88
36290000,374.92
36300000,353.32
36310000,357.72
36320000,348.8
36330000,374.48
36340000,364.04
36350000,357.96
36360000,361.12
36370000,338.32
36380000,366.12
36390000,363.56
36400000,369.64
36410000,356.52
36420000,373.56
36430000,357.92
36440000,361.04
36450000,365.4
36460000,380.2
36470000,345.0
36480000,371.52
36490000,363.04
36500000,339.88
36510000,376.52
36520000,355.68
36530000,352.92
36540000,359.48
36550000,350.48
36560000,380.68
36570000,365.48
36580000,366.92
36590000,368.08
36600000,357.92
36610000,365.72
36620000,355.24
36630000,360.72
36640000,342.96
36650000,355.84
36660000,362.92
36670000,357.84
36680000,367.96
36690000,365.88
36700000,339.0
36710000,362.0
36720000,357.2
36730000,347.96
36740000,365.6
36750000,358.12
36760000,362.64
36770000,334.16
36780000,371.16
36790000,346.84
36800000,353.48
36810000,341.0
36820000,350.8
36830000,354.6
36840000,365.6
36850000,362.28
36860000,355.36
36870000,350.0
36880000,373.4
36890000,359.24
36900000,360.64
36910000,366.96
36920000,365.96
36930000,344.64
36940000,372.08
36950000,350.76
36960000,346.16
36970000,353.92
36980000,338.52
36990000,370.36
37000000,364.6
37010000,345.72
37020000,356.32
37030000,356.56
37040000,358.68
37050000,372.76
37060000,355.88
37070000,360.6
37080000,352.84
37090000,360.36
37100000,347.8
37110000,344.84
37120000,350.92
37130000,366.16
37140000,340.04
37150000,356.48
37160000,363.04
37170000,352.6
37180000,365.0
37190000,365.88
37200000,353.64
37210000,351.12
37220000,351.96
37230000,362.72
37240000,370.76
37250000,343.12
37260000,363.28
37270000,345.12
37280000,365.24
37290000,335.36
37300000,348.92
37310000,348.76
37320000,366.8
37330000,362.0
37340000,353.52
37350000,359.44
37360000,366.72
37370000,365.04
37380000,351.76
37390000,346.88
37400000,347.68
37410000,344.36
37420000,342.76
37430000,367.28
37440000,360.76
37450000,358.84
37460000,368.96
37470000,369.48
37480000,350.16
37490000,369.44
37500000,363.12
37510000,334.24
37520000,358.96
37530000,348.24
37540000,361.96
37550000,358.28
37560000,377.8
37570000,355.28
37580000,332.16
37590000,376.88
37600000,336.6
37610000,367.56
37620000,339.4
37630000,342.4
37640000,366.24
37650000,353.6
37660000,343.4
37670000,369.08
37680000,345.68
37690000,337.12
37700000,355.44
37710000,359.48
37720000,350.12
37730000,354.24
37740000,361.04
37750000,372.64
37760000,326.8
37770000,359.96
37780000,343.76
37790000,354.76
37800000,335.0
37810000,349.04
37820000,351.92
37830000,355.8
37840000,353.2
37850000,348.0
37860000,343.24
37870000,346.88
37880000,335.44
37890000,350.88
37900000,348.04
37910000,356.96
37920000,355.84
37930000,354.8
37940000,356.16
37950000,366.36
37960000,325.68
37970000,384.76
37980000,369.44
37990000,342.24
38000000,344.48
38010000,357.04
38020000,362.0
38030000,369.72
38040000,354.4
38050000,379.64
38060000,355.28
38070000,367.64
38080000,357.56
38090000,349.48
38100000,371.88
38110000,356.4
38120000,362.56
38130000,350.04
38140000,365.64
38150000,362.72
38160000,363.6
38170000,341.96
38180000,353.12
38190000,358.4
38200000,344.44
38210000,364.36
38220000,354.56
38230000,352.76
38240000,354.52
38250000,343.52
38260000,340.6
38270000,343.08
38280000,347.64
38290000,372.24
38300000,364.12
38310000,371.8
38320000,338.52
38330000,377.24
38340000,367.76
38350000,365.68
38360000,380.16
38370000,362.28
38380000,369.04
38390000,349.44
38400000,338.4
38410000,349.68
38420000,354.16
38430000,352.88
38440000,356.52
38450000,345.56
38460000,343.08
38470000,364.96
38480000,358.44
38490000,367.12
38500000,382.08
38510000,375.68
38520000,329.04
38530000,351.64
38540000,358.92
38550000,342.72
38560000,350.96
38570000,352.16
38580000,367.48
38590000,336.8
38600000,363.84
38610000,341.84
38620000,342.6
38630000,331.44
38640000,359.88
38650000,355.16
38660000,362.08
38670000,361.12
38680000,371.48
38690000,345.08
38700000,354.64
38710000,357.88
38720000,357.92
38730000,361.72
38740000,371.6
38750000,324.48
38760000,338.36
38770000,353.84
38780000,335.44
38790000,360.08
38800000,363.96
38810000,345.12
38820000,337.04
38830000,351.84
38840000,353.32
38850000,358.12
38860000,369.92
38870000,351.04
38880000,346.2
38890000,342.44
38900000,374.64
38910000,352.56
38920000,346.92
38930000,363.64
38940000,332.16
38950000,345.04
38960000,356.52
38970000,327.72
38980000,346.08
38990000,361.8
39000000,369.32
39010000,361.52
39020000,344.92
39030000,323.16
39040000,358.48
39050000,354.8
39060000,345.44
39070000,355.84
39080000,331.2
39090000,343.16
39100000,364.44
39110000,360.52
39120000,326.0
39130000,366.92
39140000,342.6
39150000,324.88
39160000,356.72
39170000,364.68
39180000,344.72
39190000,365.16
39200000,355.08
39210000,366.04
39220000,341.16
39230000,357.2
39240000,357.84
39250000,327.24
39260000,331.28
39270000,350.92
39280000,366.56
39290000,339.76
39300000,347.44
39310000,363.04
39320000,365.56
39330000,371.68
39340000,354.56
39350000,357.52
39360000,358.36
39370000,347.8
39380000,368.44
39390000,361.4
39400000,357.04
39410000,352.0
39420000,337.8
39430000,377.36
39440000,357.72
39450000,362.96
39460000,355.32
39470000,352.36
39480000,346.72
39490000,338.0
39500000,354.2
39510000,370.36
39520000,362.32
39530000,364.08
39540000,371.2
39550000,364.92
39560000,352.6
39570000,367.4
39580000,359.24
39590000,375.92
39600000,369.2
39610000,360.92
39620000,353.84
39630000,383.96
39640000,345.6
39650000,357.08
39660000,361.0
39670000,366.08
39680000,366.84
39690000,350.44
39700000,380.52
39710000,371.96
39720000,345.56
39730000,334.48
39740000,351.32
39750000,356.68
39760000,368.0
39770000,343.64
39780000,353.64
39790000,347.88
39800000,365.12
39810000,339.24
39820000,380.0
39830000,361.28
39840000,355.2
39850000,362.6
39860000,360.2
39870000,351.96
39880000,383.0
39890000,373.2
39900000,356.36
39910000,368.36
39920000,356.56
39930000,361.56
39940000,353.2
39950000,362.32
39960000,340.0
39970000,370.0
39980000,344.64
39990000,361.6
40000000,344.8
40010000,330.56
40020000,368.8
40030000,340.84
40040000,359.56
40050000,358.72
40060000,348.4
40070000,352.72
40080000,371.4
40090000,345.68
40100000,339.32
40110000,351.32
40120000,364.52
40130000,344.44
40140000,359.12
40150000,355.8
40160000,348.2
40170000,352.2
40180000,339.6
40190000,352.16
40200000,370.88
40210000,375.8
40220000,346.6
40230000,377.24
40240000,340.24
40250000,366.28
40260000,347.52
40270000,358.12
40280000,349.44
40290000,372.2
40300000,362.48
40310000,345.8
40320000,366.56
40330000,355.68
40340000,354.0
40350000,372.36
40360000,368.48
40370000,358.52
40380000,374.36
40390000,367.84
40400000,362.56
40410000,373.24
40420000,360.2
40430000,373.32
40440000,376.6
40450000,350.96
40460000,353.84
40470000,367.28
40480000,359.12
40490000,372.24
40500000,375.4
40510000,335.92
40520000,361.28
40530000,359.44
40540000,342.28
40550000,348.08
40560000,354.44
40570000,368.8
40580000,353.16
40590000,352.2
40600000,353.6
40610000,348.24
40620000,371.16
40630000,367.72
40640000,363.48
40650000,363.8
40660000,339.32
40670000,380.56
40680000,351.56
40690000,381.04
40700000,363.56
40710000,354.32
40720000,366.8
40730000,370.92
40740000,356.24
40750000,373.6
40760000,355.44
40770000,370.0
40780000,333.68
40790000,369.92
40800000,361.92
40810000,336.2
40820000,367.0
40830000,355.0
40840000,371.84
40850000,353.6
40860000,361.48
40870000,352.24
40880000,354.44
40890000,342.84
40900000,361.8
40910000,361.4
40920000,339.72
40930000,357.16
40940000,355.56
40950000,350.2
40960000,364.72
40970000,355.44
40980000,363.04
40990000,372.08
41000000,367.76
41010000,367.6
41020000,376.48
41030000,362.92
41040000,387.28
41050000,333.28
41060000,362.2
41070000,358.92
41080000,365.28
41090000,364.92
41100000,356.64
41110000,355.96
41120000,354.8
41130000,375.0
41140000,349.44
41150000,369.28
41160000,333.2
41170000,339.2
41180000,378.0
41190000,372.8
41200000,356.04
41210000,338.48
41220000,351.24
41230000,361.4
41240000,350.24
41250000,369.52
41260000,340.56
41270000,381.04
41280000,364.6
41290000,366.16
41300000,360.88
41310000,346.64
41320000,358.24
41330000,363.16
41340000,349.88
41350000,362.0
41360000,338.88
41370000,367.88
41380000,336.52
41390000,348.76
41400000,364.84
41410000,368.36
41420000,330.24
41430000,361.44
41440000,352.76
41450000,368.28
41460000,372.84
41470000,357.52
41480000,361.72
41490000,366.4
41500000,371.96
41510000,356.36
41520000,354.72
41530000,356.04
41540000,359.04
41550000,366.72
41560000,354.72
41570000,357.0
41580000,359.4
41590000,376.88
41600000,371.4
41610000,356.32
41620000,362.92
41630000,341.12
41640000,358.2
41650000,348.0
41660000,376.2
41670000,371.28
41680000,371.52
41690000,367.36
41700000,360.52
41710000,355.28
41720000,352.88
41730000,366.16
41740000,370.16
41750000,369.6
41760000,370.36
41770000,368.4
41780000,364.04
41790000,352.88
41800000,362.2
41810000,369.2
41820000,352.0
41830000,363.12
41840000,370.08
41850000,352.64
41860000,351.92
41870000,361.56
41880000,374.4
41890000,347.6
41900000,367.04
41910000,353.52
41920000,366.72
41930000,357.04
41940000,359.32
41950000,377.6
41960000,366.76
41970000,362.28
41980000,339.8
41990000,357.72
42000000,337.28
42010000,346.48
42020000,338.36
42030000,358.04
42040000,342.56
42050000,368.76
42060000,366.08
42070000,353.2
42080000,365.04
42090000,364.88
42100000,362.96
42110000,341.92
42120000,363.52
42130000,349.48
42140000,367.68
42150000,364.52
42160000,361.2
42170000,356.0
42180000,361.64
42190000,362.48
42200000,376.36
42210000,344.64
42220000,367.28
42230000,363.6
42240000,355.28
42250000,358.8
42260000,369.88
42270000,380.88
42280000,354.44
42290000,346.2
42300000,356.4
42310000,353.4
42320000,370.32
42330000,353.4
42340000,371.64
42350000,378.32
42360000,365.24
42370000,365.2
42380000,368.64
42390000,333.12
42400000,336.84
42410000,351.76
42420000,354.88
42430000,373.68
42440000,326.32
42450000,358.12
42460000,347.44
42470000,355.28
42480000,336.4
42490000,355.12
42500000,361.76
42510000,364.2
42520000,371.68
42530000,360.4
42540000,349.0
42550000,369.4
42560000,364.0
42570000,358.28
42580000,354.24
42590000,362.2
42600000,361.68
42610000,357.16
42620000,344.24
42630000,357.68
42640000,369.84
42650000,363.12
42660000,355.72
42670000,384.56
42680000,386.84
42690000,339.04
42700000,364.08
42710000,375.92
42720000,358.76
42730000,337.68
42740000,349.68
42750000,364.0
42760000,367.44
42770000,370.68
42780000,376.92
42790000,353.72
42800000,349.04
42810000,346.92
42820000,370.76
42830000,358.2
42840000,364.64
42850000,358.24
42860000,348.48
42870000,348.84
42880000,363.56
42890000,361.8
42900000,345.64
42910000,346.0
42920000,354.96
42930000,352.68
42940000,360.56
42950000,372.56
42960000,354.32
42970000,360.72
42980000,357.64
42990000,373.56
43000000,363.76
43010000,351.88
43020000,363.44
43030000,366.16
43040000,377.52
43050000,344.44
43060000,384.92
43070000,357.76
43080000,371.52
43090000,352.36
43100000,368.44
43110000,341.92
43120000,359.0
43130000,377.96
43140000,361.68
43150000,371.48
43160000,351.12
43170000,355.12
43180000,356.2
43190000,345.6
43200000,342.96
43210000,355.2
43220000,355.04
43230000,377.44
43240000,365.16
43250000,348.56
43260000,355.84
43270000,361.24
43280000,365.6
43290000,351.72
43300000,357.92
43310000,355.44
43320000,345.4
43330000,356.04
43340000,374.72
43350000,346.92
43360000,363.92
43370000,372.28
43380000,360.48
43390000,346.24
43400000,366.68
43410000,372.16
43420000,368.28
43430000,351.2
43440000,357.44
43450000,364.0
43460000,363.08
43470000,364.4
43480000,364.12
43490000,361.24
43500000,359.12
43510000,364.4
43520000,364.52
43530000,357.88
43540000,352.68
43550000,364.8
43560000,371.16
43570000,363.08
43580000,362.2
43590000,358.08
43600000,374.88
43610000,364.88
43620000,365.24
43630000,350.76
43640000,374.68
43650000,342.4
43660000,364.76
43670000,339.28
43680000,343.64
43690000,343.24
43700000,361.36
43710000,376.88
43720000,369.28
43730000,384.08
43740000,357.04
43750000,355.04
43760000,325.04
43770000,361.64
43780000,358.84
43790000,367.32
43800000,355.16
43810000,358.12
43820000,356.28
43830000,358.28
43840000,364.96
43850000,358.56
43860000,340.92
43870000,359.96
43880000,347.96
43890000,361.24
43900000,369.0
43910000,345.84
43920000,361.92
43930000,347.04
43940000,368.08
43950000,360.76
43960000,357.56
43970000,358.44
43980000,358.88
43990000,364.12
44000000,347.16
44010000,372.8
44020000,353.68
44030000,366.44
44040000,353.92
44050000,377.12
44060000,354.16
44070000,322.6
44080000,351.04
44090000,376.36
44100000,358.44
44110000,374.92
44120000,341.88
44130000,339.48
44140000,342.32
44150000,339.64
44160000,348.92
44170000,345.44
44180000,352.56
44190000,341.56
44200000,356.96
44210000,367.6
44220000,329.44
44230000,370.32
44240000,357.84
44250000,364.76
44260000,335.12
44270000,353.8
44280000,364.68
44290000,345.84
44300000,345.88
44310000,350.24
44320000,357.64
44330000,353.24
44340000,359.68
44350000,349.8
44360000,366.44
44370000,365.56
44380000,368.24
44390000,355.6
44400000,367.0
44410000,362.0
44420000,358.76
44430000,354.36
44440000,343.56
44450000,352.6
44460000,360.52
44470000,335.2
44480000,346.64
44490000,370.8
44500000,371.16
44510000,364.76
44520000,346.76
44530000,355.84
44540000,336.28
44550000,370.56
44560000,361.24
44570000,334.56
44580000,349.48
44590000,346.6
44600000,354.16
44610000,365.76
44620000,357.6
44630000,362.36
44640000,355.6
44650000,366.72
44660000,363.16
44670000,364.28
44680000,349.04
44690000,356.8
44700000,370.32
44710000,362.48
44720000,384.96
44730000,341.16
44740000,363.8
44750000,365.88
44760000,361.72
44770000,345.0
44780000,365.92
44790000,368.28
44800000,355.64
44810000,382.12
44820000,338.32
44830000,360.56
44840000,356.76
44850000,348.16
44860000,356.32
44870000,367.16
44880000,360.56
44890000,379.16
44900000,363.28
44910000,351.68
44920000,356.68
44930000,358.0
44940000,339.64
44950000,362.92
44960000,363.32
44970000,359.16
44980000,358.92
44990000,379.44
45000000,370.68
45010000,367.24
45020000,334.24
45030000,366.04
45040000,372.04
45050000,364.6
45060000,321.48
45070000,385.0
45080000,350.84
45090000,353.48
45100000,346.72
45110000,340.56
45120000,355.92
45130000,354.6
45140000,374.4
45150000,349.68
45160000,370.76
45170000,352.64
45180000,365.92
45190000,357.48
45200000,357.52
45210000,374.04
45220000,352.76
45230000,351.84
45240000,361.92
45250000,359.48
45260000,351.52
45270000,373.44
45280000,353.96
45290000,362.96
45300000,343.36
45310000,350.72
45320000,358.32
45330000,349.24
45340000,344.4
45350000,356.16
45360000,359.56
45370000,361.52
45380000,373.12
45390000,349.04
45400000,349.84
45410000,340.2
45420000,345.24
45430000,332.96
45440000,350.04
45450000,357.92
45460000,360.68
45470000,381.88
45480000,371.64
45490000,370.28
45500000,355.84
45510000,374.04
45520000,362.88
45530000,347.68
45540000,348.92
45550000,352.64
45560000,339.44
45570000,365.84
45580000,377.28
45590000,351.48
45600000,371.72
45610000,357.52
45620000,363.8
45630000,371.64
45640000,355.32
45650000,365.08
45660000,371.56
45670000,363.72
45680000,355.16
45690000,354.64
45700000,365.24
45710000,369.4
45720000,358.52
45730000,355.04
45740000,358.52
45750000,358.8
45760000,355.88
45770000,331.16
45780000,361.84
45790000,365.64
45800000,350.84
45810000,359.92
45820000,361.2
45830000,358.2
45840000,340.72
45850000,362.76
45860000,367.24
45870000,359.04
