10000,0.03446334629422865 
20000,0.032599862126177916 
30000,0.04064430708180708 
40000,0.04302117969319982 
50000,0.04750362137862139 
60000,0.042339271839271844 
70000,0.0430736346986347 
80000,0.055049747831288076 
90000,0.039958430458430456 
100000,0.053599145952087125 
110000,0.041731494812377166 
120000,0.051199119507943036 
130000,0.03955364284408402 
140000,0.04484296828472525 
150000,0.057390338827838824 
160000,0.05631134143634143 
170000,0.05035892702069173 
180000,0.03813520507270507 
190000,0.056357538295038305 
200000,0.04314411976911977 
210000,0.03405390442890443 
220000,0.04389378676878677 
230000,0.05620163006927712 
240000,0.05680526418026417 
250000,0.038573912198912194 
260000,0.05214970160558396 
270000,0.053889478576978574 
280000,0.04552459060547296 
290026,0.06180815168962666 
300026,0.033676355292454364 
310026,0.04308366633366633 
320026,0.06319929090517325 
330026,0.04091649322899324 
340026,0.07043645608777188 
350026,0.051279493167651055 
360026,0.04887473637473636 
370026,0.05356653762903763 
380026,0.04594739982239982 
390026,0.05634457209457209 
400026,0.060756771006771 
410026,0.04775799608887844 
420026,0.05301159787924494 
430026,0.04468909562659563 
440026,0.05977854906531377 
450026,0.05417725768383663 
460026,0.05837311993561993 
470026,0.05943791829085947 
480026,0.04367558830058829 
490026,0.0735648281457105 
500026,0.06908182503770739 
510026,0.046401586567027746 
520026,0.053966428587752115 
530026,0.05881562003098381 
540026,0.06277072845455198 
550026,0.04604672410922411 
560026,0.05326210594960594 
570026,0.0628164751914752 
580026,0.05930040792540792 
590026,0.05749138361638361 
600026,0.07346813603063604 
610026,0.049035736923894825 
620026,0.0530946830946831 
630026,0.06696941946941946 
640026,0.06986084748584748 
650026,0.07234304584304584 
660026,0.05360620240612501 
670026,0.060215916028416035 
680026,0.05179457062545298 
690026,0.04642832167832168 
700026,0.06638157675657676 
710026,0.06650594215725794 
720026,0.06728396603396604 
730026,0.06360466820760938 
740026,0.04677938727938727 
750026,0.06570826395826396 
760026,0.070249444999445 
770026,0.058109672190554545 
780026,0.056367070429570426 
790026,0.06394728596566832 
800026,0.06310019147519147 
810026,0.0527857004107004 
820026,0.06111996336996337 
830026,0.059617608698491045 
840026,0.05465491085711673 
850026,0.04731499056499056 
860026,0.04945750491338727 
870026,0.06441710087298322 
880026,0.07120484580778698 
890026,0.058697644675585844 
900026,0.07284036510874746 
910026,0.07473838661338662 
920026,0.06100742313242313 
930026,0.05898743617493617 
940026,0.06487939837939838 
950026,0.05592956185970891 
960026,0.06353886391386392 
970026,0.06080157342657342 
980026,0.05755536824286824 
990026,0.06006277056277055 
1000026,0.0520235083543907 
1010026,0.06175774144156497 
1020026,0.05824259768009768 
1030026,0.06143786768786768 
1040026,0.05136341844430079 
1050026,0.05325686119436119 
1060026,0.07062420545141132 
1070026,0.059950833888333895 
1080026,0.060011141636141636 
1090026,0.06299837662337662 
1100026,0.05229972111222111 
1110026,0.07370692501942502 
1120026,0.06636968840413113 
1130026,0.04968620268620269 
1140026,0.04669160006660007 
1150026,0.06478884228516582 
1160026,0.05618987619277867 
1170026,0.07685931633725752 
1180026,0.06063943001443001 
1190026,0.06061578413416648 
1200026,0.0577475390106969 
1210026,0.05861380694468929 
1220026,0.05363762626262626 
1230026,0.0504530192030192 
1240026,0.05951401294783647 
1250026,0.04434280017368253 
1260026,0.044995522451404805 
1270026,0.05524695187853082 
1280026,0.051767295204795206 
1290024,0.06666436238340263 
1300024,0.07868532774415128 
1310024,0.06209495488171959 
1320024,0.050881695918460625 
1330024,0.06147394272394273 
1340024,0.058505092130092126 
1350024,0.061132443944943944 
1360024,0.053017940392940395 
1370024,0.06794168739756974 
1380024,0.05166966366966367 
1390024,0.05429036241536242 
1400024,0.0605973470973471 
1410024,0.0676898656898657 
1420024,0.06997714785214786 
1430024,0.06301678182928183 
1440024,0.04792435239339264 
1450024,0.055166486291486294 
1460024,0.049961913086913085 
1470024,0.06867557279321986 
1480024,0.07281578552166787 
1490024,0.06163471250971251 
1500024,0.05610600510600511 
1510024,0.060964944777444775 
1520024,0.07215823065823065 
1530024,0.06328665778665778 
1540024,0.05601515589673484 
1550024,0.06541420589214707 
1560024,0.06633244043538161 
1570014,0.059190818168759346 
1580014,0.05763130048056518 
1590014,0.054455849705849706 
1600014,0.08274582362082362 
1610014,0.05606973581973582 
1620014,0.07021868409368409 
1630014,0.06411234598734598 
1640014,0.06556648906648906 
1650010,0.06894043456543457 
1660010,0.05703675491175492 
1670010,0.07919609557109557 
1680010,0.06662228457816693 
1690010,0.05022496947496947 
1700010,0.071059391996892 
1710010,0.059848262848262855 
1720010,0.05439977098065334 
1730010,0.055700674325674326 
1740010,0.057955854087433034 
1750010,0.050039640098463636 
1760034,0.06491040744772089 
1770034,0.061334173995938705 
1780017,0.061609596178675126 
1790017,0.06458797452547453 
1800017,0.052985252385213684 
1810017,0.07235871481459717 
1820017,0.05756263875013874 
1830017,0.06577050441388677 
1840017,0.07150209512709513 
1850017,0.058641726329226325 
1860017,0.058523088023088025 
1870017,0.059418509186891545 
1880017,0.05475134587634588 
1890017,0.06160515873015873 
1900017,0.0572924663056242 
1910017,0.05715298100592218 
1920017,0.07369848207348208 
1930017,0.06907984069593977 
1940017,0.0719317667626491 
1950017,0.06887734895823132 
1960017,0.0592210885519709 
1970017,0.0684228341103341 
1980017,0.07396071983571982 
1990017,0.0675002775002775 
2000017,0.051953865578865575 
2010017,0.06681483508321744 
2020017,0.06788258391934862 
2030017,0.05817722555222555 
2040017,0.06676770451770452 
2050049,0.06266500343541609 
2060049,0.07129699467199467 
2070049,0.06315202771085124 
2080049,0.07686575924075925 
2090049,0.05448533819122054 
2100049,0.06970323344955698 
2110049,0.05976720909809145 
2120049,0.08583945629533865 
2130049,0.07958302808302807 
2140049,0.062294857919857914 
2150049,0.06449591380841381 
2160049,0.06742916805416804 
2170049,0.06257370407370408 
2180049,0.06742123154623154 
2190049,0.06642742673992673 
2200044,0.06149769674769675 
2210044,0.06401017038517037 
2220044,0.05351198801198802 
2230044,0.07211071056136845 
2240044,0.08233892496392496 
2250044,0.08079561125149361 
2260044,0.06022336650277827 
2270044,0.050747745310245305 
2280044,0.08689657564657566 
2290044,0.06627158952158953 
2300044,0.06311546786546787 
2310025,0.05804412662500898 
2320025,0.07361858974358974 
2330025,0.06850961048755166 
2340025,0.06387381899146605 
2350025,0.06904507706345943 
2360025,0.06115878054693844 
2370025,0.07948000936971525 
2380025,0.06410718448218448 
2390025,0.07062580189418424 
2400025,0.04953224553224553 
2410025,0.06445855022170811 
2420025,0.07236852648985001 
2430025,0.08118319180819182 
2440025,0.06941533466533466 
2450025,0.06300768879812997 
2460025,0.07221006077256076 
2470018,0.07217434363022597 
2480018,0.06158104395604396 
2490018,0.07735898537736773 
2500018,0.06811691086691087 
2510018,0.06822104978354979 
2520018,0.06496844332138449 
2530018,0.0736684467493291 
2540018,0.07010079422211775 
2550018,0.07909775845069963 
2560018,0.06091052411640646 
2570018,0.055580301642801644 
2580018,0.07104865018022913 
2590018,0.07066013847263847 
2600011,0.08577958049862072 
2610011,0.06994459013209013 
2620011,0.077437996643879 
2630011,0.07334679046443751 
2640011,0.07186775928320045 
2650011,0.07760778518866754 
2660011,0.08227324758574758 
2670011,0.09032661619426324 
2680011,0.08385686535686535 
2690011,0.07890562215562215 
2700011,0.07609139471639471 
2710011,0.05685660377204495 
2720038,0.08914269931609703 
2730011,0.08901369463869464 
2740011,0.06519761181371088 
2750011,0.08571803196803197 
2760011,0.08518945352033587 
2770011,0.08812341313657104 
2780011,0.09220867449543921 
2790011,0.06874173925489716 
2800011,0.0801699452508276 
2810011,0.08779173930644518 
2820011,0.08199159764813789 
2830011,0.07855491730491732 
2840011,0.08221732842321078 
2850001,0.08062201646392823 
2860001,0.07823447385947385 
2870001,0.0760641621450445 
2880001,0.07024868187368187 
2890001,0.08159475246975248 
2900001,0.08716649853414558 
2910001,0.07971051497522084 
2920048,0.09468650882171514 
2930048,0.07292154555970344 
2940048,0.07947809135309135 
2950048,0.09220098651348652 
2960016,0.09781037549052256 
2970016,0.06080863417628123 
2980016,0.07530200355200355 
2990016,0.0718105942260354 
3000016,0.06460919350257585 
3010016,0.07134378529966766 
3020016,0.07961536094624329 
3030016,0.07992475579975579 
3040016,0.08967516225604459 
3050016,0.09049433388249177 
3060016,0.08607739197077433 
3070016,0.07103272492900975 
3080016,0.07844346748023218 
3090016,0.08196825396825397 
3100016,0.0836671335200747 
3110016,0.07349061069649304 
3120016,0.07416689998597893 
3130016,0.07323249411407307 
3140016,0.07885711918800153 
3150016,0.09052166583416582 
3160016,0.07599262031827819 
3170016,0.08445797258297258 
3180016,0.08586949570037807 
3190016,0.07380064562630352 
3200016,0.07682722138972138 
3210016,0.08936798740475212 
3220016,0.08739599616070205 
3230016,0.08468591539179775 
3240016,0.0717237345987346 
3250016,0.07222726701403172 
3260016,0.09343422059966178 
3270016,0.09287715756465756 
3280016,0.08625034870100659 
3290016,0.07390113928039625 
3300048,0.09253096674079993 
3310048,0.08031059626647861 
3320048,0.06536797638635873 
3330048,0.0830313714063714 
3340048,0.08207083347079477 
3350048,0.08647131544925662 
3360048,0.08413293365131601 
3370034,0.10770478029882052 
3380034,0.0909340185957833 
3390034,0.08918462215888687 
3400034,0.09220228382728383 
3410034,0.08216262618100853 
3420034,0.08688690394572747 
3430033,0.08965619307163424 
3440033,0.08011133229515582 
3450033,0.09987704778881248 
3460033,0.07987153940830412 
3470033,0.07566202261790497 
3480033,0.08440398357232723 
3490033,0.0779863855399846 
3500022,0.10229139814433932 
3510022,0.09375441143823497 
3520022,0.07541255863159887 
3530022,0.07726348569730923 
3540022,0.09200268634014763 
3550022,0.09319347727435963 
3560022,0.0867388306138306 
3570022,0.08189784521034521 
3580002,0.08913933207315558 
3590002,0.08401826389984285 
3600002,0.08127188731890744 
3610002,0.09707977561654033 
3620002,0.08293278268858764 
3630002,0.07764583047671283 
3640046,0.0829138681531131 
3650022,0.09631650294150294 
3660022,0.07005469938558173 
3670010,0.10185849259959166 
3680010,0.09501534290872528 
3690010,0.09017662198912198 
3700010,0.08491630101924219 
3710010,0.1051535906903554 
3720010,0.0900582611832612 
3730010,0.10225397212007119 
3740010,0.0924621003996004 
3750047,0.09841051422482504 
3760047,0.08114891358641359 
3770047,0.09556384301972537 
3780047,0.0858844717374129 
3790047,0.09930375180375181 
3800047,0.11417831474081475 
3810044,0.08020748001998002 
3820044,0.0996661843058902 
3830044,0.09254656454656456 
3840044,0.09861625792508147 
3850017,0.12298838090014559 
3860017,0.09612853241529713 
3870017,0.10019317488067488 
3880038,0.10104520454088403 
3890038,0.0841404056469846 
3900038,0.10475556102394337 
3910038,0.086570988651871 
3920038,0.07596490723328958 
3930038,0.09633299053887288 
3940017,0.10204919100507336 
3950017,0.08970152478240713 
3960002,0.10109372000548472 
3970031,0.09944798275570882 
3980031,0.09986534707122942 
3990031,0.10837894784953608 
4000031,0.10583819652569652 
4010031,0.10548611111111111 
4020031,0.10299713663529453 
4030031,0.12585588716838716 
4040031,0.12151249260285636 
4050006,0.10145358807858808 
4060006,0.11031454267696528 
4070006,0.08590274023362258 
4080027,0.09579095992616624 
4090027,0.10757680228268462 
4100027,0.10506232778659248 
4110027,0.12048599317349318 
4120027,0.11065579864322123 
4130027,0.10186289119377355 
4140009,0.11172478216228217 
4150009,0.10891275799364035 
4160009,0.10727140139272492 
4170009,0.10258004005798123 
4180009,0.09898972269560506 
4190009,0.11021624209124209 
4200009,0.1094731204253263 
4210009,0.1189632442720678 
4220009,0.0977247171687961 
4230009,0.12966103156389533 
4240009,0.10505279625345412 
4250006,0.09807690920190922 
4260006,0.1402044067044067 
4270001,0.1239105339105339 
4280001,0.11930540007378244 
4290001,0.08144171800421798 
4300001,0.11041719228483934 
4310040,0.12923042836401738 
4320040,0.10229758844097078 
4330040,0.10819526225408578 
4340040,0.1207900432900433 
4350002,0.13852819321201673 
4360026,0.1254665626702501 
4370026,0.12141962898212899 
4380026,0.11848169395963513 
4390026,0.10823260399730987 
4400002,0.08635404179154178 
4410002,0.12224718337218338 
4420042,0.10751599837420732 
4430042,0.11130775064288997 
4440042,0.11600307331557332 
4450042,0.12063428646516883 
4460042,0.126524391458215 
4470032,0.1360619674013637 
4480032,0.11192535936285936 
4490032,0.1131121541856836 
4500032,0.13382544293941354 
4510038,0.1187184766750175 
4520025,0.10979969926873952 
4530048,0.12423623347679537 
4540036,0.11581231187113541 
4550036,0.14437529668044374 
4560036,0.1186613050691998 
4570036,0.1417899869738105 
4580024,0.13293423888243905 
4590024,0.1151763989579392 
4600024,0.12070130563880563 
4610044,0.13166211735131841 
4620044,0.11713768176268174 
4630044,0.1250370462870463 
4640044,0.1161489870423694 
4650044,0.108492027773568 
4660044,0.13788320707070706 
4670008,0.13862552037745537 
4680008,0.11003028608388515 
4690008,0.1443923853923854 
4700008,0.10519651590239824 
4710008,0.13176368789449286 
4720032,0.1291120554728983 
4730001,0.1461651355180767 
4740001,0.1469177440206852 
4750041,0.11393613986897569 
4760041,0.1164563492063492 
4770041,0.10336544887860676 
4780041,0.12773757206845443 
4790022,0.128712142024642 
4800003,0.13239474251238956 
4810003,0.1594008205846441 
4820048,0.11859212512197587 
4830048,0.12304817037537624 
4840048,0.14265225052725053 
4850048,0.14143146426948008 
4860021,0.1368907203907204 
4870004,0.13865650504466295 
4880004,0.13543574399456754 
4890004,0.1532611102133161 
4900004,0.13759581491779635 
4910004,0.14461940836940837 
4920043,0.15091549469293103 
4930042,0.14376927933177933 
4940030,0.1600700271950272 
4950030,0.14938895540733776 
4960030,0.13425285202413687 
4970030,0.16434979348137244 
4980010,0.14871537612714084 
4990010,0.13767729615156085 
5000046,0.16407541645169296 
5010026,0.1425460356636827 
5020013,0.1587627719502719 
5030003,0.15349672712908005 
5040003,0.14859421052803407 
5050003,0.15560180024653708 
5060037,0.1401835174223234 
5070037,0.159157511606041 
5080017,0.15385476165990872 
5090049,0.15825411378528148 
5100049,0.14522256725043103 
5110049,0.1874712232212232 
5120003,0.17021607191827776 
5130033,0.16676439332855392 
5140015,0.15940020437079258 
5150037,0.1723439735401983 
5160019,0.16876874185755764 
5170025,0.16120846522514654 
5180025,0.17811164304391858 
5190018,0.18363009498874291 
5200012,0.17764232989232986 
5210012,0.15642770424020427 
5220001,0.18498659673659673 
5230024,0.17624362100067933 
5240036,0.20271822239614856 
5250027,0.18452647657639915 
5260022,0.1703765697022276 
5270019,0.17865414244393957 
5280005,0.19746224807971033 
5290008,0.17993739790271837 
5300041,0.1820304830158811 
5310035,0.18381371610415725 
5320005,0.163372461065766 
5330020,0.18017248243612555 
5340029,0.173888654836855 
5350017,0.18033375755061445 
5360028,0.17884382956814912 
5370040,0.1751527189521044 
5380019,0.1782433465227583 
5390027,0.22368342035813502 
5400014,0.18038116039652477 
5410018,0.19052683364637524 
5420024,0.2047808754020343 
5430013,0.20200322187811212 
5440039,0.19313034094640769 
5450015,0.20456906968100996 
5460005,0.1893035252231916 
5470010,0.16761692929383887 
5480038,0.18684801293639383 
5490000,0.19458272201654556 
5500007,0.20020892775039995 
5510008,0.21140148546864965 
5520049,0.14973099912220103 
5530004,0.1826251448714684 
5540027,0.20100412230945136 
5550045,0.1764030105126811 
5560004,0.19099209450680035 
5570040,0.2078964263375951 
5580007,0.17534299399430978 
5590038,0.1864285072954953 
5600017,0.20807655096504965 
5610004,0.20869922843932748 
5620013,0.22990526306993983 
5630002,0.1750035116027763 
5640016,0.18771889671801875 
5650015,0.20454587079587078 
5660036,0.20576812629051436 
5670029,0.22867492851985352 
5680000,0.17827573344697956 
5690033,0.20319435466494293 
5700005,0.20547296125654335 
5710014,0.19075072746447236 
5720036,0.17337984341935178 
5730020,0.19237643501709997 
5740012,0.20441461234843586 
5750012,0.16517919796592223 
5760031,0.19135314279427307 
5770005,0.21169249205904167 
5780012,0.20923808494045543 
5790004,0.21905476120796574 
5800017,0.1943490727072817 
5810025,0.21087868321415204 
5820034,0.23564026166676133 
5830020,0.19683085018905913 
5840043,0.22381969426304402 
5850019,0.22505322044391404 
5860045,0.19238517945201114 
5870031,0.22928775478449706 
5880028,0.23790465104939168 
5890024,0.24533615426942906 
5900038,0.24786902050300152 
5910000,0.21865932860998646 
5920020,0.21584829138604378 
5930005,0.19985124597624598 
5940009,0.21262709375333136 
5950017,0.2250851662726114 
5960026,0.2211028520221804 
5970048,0.23158426930140696 
5980011,0.2097960997335997 
5990003,0.2375306297136735 
6000048,0.20086268403828103 
6010021,0.21641721472971473 
6020022,0.21836095818696286 
6030001,0.22513577868921894 
6040034,0.2215443243580984 
6050012,0.2537376951980912 
6060014,0.22996490916815765 
6070049,0.2088974892646165 
6080048,0.21577106883296523 
6090016,0.20039989791214316 
6100030,0.25752052127015906 
6110030,0.22639827005498644 
6120037,0.24853808910302796 
6130008,0.22557348777197678 
6140031,0.24997597438125121 
6150012,0.22430561575873165 
6160020,0.2508998342524857 
6170015,0.1964301851044608 
6180037,0.25403618339729706 
6190008,0.22240537930836438 
6200047,0.274304924218419 
6210016,0.27483101230035906 
6220005,0.23814559057715728 
6230041,0.22125931888599332 
6240036,0.24033654122395193 
6250023,0.25565568919529313 
6260019,0.23993776414691106 
6270029,0.25121058430606386 
6280014,0.24809399928387035 
6290019,0.27335424476513587 
6300033,0.25051445414767215 
6310032,0.24981039380397424 
6320037,0.27859630581674844 
6330035,0.250026208158699 
6340021,0.2262985600758809 
6350015,0.25626503338080897 
6360016,0.24504435203870148 
6370045,0.28286092570831234 
6380009,0.21484720202894042 
6390024,0.2786051172990602 
6400042,0.2186161290333994 
6410030,0.28934050189483396 
6420005,0.23666628166313472 
6430012,0.25471896659958093 
6440001,0.2754733506087995 
6450011,0.2650706869329467 
6460026,0.25294323994455037 
6470049,0.26456309354382374 
6480002,0.24111696192468798 
6490020,0.26593478358603645 
6500033,0.2937028774213648 
6510048,0.2754809557243949 
6520011,0.23274165143913045 
6530012,0.27066875063848395 
6540019,0.25389309373729874 
6550049,0.26400833177762034 
6560000,0.29636619677005294 
6570039,0.27998563643514 
6580029,0.2753290296103973 
6590031,0.2523840458134866 
6600044,0.281070139807586 
6610017,0.3219346540314943 
6620040,0.2787845340771957 
6630029,0.2570203008503824 
6640039,0.2801502375139918 
6650047,0.27156764600794453 
6660009,0.3051549761452688 
6670036,0.2531146949615808 
6680015,0.2781789678926664 
6690027,0.2622708777061151 
6700006,0.23815016036186681 
6710034,0.26692882240911797 
6720010,0.28096885937500404 
6730022,0.28918484035322956 
6740025,0.2762027877921059 
6750046,0.27782425203824795 
6760018,0.285015766615303 
6770036,0.30805242551566075 
6780047,0.28179617055152745 
6790021,0.27688043665728124 
6800022,0.30478444718042996 
6810039,0.3141077844207371 
6820043,0.30207252713557925 
6830025,0.3117458246231466 
6840010,0.2882158952475914 
6850012,0.2984938557852206 
6860016,0.30242888119185696 
6870032,0.3372266070293889 
6880021,0.24667955514625065 
6890032,0.35166819658507636 
6900001,0.3368841936145746 
6910008,0.328477698852228 
6920010,0.3111216935365159 
6930019,0.2905522625581586 
6940002,0.30690032134316075 
6950024,0.2762518110988806 
6960040,0.28352871829689774 
6970043,0.30721472491615204 
6980038,0.3084097872476639 
6990000,0.3042337769282998 
7000017,0.30687712417930046 
7010036,0.2979221474745771 
7020049,0.3203849198114093 
7030006,0.31637563882164804 
7040001,0.34117379042547064 
7050011,0.3258623111970071 
7060039,0.303870067232976 
7070027,0.344399800923141 
7080001,0.34902589875745504 
7090044,0.31214326851221313 
7100032,0.35115911837132996 
7110009,0.3185712505630575 
7120000,0.3567593064921659 
7130000,0.33903197481124075 
7140000,0.3090037647512379 
7150017,0.3043669240633757 
7160012,0.3549870226810472 
7170027,0.31946710184135585 
7180037,0.3280549024552451 
7190016,0.3459204735962268 
7200004,0.37779067141694406 
7210008,0.3137749335474251 
7220021,0.3770322074167245 
7230031,0.32248289650728673 
7240043,0.323507368607799 
7250018,0.35538349582825907 
7260016,0.3851528048020634 
7270031,0.3571537661107814 
7280024,0.3365716731946699 
7290030,0.3416593484166919 
7300044,0.33859927598993994 
7310042,0.3523940900752496 
7320021,0.30459671684922757 
7330042,0.3508054026052187 
7340045,0.30304614044939127 
7350027,0.3554213044433271 
7360004,0.31562622923543066 
7370046,0.33756299581185367 
7380034,0.3661496354262999 
7390048,0.3197495133514776 
7400031,0.3738221313505362 
7410014,0.3214179742623071 
7420012,0.31008401689176435 
7430030,0.4116739117680015 
7440001,0.3628776677050334 
7450029,0.3605461728128584 
7460017,0.36866803322244984 
7470013,0.37945322966081785 
7480028,0.3850121739244322 
7490011,0.37112477249945286 
7500022,0.4120314700680441 
7510033,0.3866084269526681 
7520037,0.38501936164177175 
7530031,0.3344927746781966 
7540025,0.4044161689539841 
7550035,0.334347285223852 
7560002,0.34055393234283493 
7570042,0.30031146389842045 
7580028,0.3513968117228987 
7590004,0.3464294091874691 
7600015,0.33016378666270463 
7610012,0.3836607921488622 
7620023,0.36712973430286217 
7630038,0.3252339637453653 
7640025,0.36649633633216033 
7650043,0.30504479300390347 
7660049,0.35443474226509186 
7670039,0.39682478352646416 
7680004,0.4062011825438936 
7690012,0.3562233030369659 
7700017,0.383656973525469 
7710016,0.38331705059646237 
7720040,0.38704649714359823 
7730043,0.4152182538510994 
7740045,0.3896907728216339 
7750023,0.4003793145074657 
7760012,0.42125966491908523 
7770048,0.38386743740670004 
7780024,0.35554675136213704 
7790012,0.3478086684714988 
7800030,0.3620706224069579 
7810001,0.35710103578704105 
7820006,0.352997488366201 
7830044,0.36868439975057615 
7840025,0.3715852786391767 
7850000,0.3704374328620703 
7860034,0.4402815904369342 
7870012,0.42379990904656484 
7880001,0.36227999443566156 
7890020,0.42652255129754024 
7900019,0.3593465428801967 
7910026,0.39863324474568496 
7920035,0.3826568422508473 
7930033,0.3504004839313234 
7940009,0.41002682740543056 
7950013,0.37354811760182605 
7960002,0.41817728409193 
7970017,0.4009752622311864 
7980012,0.39628336132507513 
7990023,0.36845649440742767 
8000024,0.36589533343292746 
8010005,0.3485658641349179 
8020047,0.38703190216943495 
8030001,0.340218407010879 
8040046,0.35902422002211914 
8050000,0.3771192417140972 
8060012,0.383891559729929 
8070005,0.3917917472026675 
8080005,0.34238532912188974 
8090024,0.4109757990612 
8100045,0.37378948229890546 
8110014,0.4060899204281557 
8120037,0.3686418094821456 
8130030,0.36809123754810874 
8140049,0.3499011017665391 
8150043,0.40906210044644364 
8160036,0.4011877541812027 
8170035,0.40101823417862453 
8180013,0.3978398409817423 
8190040,0.37010037892390835 
8200037,0.38117709731821725 
8210041,0.3753888435716166 
8220035,0.40905826864681016 
8230019,0.37703928325466934 
8240006,0.3554691706245648 
8250008,0.3739278133451066 
8260039,0.4413825063825063 
8270047,0.3519134569655256 
8280015,0.4039540061604467 
8290002,0.38229236605287026 
8300037,0.39273271227154727 
8310035,0.3953381898146886 
8320020,0.39374975318484934 
8330018,0.38292828677753044 
8340002,0.38208161936103113 
8350028,0.3541795491931129 
8360000,0.36716734773547405 
8370033,0.3754211279541986 
8380027,0.44849294746393725 
8390040,0.37280204324108834 
8400038,0.4204674414443321 
8410016,0.4142778750651518 
8420008,0.398423040042798 
8430021,0.4367907206418144 
8440021,0.4155665055454971 
8450002,0.36663501304649626 
8460034,0.4214206320068057 
8470030,0.4365368277318305 
8480010,0.40465907343249696 
8490021,0.4124560424706787 
8500020,0.43501169931842204 
8510003,0.37984920418850515 
8520044,0.36640383805455573 
8530015,0.3854475694181206 
8540017,0.42960503094856733 
8550045,0.3916894691054355 
8560011,0.3944245434034244 
8570003,0.3804463976593065 
8580036,0.40903009842693355 
8590005,0.41407222280863204 
8600011,0.4472409523313243 
8610045,0.44166437102435446 
8620029,0.435148863823123 
8630011,0.41136169411295004 
8640021,0.40404384318225234 
8650012,0.3783392847087654 
8660010,0.44383729437581965 
8670046,0.44372940754194196 
8680020,0.4088021348377603 
8690015,0.4215768793641999 
8700029,0.4368128779686361 
8710029,0.41771235290370345 
8720030,0.44172824081933554 
8730021,0.4424114849563839 
8740034,0.4100640450391217 
8750005,0.4101783115446513 
8760016,0.38627465792192517 
8770038,0.41717567080906065 
8780012,0.4058795435119661 
8790020,0.4437521362965959 
8800037,0.40151641384319553 
8810042,0.4266453519474296 
8820002,0.42082511881693346 
8830018,0.41339486068969783 
8840020,0.4125475839094462 
8850014,0.4257501241151527 
8860044,0.45273690089866564 
8870040,0.3877861561949203 
8880026,0.4301891669956906 
8890004,0.4469595277803212 
8900019,0.42986159331504564 
8910039,0.42648399208950466 
8920003,0.4417057088391172 
8930040,0.4457638990153864 
8940023,0.4219254754880273 
8950042,0.39693567047957173 
8960031,0.4353515705584776 
8970001,0.4710960896528612 
8980026,0.4311775790508961 
8990012,0.40710360814625635 
9000009,0.43258340052043454 
9010047,0.4355838698236034 
9020026,0.4403654136589764 
9030037,0.42087746512125124 
9040019,0.42931230081721244 
9050030,0.45047164152157315 
9060034,0.45122757337204983 
9070039,0.44440001680547897 
9080047,0.4309019292880622 
9090007,0.42561261110926923 
9100022,0.44983107342233236 
9110045,0.4430821219364311 
9120036,0.44021482382741267 
9130006,0.5100202398804239 
9140028,0.47532698795352696 
9150009,0.46228483524288905 
9160019,0.45867217689113104 
9170000,0.3984463106115218 
9180023,0.45329939060787217 
9190017,0.4392518157627389 
9200015,0.4617098287789122 
9210004,0.44467594221115353 
9220028,0.4521392021941774 
9230001,0.4150060586412374 
9240047,0.43336401605910596 
9250006,0.3970491558878689 
9260017,0.4274509298277057 
9270045,0.41625064760871466 
9280008,0.4526102318611164 
9290005,0.4415542057681521 
9300020,0.4380720697005671 
9310045,0.42396475691555396 
9320048,0.4400252052126636 
9330010,0.43252423895787995 
9340033,0.4301988066622418 
9350013,0.45905867448458915 
9360011,0.41349864003940623 
9370013,0.43754620025430235 
9380005,0.4675018674470429 
9390044,0.42897819378715474 
9400032,0.4185008434703197 
9410013,0.4567067859381954 
9420031,0.46433225482086965 
9430047,0.47850952854714823 
9440034,0.4629119547463201 
9450013,0.4670663005400723 
9460014,0.4746815608128331 
9470016,0.4598681940155881 
9480044,0.4796438239151947 
9490004,0.4617325665673025 
9500021,0.4643981573222339 
9510047,0.5148694040417707 
9520021,0.463983431691765 
9530049,0.5187768617361688 
9540040,0.4566594692816882 
9550021,0.45460440474654473 
9560020,0.5053912379213181 
9570025,0.5010662807957055 
9580005,0.47910131958334573 
9590015,0.4512109375652468 
9600011,0.48863356884212306 
9610023,0.43847980342824017 
9620009,0.4587902958007628 
9630015,0.5117281444637047 
9640046,0.5063902409490645 
9650045,0.4652599501338997 
9660038,0.468447523941805 
9670014,0.46795500087078173 
9680035,0.4750486501841883 
9690016,0.5050461796276166 
9700001,0.45621300752019706 
9710018,0.452405184613002 
9720012,0.4852397215586577 
9730028,0.4300232663273558 
9740000,0.49809454567320505 
9750012,0.4167387185665487 
9760003,0.49135085897777275 
9770013,0.5141494355759275 
9780011,0.4802481934869236 
9790002,0.47405661287167894 
9800022,0.5072673506497035 
9810024,0.4801815503265946 
9820021,0.45609190945046385 
9830015,0.4800006254095821 
9840036,0.48077952513436384 
9850004,0.4756831230065444 
9860032,0.48798925746474414 
9870016,0.45904357745251384 
9880026,0.4735070667087011 
9890023,0.44608100431899844 
9900025,0.4629949107274359 
9910049,0.4385524908738511 
9920024,0.4656831915155999 
9930018,0.5168724658281019 
9940034,0.47783833516453844 
9950010,0.45487323911693656 
9960022,0.4815857045754509 
9970001,0.4410575380113196 
9980033,0.4700436596737551 
9990005,0.43033296322003317 
10000010,0.47714544546866383 
10010043,0.4708983112950281 
10020018,0.48384081633173814 
10030005,0.47674963451644736 
10040013,0.48191628331320013 
10050018,0.4998294914762708 
10060022,0.4905031944500327 
10070001,0.4811383832217166 
10080032,0.49566912529634827 
10090013,0.4237808218328151 
10100028,0.47868167763624847 
10110040,0.47403990484359837 
10120018,0.4485748945788803 
10130035,0.469756927365179 
10140039,0.44248907381368324 
10150015,0.4582006255762441 
10160017,0.4875426921743579 
10170011,0.4801945384257476 
10180042,0.4943521040733598 
10190013,0.49401536288218534 
10200030,0.43501083704848326 
10210043,0.48399755762049357 
10220021,0.45729703309198916 
10230011,0.4469202910379381 
10240009,0.4878944236422372 
10250037,0.4483078137424494 
10260009,0.49844668536443887 
10270014,0.4861634735229884 
10280009,0.4787450102691331 
10290020,0.4714908594701676 
10300002,0.502470265040804 
10310018,0.46160860441906193 
10320034,0.4915944895157375 
10330007,0.4353064350590464 
10340044,0.4790183094680741 
10350027,0.4610621978887158 
10360040,0.5119654820230545 
10370034,0.48427062549533567 
10380002,0.4875683660750858 
10390019,0.46871348961276244 
10400010,0.5142093684035125 
10410032,0.495380905640086 
10420040,0.487039201468606 
10430010,0.5286200520368669 
10440013,0.463659619185828 
10450018,0.46230707740421717 
10460038,0.42924106483272007 
10470026,0.460891827310936 
10480022,0.537162586847736 
10490023,0.46716974920060905 
10500044,0.4502476283968935 
10510011,0.48163841567606513 
10520046,0.45743320624641576 
10530010,0.5118997895301372 
10540013,0.4581755343247001 
10550013,0.4962101586080344 
10560044,0.44861980823686215 
10570042,0.4822317283488594 
10580007,0.4653237882950524 
10590035,0.4643627882496347 
10600013,0.5124968977775238 
10610017,0.5499671607113155 
10620037,0.45866689985515624 
10630012,0.5117063533246751 
10640025,0.5069771996403091 
10650020,0.46204170388466914 
10660016,0.5157628671322682 
10670039,0.48509250135789117 
10680044,0.46726389862892265 
10690037,0.4848670486864549 
10700040,0.5062310734450138 
10710018,0.470308022630724 
10720049,0.46830895276996193 
10730029,0.48361781705146956 
10740042,0.5271926936807145 
10750031,0.4913470590948431 
10760023,0.4819780497885073 
10770048,0.4888064752933281 
10780020,0.45291247157964704 
10790014,0.46418652558871437 
10800000,0.47962121372305533 
10810009,0.5101422976229478 
10820005,0.5288310102175342 
10830034,0.47564474861381006 
10840004,0.4852625189973616 
10850030,0.514826226965145 
10860020,0.47248052605722957 
10870044,0.5161386323083259 
10880041,0.54918315763904 
10890025,0.4997072822226908 
10900045,0.5445879271674628 
10910035,0.4697233783516009 
10920021,0.4397253496926699 
10930015,0.4984423511098152 
10940010,0.48785194053559466 
10950035,0.5147487262957683 
10960031,0.49845022224156055 
10970007,0.4905032754705957 
10980022,0.5055873772369647 
10990007,0.5048266640440303 
11000044,0.4914254855364481 
11010026,0.5489460472682398 
11020019,0.47008418022721 
11030036,0.46559580050877947 
11040022,0.5185951099358782 
11050039,0.4902763272081454 
11060015,0.5078620036803165 
11070003,0.48535105225651703 
11080036,0.5384224562446182 
11090005,0.5383949663361428 
11100018,0.5133507096719626 
11110003,0.4623434752059441 
11120010,0.5022344623472745 
11130019,0.4982895003252101 
11140028,0.4983955800313456 
11150048,0.5228194518635695 
11160034,0.5110336002210494 
11170024,0.5233939874552284 
11180017,0.5071662946662947 
11190044,0.4957521715250853 
11200009,0.5195956625221996 
11210029,0.5343156584453492 
11220014,0.46747200412279116 
11230049,0.5064377578187536 
11240015,0.48194603031514016 
11250009,0.49764749529541413 
11260023,0.5289610379915575 
11270032,0.5141657867323919 
11280010,0.4757482276113159 
11290040,0.513438926779485 
11300045,0.4899788986012961 
11310011,0.5078365862790754 
11320035,0.5024346457443705 
11330003,0.5264778984259243 
11340009,0.5218798427039703 
11350000,0.5339392512719195 
11360013,0.468648600028342 
11370037,0.5298202604767768 
11380047,0.5050258743885011 
11390028,0.5615511112029852 
11400028,0.4988679575342255 
11410035,0.4655394187738334 
11420048,0.553713990546561 
11430049,0.4992049699416132 
11440024,0.5151944926622606 
11450018,0.512277217514929 
11460042,0.5178314651145038 
11470019,0.5597281656764643 
11480015,0.5137126363299426 
11490018,0.5133844344129006 
11500019,0.4776049412431363 
11510043,0.527436109371306 
11520043,0.4940843801180918 
11530039,0.5624435977574991 
11540007,0.4716873255977534 
11550015,0.5351824245341514 
11560003,0.4844782819456022 
11570003,0.5687543008969623 
11580000,0.4907419704478528 
11590028,0.5453611117633594 
11600027,0.5306301620543106 
11610036,0.520898139673321 
11620008,0.5222713057094359 
11630008,0.553918774761912 
11640008,0.5385035480236718 
11650028,0.5687433340706376 
11660027,0.5522767012682533 
11670019,0.545424518430171 
11680005,0.5086007426310237 
11690040,0.5063660912420026 
11700029,0.5278878247992714 
11710014,0.4714918431066952 
11720003,0.4804413232597664 
11730015,0.5240535207317684 
11740000,0.5190365633600225 
11750009,0.535993544700975 
11760040,0.5048842549616542 
11770039,0.508648919887452 
11780035,0.5245947042482095 
11790005,0.572748503998504 
11800034,0.5410972544486476 
11810007,0.5094166177015468 
11820009,0.4992805366171184 
11830032,0.5180123195791293 
11840028,0.545558540707946 
11850047,0.518314326964846 
11860033,0.5229488603884254 
11870021,0.5395747019070618 
11880008,0.552735141027781 
11890000,0.5406327580566026 
11900021,0.5482372002431631 
11910006,0.5206134457730376 
11920044,0.5726570648157129 
11930002,0.5502233580852267 
11940017,0.47871259547772743 
11950025,0.5062373905100123 
11960018,0.5200146384535524 
11970011,0.5284388482896689 
11980005,0.5408808261264402 
11990005,0.5688615425248621 
12000000,0.5409366892681645 
12010042,0.5399731323219455 
12020002,0.5239438058434834 
12030030,0.5585172361330613 
12040028,0.5626148029870456 
12050038,0.5708707634775394 
12060024,0.5579468133476494 
12070001,0.5055234206206777 
12080018,0.5303233057869984 
12090020,0.5198765740754905 
12100021,0.5519656674694923 
12110024,0.5564579982739681 
12120028,0.5207304450799051 
12130008,0.5127770135940071 
12140042,0.5199508726459676 
12150020,0.513831500495939 
12160033,0.5308742780384702 
12170012,0.529651921029526 
12180019,0.4994013609699178 
12190022,0.600361872246547 
12200027,0.5397827751474729 
12210003,0.5203259386907478 
12220021,0.5444448243511815 
12230006,0.5426219106366165 
12240047,0.5202621501770108 
12250011,0.5386187171992266 
12260030,0.5297334509408812 
12270015,0.49884178220252773 
12280012,0.5023602822253104 
12290020,0.5581060926455663 
12300046,0.5031598632471135 
12310020,0.5112538529472029 
12320025,0.5789263616946908 
12330025,0.5286782299419038 
12340018,0.514072852260173 
12350014,0.5559914772826993 
12360025,0.5094638932043425 
12370048,0.537576760934496 
12380030,0.5897583767686434 
12390031,0.5627028095789915 
12400008,0.5612569352063675 
12410012,0.5451146681930995 
12420043,0.5448717935889251 
12430024,0.5156517462380295 
12440023,0.5129514933946661 
12450009,0.524263335006799 
12460025,0.4942234863986192 
12470046,0.548821413286654 
12480002,0.5086751154607584 
12490037,0.5787600840889296 
12500004,0.5399904626040393 
12510036,0.5322197508373979 
12520020,0.5633437582751308 
12530047,0.5943248658048987 
12540020,0.5266987827352309 
12550038,0.49974688710771026 
12560010,0.5496027961796958 
12570036,0.5450157692579147 
12580042,0.5194951783767573 
12590016,0.5360968302423411 
12600048,0.4933039354081383 
12610039,0.5178006872689184 
12620037,0.5396512507419516 
12630010,0.5140026602681401 
12640035,0.5576684531659861 
12650045,0.5142423168738959 
12660031,0.586984364375012 
12670040,0.5179884093647986 
12680004,0.5322532781389733 
12690034,0.49664003851169625 
12700046,0.5515094438585151 
12710030,0.5117557335360952 
12720019,0.5910360959703066 
12730006,0.5617296863675059 
12740012,0.5468767862552097 
12750041,0.5724828964359678 
12760033,0.5370817237418695 
12770022,0.5481858626197867 
12780027,0.49596420903834276 
12790031,0.518856531268296 
12800023,0.5434871822255724 
12810018,0.5715372697125102 
12820004,0.5511340561361201 
12830021,0.4948778745970869 
12840025,0.5136304625378999 
12850039,0.5081287930570226 
12860021,0.5501286501063892 
12870019,0.5171873579792944 
12880008,0.5774486825714896 
12890040,0.6011701051207127 
12900012,0.5854140802670214 
12910017,0.560194353043761 
12920019,0.5482210543031533 
12930029,0.5590066994815654 
12940017,0.569283994920812 
12950034,0.562133631111141 
12960023,0.5336479007890232 
12970030,0.5697631586282177 
12980047,0.5095188462872462 
12990040,0.5081893583441571 
13000040,0.5693607182577771 
13010039,0.5433420960320701 
13020049,0.5447043147288654 
13030048,0.5984647075718034 
13040042,0.5425135985807729 
13050002,0.572000519807653 
13060027,0.583214736551587 
13070024,0.5496846414609573 
13080026,0.5535938103925168 
13090031,0.5470205195607465 
13100011,0.5331145550379297 
13110030,0.5274602993878205 
13120021,0.5798851839686924 
13130005,0.549596941372294 
13140047,0.596733496332135 
13150017,0.5784545956059217 
13160032,0.5839863596953933 
13170036,0.5559841513804501 
13180015,0.5430134950979226 
13190002,0.5951579621648564 
13200016,0.5210028769626293 
13210034,0.5789391483773262 
13220002,0.5625413339377506 
13230026,0.5464104310615516 
13240035,0.5847717169121522 
13250017,0.5137512474217292 
13260025,0.5698770743064144 
13270002,0.5212229481162425 
13280041,0.5314967154363439 
13290042,0.5536018379463381 
13300023,0.5651722958575223 
13310037,0.556892693726027 
13320014,0.5465247145394204 
13330000,0.6152761661479276 
13340034,0.5794156928764772 
13350001,0.5540690267219941 
13360037,0.551438344274469 
13370018,0.5758812110566497 
13380000,0.5339829127319237 
13390028,0.5946066256081463 
13400028,0.5443192064121687 
13410004,0.5423559718214669 
13420014,0.5518884129755224 
13430037,0.5161106163647503 
13440000,0.5456871157214074 
13450004,0.5823182989450156 
13460005,0.5973681207548917 
13470007,0.562455410861533 
13480023,0.5071665803233087 
13490018,0.5581997498927324 
13500036,0.5688294389950328 
13510045,0.5846341078413573 
13520017,0.5480262710719367 
13530042,0.5757881471213092 
13540047,0.5467143841007478 
13550026,0.5156985676041755 
13560000,0.5417554275935968 
13570036,0.592851708035054 
13580011,0.5357053261465027 
13590043,0.5866496562224934 
13600023,0.5813332360456144 
13610028,0.5665335077034713 
13620033,0.5057472286420714 
13630004,0.5583372021870066 
13640033,0.5995441159765205 
13650042,0.5961576448492844 
13660047,0.5843546331742058 
13670008,0.6129372134197502 
13680027,0.538926438509553 
13690038,0.5637897206829303 
13700000,0.5989314359818716 
13710025,0.5887340218759876 
13720041,0.5330814018314018 
13730020,0.6048397746630404 
13740034,0.5571902688001759 
13750030,0.6209769132186176 
13760032,0.560653279602712 
13770013,0.583586436831803 
13780038,0.5827338670901455 
13790042,0.5942815686603458 
13800010,0.5627472600212539 
13810028,0.5695851367896883 
13820028,0.5777662893665215 
13830011,0.5689227934763649 
13840016,0.5150213475703672 
13850028,0.5812493430501571 
13860011,0.5514125217577993 
13870026,0.5946139492739951 
13880041,0.5798834976354037 
13890008,0.5692264543544214 
13900046,0.5867102296530887 
13910034,0.5786499396381387 
13920003,0.5131499761497679 
13930006,0.5657295825016081 
13940026,0.5473785664575138 
13950006,0.5915912938811954 
13960028,0.6040413403476812 
13970016,0.6225920777264063 
13980034,0.538916112390239 
13990031,0.5832434928180702 
14000023,0.5829725133788947 
14010033,0.5571930951162345 
14020002,0.5554375184244751 
14030001,0.5429782687368526 
14040037,0.5179137450971678 
14050012,0.547092751433795 
14060008,0.5641546053800954 
14070017,0.5742218884121744 
14080014,0.5739713678499672 
14090025,0.5766083202620871 
14100017,0.5881610389581499 
14110024,0.5661537968586472 
14120001,0.6075473652796985 
14130009,0.554080175519131 
14140030,0.5769629862437199 
14150031,0.5678734086204155 
14160007,0.569183942660397 
14170015,0.6193227806923512 
14180012,0.5796785420028522 
14190036,0.5838800463222558 
14200043,0.5779499678498556 
14210034,0.571235373351752 
14220004,0.5410577265016102 
14230018,0.5333292692019559 
14240042,0.544522825078995 
14250033,0.580938596466467 
14260017,0.5868611734405281 
14270034,0.5474363481232677 
14280014,0.5507213247332733 
14290035,0.5688976739178456 
14300014,0.6561338738031182 
14310008,0.5500755328742054 
14320024,0.5761715775514686 
14330001,0.517069465895458 
14340021,0.5652495521907287 
14350046,0.5430152079858777 
14360018,0.584173166339833 
14370036,0.5685129668350709 
14380028,0.5557590916664505 
14390021,0.5914997573235369 
14400024,0.5535411432276758 
14410045,0.5630448686554825 
14420002,0.554950073932272 
14430014,0.5373045402978324 
14440024,0.5504842629492078 
14450033,0.5969740805810246 
14460002,0.6024643876171225 
14470035,0.5958353631217882 
14480003,0.5443886671072857 
14490044,0.5678800640126079 
14500041,0.6175536609297883 
14510042,0.569608412371052 
14520035,0.6011609738496858 
14530038,0.5559276082862068 
14540032,0.532224619244227 
14550031,0.5813841958694901 
14560033,0.516067545594021 
14570019,0.6106358823046802 
14580048,0.584292313892175 
14590005,0.5835387779663697 
14600034,0.5658849564546712 
14610004,0.5948103089309847 
14620001,0.5905918385588261 
14630015,0.5776582762533755 
14640004,0.556358205121167 
14650016,0.5390481166990456 
14660032,0.5677464636833341 
14670043,0.5875404278042022 
14680045,0.5539349969106606 
14690021,0.5432911206977576 
14700029,0.5471464671241456 
14710049,0.6144712271974715 
14720037,0.5733189478243553 
14730039,0.5991248230185864 
14740023,0.5710332714887634 
14750047,0.5712158133969484 
14760021,0.5382648913219934 
14770045,0.5870162809899652 
14780038,0.5952025446711485 
14790047,0.5888608765579869 
14800026,0.5944766820153816 
14810006,0.5683891946201557 
14820010,0.5907216955254011 
14830006,0.6030570675863509 
14840031,0.6022685542432437 
14850016,0.5730965726342042 
14860047,0.6191736490808695 
14870035,0.5696483648949812 
14880038,0.6094911198491761 
14890046,0.5927153063457806 
14900038,0.5650463134916476 
14910042,0.5677085406277931 
14920038,0.567179696475362 
14930025,0.591950576083703 
14940048,0.5400740640664649 
14950008,0.5829223334722491 
14960007,0.5595326981590167 
14970007,0.5551723584838244 
14980044,0.5671396588555064 
14990026,0.5825193141176113 
15000023,0.5920937528914758 
15010000,0.5781337763327916 
15020026,0.6092686856513201 
15030043,0.5627412318980946 
15040019,0.5845613002431783 
15050014,0.5630163066428444 
15060006,0.563282037830142 
15070002,0.5826614755682786 
15080005,0.6195244197829739 
15090026,0.5700549012166017 
15100012,0.6240139104223064 
15110014,0.5230060184038651 
15120009,0.5650931804228206 
15130047,0.5463297428787625 
15140020,0.5650038475696371 
15150022,0.5822886220725887 
15160032,0.6240505543245001 
15170024,0.5667803316918604 
15180046,0.5916191149580439 
15190043,0.5902284455851987 
15200028,0.6219796151136869 
15210027,0.607385918380837 
15220017,0.564879821517828 
15230031,0.6010836587808236 
15240019,0.6119940382339426 
15250034,0.6143438208086794 
15260013,0.5411182325681809 
15270017,0.5765924485826447 
15280001,0.6112765980317145 
15290049,0.5507604701726665 
15300047,0.5926132705474262 
15310006,0.5762644406319576 
15320040,0.6526418407103257 
15330002,0.626277817946644 
15340007,0.5810720110642711 
15350015,0.5976196508324011 
15360037,0.577643211509479 
15370005,0.5797386516676801 
15380047,0.5696641766857732 
15390039,0.5964865207318768 
15400043,0.6209613641525414 
15410016,0.5991739804061648 
15420010,0.6242256244909937 
15430032,0.6012751629971134 
15440009,0.5799218685871785 
15450027,0.5634923176935356 
15460030,0.6079297104461913 
15470008,0.5558360408205609 
15480027,0.6083855749480459 
15490014,0.5671032225046673 
15500011,0.5463160408616107 
15510041,0.5498307564484035 
15520003,0.607862775519636 
15530022,0.5560000717840659 
15540045,0.5747067143490805 
15550011,0.5910107898207743 
15560036,0.5902178766854304 
15570005,0.5980621395381558 
15580037,0.6190813660351476 
15590048,0.5976240263004969 
15600034,0.579231121525564 
15610044,0.5752420726953943 
15620030,0.5817953155903295 
15630001,0.5798603314843724 
15640044,0.5754497273786281 
15650025,0.6030279848440098 
15660032,0.6362481861261724 
15670010,0.5942143229489275 
15680041,0.581253474725957 
15690012,0.583959812249286 
15700037,0.6329108591522261 
15710014,0.5768299098859792 
15720023,0.5962939847465019 
15730030,0.6236057633296836 
15740001,0.5921900588269873 
15750002,0.5527454164058888 
15760048,0.6301855415826004 
15770033,0.5568567675782942 
15780018,0.570317524208898 
15790033,0.5937952144712486 
15800004,0.5826359718840777 
15810046,0.615464321652234 
15820015,0.6159053312906267 
15830018,0.5599345733467803 
15840023,0.5913560411218061 
15850037,0.5292169044284274 
15860010,0.5973064651327646 
15870034,0.5985464987016355 
15880015,0.5509878947936983 
15890017,0.5852978401358084 
15900033,0.5611462758279063 
15910029,0.5755878916367715 
15920037,0.5701151876781748 
15930002,0.5972213746067139 
15940043,0.6196882754822668 
15950014,0.5857126846950901 
15960015,0.5963820601097098 
15970010,0.5955569189559738 
15980031,0.5427693438895617 
15990027,0.6056641798622551 
16000004,0.5926886794947771 
16010021,0.6007015003649149 
16020008,0.5850596948964061 
16030007,0.5934198162009199 
16040004,0.6097737654217232 
16050046,0.5911507388953209 
16060014,0.6082361151445191 
16070030,0.6172481339318528 
16080004,0.6254006879356697 
16090034,0.5777575508999656 
16100020,0.5697959529589961 
16110049,0.6055449217455168 
16120032,0.5901934351686473 
16130027,0.6418607162459115 
16140047,0.5730081896348898 
16150016,0.6413699568587161 
16160042,0.6271169979662081 
16170014,0.5740980717327672 
16180039,0.6146824011518739 
16190048,0.5691237550304479 
16200021,0.5555504345329383 
16210045,0.603480702981125 
16220014,0.6091208778603157 
16230019,0.6353990255515941 
16240047,0.582963914122257 
16250010,0.6566202680840504 
16260017,0.5927688274788697 
16270007,0.6224304886645039 
16280026,0.5889090557156323 
16290018,0.5735079209970041 
16300046,0.6362995566384863 
16310020,0.6067658812114111 
16320004,0.5957457740118915 
16330033,0.6341140203902055 
16340014,0.6247681346599437 
16350022,0.626625617725027 
16360038,0.6083357108461505 
16370010,0.6245524979126406 
16380003,0.5658884295058197 
16390011,0.6191993152569727 
16400029,0.6032182358510315 
16410035,0.5684765102076763 
16420025,0.6223946783537575 
16430022,0.5900805690073889 
16440031,0.5776652165298899 
16450009,0.6082428766555387 
16460017,0.6415029684349243 
16470043,0.6262339184317903 
16480041,0.5958698648508642 
16490027,0.6321632098259131 
16500008,0.6234517823063382 
16510042,0.5533606367421484 
16520020,0.6190213183040331 
16530022,0.6201478707088494 
16540005,0.6155549051573629 
16550005,0.6125228558721599 
16560003,0.5725864063989512 
16570035,0.5780166632784199 
16580025,0.6262578472468652 
16590028,0.5564514904695503 
16600049,0.6323669125836976 
16610043,0.5786721356035868 
16620007,0.5808434325179648 
16630021,0.6349991469536972 
16640022,0.6127841250337448 
16650045,0.60033208343992 
16660010,0.6129093392836007 
16670041,0.5969734074372083 
16680001,0.5965327262500677 
16690046,0.5695380530874877 
16700019,0.6228633671334572 
16710042,0.6129353028095539 
16720006,0.5903053829638641 
16730027,0.5817880227596429 
16740013,0.6210207360608889 
16750027,0.5903736510125478 
16760041,0.589669839480624 
16770021,0.5710253726830384 
16780038,0.6357144930863687 
16790034,0.6196444743157254 
16800021,0.6636145234999066 
16810005,0.5966746652566005 
16820028,0.5461294634371294 
16830009,0.6019348357302821 
16840011,0.5986378468378064 
16850027,0.577905070038769 
16860005,0.5881916407606663 
16870045,0.5750632436087859 
16880032,0.6019695935159535 
16890012,0.6099998449263154 
16900034,0.6362808843937346 
16910036,0.6250585510550681 
16920004,0.6193376220826653 
16930015,0.621557205322425 
16940017,0.6111039392391169 
16950007,0.5971874529163893 
16960007,0.6335998261686551 
16970035,0.602030526469298 
16980042,0.6379800966004527 
16990025,0.6018441467654796 
17000031,0.6193544917279826 
17010041,0.5960679609730176 
17020012,0.6194365114715481 
17030033,0.6186042262406919 
17040035,0.627175327661838 
17050045,0.5970338942439829 
17060036,0.569686057574737 
17070021,0.6067868355422332 
17080020,0.5540541971283408 
17090012,0.5888026063654463 
17100006,0.6077483604950201 
17110041,0.5870165994402413 
17120009,0.5765738667013899 
17130043,0.6092562501577059 
17140015,0.5697704031005114 
17150048,0.6108589492130112 
17160039,0.5693286495289832 
17170042,0.6045481287130301 
17180040,0.572049555782388 
17190031,0.6037133907514752 
17200033,0.5651898363074833 
17210019,0.6004997606782861 
17220014,0.5653728868249545 
17230011,0.6235574802347822 
17240012,0.6048719496772345 
17250008,0.576081927544503 
17260019,0.6117797304723397 
17270003,0.6247185191298188 
17280008,0.5776267608899119 
17290034,0.6585624273218541 
17300013,0.6102720935251361 
17310024,0.6395626317465348 
17320000,0.6061308236465072 
17330025,0.5943616231811144 
17340006,0.6149174241501607 
17350042,0.6213077910769941 
17360033,0.5967753679600435 
17370018,0.6109269431903703 
17380009,0.6226330793514449 
17390013,0.6253589764581503 
17400011,0.6365920913987914 
17410023,0.5907657581158938 
17420039,0.6693226184043654 
17430015,0.5929947880625381 
17440048,0.5874047325814213 
17450033,0.5505827013244738 
17460014,0.6401583729189172 
17470000,0.6174601612793871 
17480008,0.6037407953505342 
17490018,0.5748788746746829 
17500023,0.6260400058417572 
17510021,0.6483721512154988 
17520010,0.6348206424361769 
17530017,0.6387831721424692 
17540033,0.6415064804432886 
17550000,0.6021014230776734 
17560029,0.6231381569926462 
17570005,0.6364048115925892 
17580026,0.649681017337503 
17590004,0.6050960667109997 
17600015,0.6199041473503665 
17610025,0.6260178192642271 
17620036,0.5959996770361529 
17630022,0.6146845874339745 
17640027,0.6202992753750454 
17650047,0.6340032283805751 
17660002,0.5974220804322432 
17670013,0.6203153539450484 
17680019,0.6133604495726664 
17690039,0.5871604162058013 
17700045,0.6216926038843523 
17710016,0.6204331206241059 
17720021,0.6352855983452027 
17730047,0.5625917780385313 
17740017,0.5995509495926913 
17750048,0.6156063025619939 
17760047,0.6178773115047624 
17770011,0.6287202844672715 
17780024,0.6088167245891837 
17790047,0.5899978635598645 
17800020,0.5974140344268238 
17810032,0.6077651824867458 
17820016,0.5791894543973368 
17830006,0.5991771003682665 
17840003,0.6002724203489784 
17850049,0.6104435023839214 
17860009,0.6197036574041922 
17870010,0.615876575171736 
17880004,0.5962121828504148 
17890003,0.5926521466944742 
17900013,0.6461965664983236 
17910018,0.6393175062818629 
17920013,0.6062684651998128 
17930029,0.6031176143519662 
17940006,0.6030356947901259 
17950021,0.635201647144929 
17960022,0.6367851207310607 
17970010,0.5726321866972626 
17980026,0.5848736800968876 
17990022,0.5980162340856074 
18000015,0.6036227083844602 
18010032,0.6287626869225822 
18020009,0.6242266639985342 
18030037,0.5785867854976376 
18040034,0.5688134037301994 
18050027,0.5851417871659864 
18060044,0.6525198799345111 
18070017,0.5967403700607343 
18080017,0.595768028112388 
18090024,0.6040480743139243 
18100032,0.5976630709068179 
18110021,0.5604283889045929 
18120019,0.5905807690337361 
18130033,0.6019508687770868 
18140042,0.5933920913975024 
18150047,0.6357094506520157 
18160023,0.6017238794617985 
18170049,0.6343906179633533 
18180016,0.6182588574766844 
18190006,0.54675613057966 
18200000,0.6584067032091013 
18210012,0.6432485811350819 
18220027,0.6094572067724158 
18230045,0.5870790813910719 
18240004,0.6432043418605286 
18250000,0.5704993212459674 
18260032,0.5924084253602108 
18270018,0.6456278229738079 
18280008,0.5854060175878655 
18290039,0.6232610566564086 
18300014,0.632828875852923 
18310021,0.597121886957941 
18320030,0.6376351534147041 
18330020,0.5836093833544813 
18340024,0.554617673706296 
18350047,0.5994122281494173 
18360007,0.6058316619350596 
18370008,0.587000824988638 
18380028,0.5893606311257088 
18390012,0.6415423393865681 
18400007,0.6140850642807218 
18410004,0.6132108069000998 
18420017,0.6382476589933278 
18430007,0.6386615334793085 
18440037,0.6438645777734113 
18450001,0.6308494642641661 
18460029,0.6279784227559493 
18470020,0.5716405851705016 
18480005,0.5889600169804277 
18490043,0.6536739022089814 
18500022,0.6205089812996611 
18510028,0.6046493196987673 
18520001,0.6030097754184041 
18530027,0.6508602370267375 
18540000,0.6032640366027214 
18550026,0.5798863114336569 
18560017,0.6117126366352372 
18570002,0.6435031778734644 
18580044,0.623338355410267 
18590036,0.647404346053677 
18600022,0.6083369690949783 
18610002,0.6130592641784729 
18620018,0.5974512871892783 
18630032,0.6332981088766196 
18640011,0.6419091641961824 
18650036,0.6082036879878744 
18660008,0.5902829498577581 
18670029,0.6277048364876646 
18680049,0.6160042610920702 
18690032,0.5579606096422401 
18700015,0.5975008764899997 
18710032,0.6215726603323849 
18720016,0.5992760435556497 
18730016,0.6310130068160253 
18740004,0.6055560197286136 
18750009,0.6315616311526154 
18760007,0.5806065731945459 
18770003,0.6105999201139867 
18780004,0.6527810571362608 
18790011,0.5931328436069148 
18800046,0.5882985077070896 
18810046,0.6049632342013596 
18820029,0.6094744758651408 
18830030,0.5775688833432845 
18840015,0.5896057963470438 
18850022,0.6272555931543561 
18860036,0.591661782807462 
18870010,0.6116098687448245 
18880011,0.6397565264946575 
18890034,0.6022320541218051 
18900038,0.6199918999329496 
18910016,0.6203103043663684 
18920043,0.6332783386131322 
18930021,0.6130812337463658 
18940019,0.6169038735602201 
18950013,0.5973207618299898 
18960015,0.6092495594946018 
18970000,0.6102991583355697 
18980015,0.649291636693958 
18990007,0.6328051166642169 
19000019,0.6130725480275343 
19010014,0.6528282796309994 
19020030,0.5801416869575438 
19030012,0.5311214582318929 
19040015,0.6643232253876126 
19050030,0.6157357183187557 
19060044,0.6049813351505079 
19070016,0.6052136788490501 
19080037,0.6090017349998855 
19090018,0.6570508428769609 
19100000,0.6205767039222373 
19110003,0.6067147353439251 
19120021,0.6202212655223258 
19130044,0.6196262015344299 
19140015,0.61777246062691 
19150003,0.5801059011809379 
19160049,0.6200975170760684 
19170001,0.636975596792194 
19180024,0.6703095378793579 
19190037,0.5575444180373413 
19200046,0.6057641768575271 
19210019,0.6177629458740941 
19220033,0.6026959785382061 
19230040,0.6029978886082821 
19240025,0.6034457879285465 
19250020,0.6427008179476953 
19260001,0.5989123468139822 
19270011,0.6542375830554564 
19280000,0.6207691309696534 
19290016,0.6271200932717563 
19300042,0.5792587532055808 
19310037,0.6248988058341425 
19320010,0.6159631937118516 
19330024,0.5979091719710365 
19340030,0.6357884161448797 
19350033,0.6086876384930439 
19360006,0.6253942988081208 
19370014,0.6164945733891495 
19380029,0.6035013691774476 
19390035,0.6657713331061927 
19400017,0.5627304224461088 
19410044,0.5917169488713219 
19420009,0.6360076198311492 
19430042,0.6422631798477944 
19440009,0.6111340184375842 
19450004,0.635344762157422 
19460029,0.6107962232296664 
19470017,0.6235404930459569 
19480002,0.6595694989643386 
19490014,0.6512060243677891 
19500003,0.6223949191518183 
19510032,0.6552793275152953 
19520036,0.625968122989239 
19530036,0.5889418828657879 
19540012,0.6131889553871984 
19550015,0.6634725462613509 
19560022,0.6249933304354743 
19570041,0.5738839102910721 
19580028,0.6323078131628779 
19590019,0.6055349855796028 
19600042,0.5917500778188625 
19610017,0.5994069662707433 
19620001,0.6276541417898597 
19630033,0.6091626092009723 
19640002,0.6748856684454619 
19650037,0.5958817635192316 
19660016,0.6186577710245627 
19670009,0.6396181756319745 
19680027,0.6606329748140829 
19690014,0.6566288432712712 
19700018,0.5855085450864671 
19710027,0.5780111496931604 
19720006,0.6318379135410014 
19730043,0.6403767868841399 
19740023,0.6131187378937749 
19750009,0.658173549409088 
19760036,0.5837493199348943 
19770027,0.6530442096321647 
19780043,0.6416399050335162 
19790011,0.6640826293241354 
19800001,0.61607833875417 
19810005,0.6316898677026939 
19820032,0.6054019302687829 
19830022,0.6252287170062105 
19840029,0.5806935855167263 
19850048,0.6782160187252869 
19860001,0.6139466502566346 
19870043,0.6022601703671929 
19880004,0.5525846139816727 
19890004,0.6080868107055454 
19900040,0.6564635095776965 
19910011,0.6794029322333531 
19920034,0.6345258363640716 
19930022,0.6753191690370824 
19940009,0.5933348330429414 
19950044,0.6258946980955312 
19960029,0.6598596928253235 
19970039,0.5870772065025758 
19980025,0.588576614136077 
19990022,0.6071583477996425 
20000019,0.5954786163917254 
20010006,0.6554549483957278 
20020033,0.6483339821099943 
20030017,0.594850348004882 
20040040,0.642978998126057 
20050043,0.6434522996942018 
20060048,0.6243701848354486 
20070032,0.6071011608006147 
20080014,0.6357529187662568 
20090006,0.6406608449882641 
20100024,0.6362684438323825 
20110034,0.6426515404903889 
20120017,0.6342090223643931 
20130015,0.6114062754611023 
20140034,0.6227242757383478 
20150036,0.6794152566781877 
20160014,0.6437386509795138 
20170015,0.5901481232598549 
20180031,0.5917552460443208 
20190006,0.6823756986121124 
20200032,0.6024829218067975 
20210016,0.6174948808707782 
20220029,0.6675927681339162 
20230038,0.6256313423053097 
20240049,0.6321662088880938 
20250039,0.6042721944173012 
20260038,0.6772477847565086 
20270010,0.6596110738738943 
20280024,0.645333854165322 
20290036,0.6346714841205139 
20300024,0.6504613332404527 
20310009,0.6390015126175068 
20320010,0.663346610623299 
20330018,0.5742957018931045 
20340012,0.6123846349676634 
20350027,0.6324853965761574 
20360020,0.6442607249682006 
20370013,0.5747763559497104 
20380025,0.6058750096785888 
20390010,0.6234310097338001 
20400026,0.6397237963796468 
20410005,0.6475345151584871 
20420041,0.6250726121871036 
20430030,0.6318738326407753 
20440011,0.60746709022169 
20450015,0.6008641918305784 
20460020,0.593809026415966 
20470026,0.6310207571436958 
20480013,0.6201579257664418 
20490024,0.6648896001909741 
20500010,0.5662596349507177 
20510006,0.6220188162744361 
20520009,0.6041727917155122 
20530001,0.6725882229791388 
20540037,0.6211755606373879 
20550005,0.5773691763150378 
20560003,0.6710677486474603 
20570019,0.5312927655419916 
20580001,0.617716508768299 
20590006,0.6058329747240249 
20600032,0.6097069291003115 
20610025,0.6409544223764118 
20620010,0.6198438493242414 
20630039,0.5810014303124075 
20640009,0.6589527594685357 
20650012,0.6394731117844927 
20660025,0.6018135624948461 
20670020,0.6583124209111213 
20680018,0.636027616543402 
20690030,0.6471015885951052 
20700010,0.6074738373959438 
20710037,0.5939544659697104 
20720044,0.6406786017366612 
20730040,0.6286883022392425 
20740042,0.6477650916379759 
20750042,0.6203241680839948 
20760005,0.5765173474767897 
20770032,0.6248934395199033 
20780017,0.6516198186655235 
20790002,0.6083794929588442 
20800009,0.6525395459556581 
20810014,0.6067218869418798 
20820027,0.6060199031252664 
20830009,0.6429427549607234 
20840034,0.6078728804734997 
20850037,0.6014080995543843 
20860009,0.618438188187434 
20870012,0.6858510205701712 
20880005,0.6444911658986283 
20890024,0.6628482297934467 
20900013,0.5905686637130717 
20910019,0.633739534349672 
20920030,0.6220257043014121 
20930024,0.6296973482727014 
20940016,0.6362988913969083 
20950019,0.6198454456894283 
20960012,0.654192612531095 
20970033,0.5790932967549941 
20980034,0.6230240375672166 
20990026,0.6065708193100537 
21000036,0.592695235639609 
21010002,0.600141317091473 
21020004,0.6532263148955281 
21030028,0.6343798388050498 
21040040,0.6340743368715834 
21050007,0.6475049447860434 
21060024,0.6504471729357137 
21070006,0.5922877296042829 
21080029,0.557853738033626 
21090005,0.6275215648479927 
21100021,0.6521159718424507 
21110009,0.6108448709410249 
21120028,0.6014649608333015 
21130021,0.6031397729688357 
21140027,0.586804473581347 
21150033,0.6114687101278407 
21160021,0.6110905173445823 
21170009,0.6243587582103285 
21180020,0.6383036192995906 
21190028,0.611187667771516 
21200028,0.6428397923172642 
21210026,0.6336509748907111 
21220018,0.6268921790793675 
21230006,0.6491443334527767 
21240046,0.6560093296905759 
21250023,0.6061899988475214 
21260034,0.6569483487269999 
21270031,0.6020255068349152 
21280029,0.5774238858230826 
21290014,0.6452620610421123 
21300013,0.5930768324200938 
21310037,0.6387586020932949 
21320023,0.625879514410836 
21330000,0.6478736329443702 
21340015,0.6144136201538518 
21350018,0.5920427756466717 
21360006,0.6273112116193286 
21370026,0.6217756385451202 
21380004,0.6538155149253029 
21390024,0.6752982031131136 
21400034,0.643313456957815 
21410034,0.6477886471390571 
21420005,0.6287301924418291 
21430002,0.6712394774343304 
21440015,0.5784322104672734 
21450044,0.5850337329621217 
21460008,0.6255011311468205 
21470037,0.6612589736916076 
21480008,0.6168618482838376 
21490025,0.6059080822265407 
21500030,0.6450916529187898 
21510037,0.6532868926390892 
21520001,0.5876899607708618 
21530028,0.6154093578165782 
21540010,0.6432525584404725 
21550039,0.6456759973845475 
21560036,0.6410312520700907 
21570035,0.5965756323132687 
21580040,0.6899323091449909 
21590017,0.6304784316603776 
21600033,0.6600661963397139 
21610006,0.6009320122983693 
21620019,0.6771455955752851 
21630023,0.6212229368349951 
21640024,0.6031449979130975 
21650024,0.6364717716814386 
21660024,0.6056438552543562 
21670049,0.5895120537880331 
21680036,0.6219375613255655 
21690016,0.6025535302881408 
21700008,0.6054372873561915 
21710000,0.6509167247715433 
21720014,0.6146427698286966 
21730026,0.6269726008353503 
21740032,0.6630183631441372 
21750026,0.5840602517801271 
21760032,0.6009906346078213 
21770026,0.6250357941855501 
21780007,0.6162018255578093 
21790004,0.582815876933524 
21800044,0.6270329801569793 
21810014,0.6250080899632782 
21820008,0.6606804881989073 
21830042,0.6404918859507347 
21840021,0.6595548695654627 
21850016,0.6147819198943172 
21860024,0.6093782345384909 
21870033,0.6401625315255545 
21880024,0.6254978504869817 
21890039,0.5709202519376276 
21900017,0.6445436662543594 
21910035,0.6011519322934712 
21920020,0.6236053082747024 
21930006,0.676940638109076 
21940021,0.6658026606382366 
21950014,0.6281007284548283 
21960024,0.6033947416680683 
21970018,0.6875027656404175 
21980007,0.6364403246666758 
21990010,0.6042768723881635 
22000002,0.6134959643009861 
22010029,0.6475546255114779 
22020040,0.6640279686647588 
22030019,0.6582382360701525 
22040047,0.5907844369546952 
22050007,0.5868910868972789 
22060035,0.6506459784188446 
22070036,0.5891005444061198 
22080030,0.6485690878442909 
22090049,0.6989773959100456 
22100014,0.6520735152884756 
22110022,0.6155151384936685 
22120029,0.6268229035964458 
22130028,0.648547607542383 
22140002,0.6779013305582757 
22150043,0.6509782870620083 
22160012,0.6079089461524849 
22170007,0.5908950484570685 
22180006,0.6591491926487363 
22190006,0.5929150698540925 
22200015,0.644279900973955 
22210006,0.6461750210713257 
22220000,0.6749390999051558 
22230034,0.626182085266467 
22240023,0.687431771411063 
22250034,0.6441022305183112 
22260001,0.6648956899616778 
22270016,0.6118825626109581 
22280028,0.5645870072615633 
22290008,0.6435582661218254 
22300017,0.6339762859433035 
22310016,0.6199501649271435 
22320035,0.6838150139620728 
22330009,0.6569238051883863 
22340000,0.6151885626525551 
22350016,0.7114234287847052 
22360047,0.659919859381464 
22370008,0.5933247061246286 
22380002,0.6252204686712778 
22390008,0.6554699942556473 
22400048,0.6452080165853235 
22410002,0.6482960981496626 
22420013,0.6763581648075319 
22430033,0.6107484947817031 
22440001,0.5937213020060127 
22450022,0.6597889474588683 
22460040,0.6307253628300228 
22470016,0.6305085642675943 
22480034,0.6076576446282527 
22490007,0.6471967995518816 
22500015,0.6490105845700246 
22510002,0.5979942673836536 
22520028,0.6610158491844308 
22530047,0.6506807569447183 
22540024,0.6424702920783966 
22550049,0.6203645364254149 
22560011,0.6319041706841013 
22570018,0.6560373906834109 
22580019,0.5929049882510169 
22590015,0.6292320071761862 
22600039,0.6586557983389446 
22610032,0.6515496761602195 
22620036,0.6283895570660277 
22630041,0.6308439634347018 
22640041,0.6335858069120048 
22650004,0.6377339201109857 
22660026,0.7058064588656454 
22670028,0.6257563214941523 
22680027,0.6164969036644614 
22690034,0.5679568871964297 
22700020,0.6397686433540558 
22710030,0.6066780350614696 
22720021,0.6475366137130844 
22730047,0.6257418171818295 
22740040,0.6604401380168515 
22750000,0.6101074387264361 
22760004,0.6455982820364489 
22770000,0.6288106907863351 
22780031,0.6328426584096344 
22790007,0.6127701894731425 
22800027,0.6963577213019481 
22810008,0.636966587058871 
22820011,0.644166779512048 
22830040,0.5830001180122808 
22840028,0.584481368267544 
22850021,0.6155901941561648 
22860021,0.6427307466207328 
22870006,0.64712250416733 
22880006,0.6750868932644808 
22890012,0.621358098378524 
22900029,0.6575011789457061 
22910008,0.6454069130738982 
22920034,0.6158455743754415 
22930015,0.6108344707707005 
22940042,0.6494387201626514 
22950046,0.6816024458152714 
22960015,0.6691230187295442 
22970014,0.6038944206875514 
22980020,0.6485441952581652 
22990039,0.6674921869449048 
23000018,0.5872510035559098 
23010019,0.6519941197134945 
