0.05
-0.13
0.1
0.01
-0.09
0.06
-0.04
-0.17
0.01
7.98
0.04
0.1
-0.07
7.94
0.02
0.03
-0.0
-0.04
-0.03
-0.09
0.04
0.12
0.11
0.03
-0.03
0.03
-0.03
-0.0
-0.0
0.01
0.04
-0.11
-0.04
-0.07
0.02
0.08
-0.13
-0.04
0.01
-0.14
-0.22
-0.06
0.1
0.02
0.02
0.05
-0.05
0.01
0.03
0.1
-0.12
-0.08
-0.11
-0.09
7.88
-0.05
-0.03
0.02
0.04
7.96
-0.04
-0.05
0.0
0.05
-0.05
7.96
8.05
0.03
0.02
0.01
-0.06
0.07
-0.01
0.01
-0.05
-0.08
-0.02
0.14
0.04
-0.06
-0.06
0.03
0.03
0.11
-0.04
8.11
0.05
-0.13
-0.08
-0.04
0.0
0.03
0.04
0.01
-0.01
0.1
-0.05
-0.06
-0.11
-0.04
0.05
0.07
-0.01
-0.13
0.04
0.01
-0.03
0.08
-0.04
0.0
-0.06
8.0
0.07
0.01
0.04
-0.05
0.06
0.01
-0.01
-0.02
-0.09
-0.16
-0.08
0.08
-0.02
0.07
0.0
-0.05
-0.04
0.01
-0.1
-0.04
-0.05
-0.07
-0.1
7.91
7.91
-0.02
0.02
0.01
0.01
-0.0
0.07
-0.17
0.05
0.01
-0.12
-0.07
0.05
-0.08
-0.07
-0.02
-0.05
0.09
-0.05
0.03
-0.06
0.02
8.14
-0.07
-0.0
-0.02
-0.08
-0.01
-0.09
8.02
-0.04
0.03
-0.03
-0.06
0.05
-0.04
-0.07
-0.03
-0.0
0.03
0.08
0.0
-0.0
-0.06
0.01
-0.07
0.0
0.06
0.01
0.07
-0.03
0.01
0.02
0.07
-0.0
0.02
0.01
0.07
-0.07
0.06
-0.01
-0.06
0.12
-0.1
-0.05
-0.03
-0.02
-0.05
0.01
-0.05
-0.02
-0.03
-0.05
0.06
0.04
-0.02
-0.0
0.08
-0.03
0.05
0.05
8.05
0.06
0.06
-0.14
0.03
0.12
-0.02
0.03
-0.05
-0.03
-0.03
-0.02
0.01
-0.07
0.03
-0.16
0.09
0.13
-0.02
0.04
-0.07
0.01
0.02
-0.1
-0.03
0.01
0.09
-0.06
-0.04
-0.13
8.05
8.1
-0.09
-0.02
8.03
-0.11
0.02
-0.03
0.12
0.14
0.02
0.09
0.03
0.04
-0.0
-0.05
-0.02
0.06
-0.03
-0.0
8.07
-0.15
0.0
-0.04
0.03
8.12
-0.06
0.06
0.0
0.05
-0.02
-0.02
-0.02
-0.15
8.08
-0.09
0.03
0.16
-0.1
0.03
-0.02
0.02
-0.11
0.14
0.01
-0.0
0.08
-0.07
0.0
0.05
0.05
-0.0
0.08
0.05
-0.0
-0.0
0.08
0.0
8.03
-0.02
-0.13
-0.03
8.24
-0.06
-0.05
-0.05
-0.05
0.08
-0.06
0.15
-0.05
-0.06
7.88
-0.01
0.01
0.01
-0.01
-0.05
0.0
0.07
-0.05
-0.11
-0.03
-0.07
0.09
0.04
0.06
-0.04
8.08
0.0
-0.16
-0.05
-0.04
-0.0
-0.12
0.01
-0.1
-0.01
0.0
-0.02
0.01
-0.04
-0.13
0.1
-0.09
0.03
-0.09
-0.13
0.0
-0.1
-0.05
-0.07
0.11
0.01
0.06
-0.04
0.01
-0.09
0.07
0.0
-0.09
-0.02
0.05
-0.02
7.94
-0.02
-0.06
-0.02
0.1
0.04
0.08
-0.06
-0.06
-0.01
0.05
0.09
0.07
-0.03
-0.08
-0.06
-0.07
-0.01
-0.05
-0.03
-0.07
0.03
0.08
-0.04
0.05
-0.05
0.02
-0.05
-0.07
0.08
-0.0
0.01
-0.02
-0.06
-0.08
0.03
0.02
-0.1
-0.15
0.04
-0.0
0.06
0.05
0.05
0.04
8.01
-0.03
0.05
0.13
0.01
0.02
-0.11
0.09
0.01
-0.04
-0.16
-0.04
-0.03
-0.0
0.06
0.07
-0.01
-0.05
0.01
0.06
8.18
-0.07
-0.01
-0.0
-0.1
0.01
-0.07
-0.09
0.1
-0.01
0.04
-0.02
0.04
0.04
-0.07
0.0
0.01
-0.11
0.01
-0.02
-0.12
0.02
8.09
-0.2
-0.08
-0.11
-0.06
0.05
-0.02
0.07
-0.0
-0.0
0.05
-0.0
-0.13
-0.04
0.01
-0.0
0.12
-0.02
0.01
0.05
-0.07
-0.09
-0.04
0.01
-0.08
-0.05
0.01
-0.01
-0.1
-0.05
0.03
0.04
-0.1
0.08
-0.04
0.08
0.02
-0.02
0.05
-0.04
0.01
-0.09
-0.04
0.08
-0.09
-0.1
0.1
8.03
0.01
0.04
-0.13
-0.0
0.05
-0.09
16.08
0.01
-0.05
-0.08
-0.05
-0.12
-0.03
0.04
-0.01
-0.02
0.04
-0.03
-0.03
-0.09
0.01
-0.08
-0.01
0.02
0.01
0.05
0.02
-0.09
-0.04
8.06
-0.07
0.02
-0.0
-0.03
0.09
-0.05
0.01
0.04
0.07
0.05
0.0
7.93
-0.05
-0.07
0.05
-0.0
-0.03
0.0
0.02
0.14
0.06
0.11
0.03
-0.12
0.04
0.06
8.13
-0.04
0.0
0.01
0.02
-0.0
-0.08
-0.02
7.98
0.06
-0.08
0.02
-0.11
18.03
-0.01
-0.04
0.05
-0.1
-0.09
-0.0
-0.04
0.03
-0.01
-0.01
0.06
-0.13
-0.07
-0.01
-0.04
0.07
0.01
0.02
0.05
0.0
-0.01
-0.03
-0.17
-0.03
0.0
0.02
0.02
0.1
-0.08
0.09
-0.05
-0.01
-0.1
0.02
-0.01
-0.09
-0.14
-0.07
0.12
-0.06
-0.05
0.02
-0.03
0.06
0.0
-0.03
-0.08
0.07
8.09
0.04
0.01
8.0
0.07
0.06
0.01
0.13
0.04
-0.08
0.05
0.04
0.05
0.03
8.05
-0.07
0.04
8.17
-0.01
0.0
-0.11
0.01
0.14
0.0
0.06
-0.09
-0.02
0.02
-0.04
0.03
8.02
-0.02
8.04
0.02
-0.0
8.02
-0.08
-0.04
-0.09
-0.11
0.09
-0.05
-0.0
-0.0
7.93
-0.01
0.07
-0.03
0.07
-0.05
-0.05
-0.01
-0.01
0.0
-0.04
0.05
-0.0
0.0
7.93
0.01
0.02
0.09
0.07
-0.03
0.01
0.0
-0.03
-0.02
-0.02
-0.0
0.04
0.02
0.02
-0.05
-0.05
-0.09
-0.06
