10000,-194.95 
20000,-195.45 
30000,-192.6 
40000,-192.8 
50000,-192.25 
60000,-193.4 
70000,-192.75 
80000,-193.15 
90000,-192.2 
100000,-191.5 
110000,-191.4 
120000,-190.55 
130000,-190.15 
140000,-188.85 
150000,-189.7 
160000,-190.5 
170000,-188.05 
180000,-187.5 
190000,-188.05 
200000,-187.6 
210000,-185.55 
220000,-187.1 
230000,-187.3 
240000,-187.1 
250000,-186.85 
260000,-187.25 
270000,-187.3 
280000,-187.0 
290000,-185.25 
300000,-187.2 
310000,-186.3 
320000,-186.4 
330000,-185.7 
340000,-186.45 
350000,-185.95 
360000,-184.7 
370000,-185.1 
380000,-185.05 
390000,-184.25 
400000,-185.15 
410000,-186.5 
420000,-186.65 
430000,-185.0 
440000,-187.1 
450000,-184.5 
460000,-185.3 
470000,-185.2 
480000,-184.45 
490000,-184.9 
500000,-184.75 
510000,-185.95 
520000,-184.75 
530000,-184.0 
540000,-183.75 
550000,-186.1 
560000,-183.4 
570000,-182.45 
580000,-182.7 
590000,-183.4 
600000,-184.55 
610000,-181.15 
620000,-182.15 
630000,-183.1 
640000,-182.05 
650000,-182.25 
660000,-181.6 
670000,-181.3 
680000,-180.4 
690000,-182.65 
700000,-180.35 
710000,-180.5 
720000,-183.0 
730000,-181.9 
740000,-180.35 
750000,-180.05 
760000,-182.3 
770000,-180.0 
780000,-180.25 
790000,-180.45 
800000,-179.5 
810000,-177.95 
820000,-181.1 
830000,-179.5 
840000,-179.2 
850000,-179.1 
860000,-179.15 
870000,-178.95 
880000,-179.55 
890000,-178.65 
900000,-179.55 
910000,-176.7 
920000,-177.8 
930000,-178.7 
940000,-177.45 
950000,-177.9 
960000,-175.75 
970000,-176.9 
980000,-177.7 
990000,-176.55 
1000000,-176.85 
1010000,-176.8 
1020000,-178.2 
1030000,-176.45 
1040000,-176.6 
1050000,-177.3 
1060000,-175.85 
1070000,-175.95 
1080000,-175.75 
1090000,-175.0 
1100000,-174.05 
1110000,-174.85 
1120000,-174.8 
1130000,-177.05 
1140000,-173.2 
1150000,-173.45 
1160000,-174.0 
1170000,-174.75 
1180000,-173.35 
1190000,-175.1 
1200000,-173.65 
1210000,-171.45 
1220000,-173.4 
1230000,-171.5 
1240000,-171.75 
1250000,-170.95 
1260000,-171.7 
1270000,-169.75 
1280000,-172.35 
1290000,-170.9 
1300000,-171.6 
1310000,-171.9 
1320000,-171.25 
1330000,-171.15 
1340000,-170.85 
1350000,-170.0 
1360000,-169.7 
1370000,-169.9 
1380000,-167.4 
1390000,-170.2 
1400000,-170.0 
1410000,-169.15 
1420000,-168.0 
1430000,-168.9 
1440000,-168.1 
1450000,-169.6 
1460000,-168.1 
1470000,-170.85 
1480000,-168.75 
1490000,-169.05 
1500000,-168.2 
1510000,-167.45 
1520000,-168.9 
1530000,-167.85 
1540000,-168.35 
1550000,-167.35 
1560000,-166.7 
1570000,-166.1 
1580000,-167.95 
1590000,-169.1 
1600000,-165.95 
1610000,-167.5 
1620000,-166.0 
1630000,-167.9 
1640000,-168.3 
1650000,-167.7 
1660000,-166.2 
1670000,-166.0 
1680000,-166.1 
1690000,-167.0 
1700000,-166.8 
1710000,-165.9 
1720000,-165.6 
1730000,-164.95 
1740000,-164.7 
1750000,-166.75 
1760000,-166.45 
1770000,-165.95 
1780000,-166.35 
1790000,-166.85 
1800000,-166.0 
1810000,-167.0 
1820000,-165.1 
1830000,-164.1 
1840000,-163.6 
1850000,-165.35 
1860000,-164.1 
1870000,-165.1 
1880000,-161.95 
1890000,-163.45 
1900000,-162.9 
1910000,-162.8 
1920000,-161.7 
1930000,-163.25 
1940000,-162.95 
1950000,-161.8 
1960000,-159.85 
1970000,-160.85 
1980000,-163.1 
1990000,-162.05 
2000000,-159.65 
2010000,-160.6 
2020000,-158.7 
2030000,-158.35 
2040000,-158.5 
2050000,-157.6 
2060000,-158.05 
2070000,-158.45 
2080000,-157.75 
2090000,-158.3 
2100000,-157.5 
2110000,-157.75 
2120000,-156.5 
2130000,-156.45 
2140000,-157.9 
2150000,-156.8 
2160000,-157.0 
2170000,-155.7 
2180000,-155.1 
2190000,-157.25 
2200000,-154.9 
2210000,-154.0 
2220000,-155.15 
2230000,-153.45 
2240000,-154.7 
2250000,-154.15 
2260000,-152.95 
2270000,-154.35 
2280000,-152.35 
2290000,-153.55 
2300000,-153.4 
2310000,-153.25 
2320000,-152.25 
2330037,-154.81592039800995 
2340037,-154.0 
2350037,-153.05 
2360037,-153.75 
2370017,-152.4 
2380017,-152.85 
2390008,-150.72 
2400008,-153.15 
2410008,-152.4 
2420003,-150.7 
2430049,-150.96517412935324 
2440049,-153.25 
2450049,-155.0 
2460049,-153.2 
2470049,-151.75 
2480049,-153.05 
2490049,-150.6 
2500031,-151.59 
2510031,-151.75 
2520019,-151.61 
2530019,-153.65 
2540011,-153.24 
2550046,-151.8407960199005 
2560046,-150.4 
2570046,-154.65 
2580046,-149.65 
2590046,-151.9 
2600033,-152.04 
2610033,-153.0 
2620033,-150.8 
2630033,-150.15 
2640027,-150.18 
2650006,-153.88 
2660006,-151.25 
2670045,-150.87562189054725 
2680045,-152.3 
2690025,-151.8 
2700025,-152.2 
2710025,-151.05 
2720018,-151.71 
2730018,-153.4 
2740006,-149.76 
2750006,-151.05 
2760039,-151.35323383084577 
2770039,-151.4 
2780019,-149.35 
2790006,-148.59 
2800028,-150.6865671641791 
2810028,-151.3 
2820028,-152.35 
2830023,-151.2 
2840021,-151.31 
2850046,-150.64676616915423 
2860046,-153.25 
2870018,-151.59 
2880004,-152.67 
2890004,-152.1 
2900036,-150.18905472636817 
2910023,-150.14 
2920008,-150.35 
2930008,-152.7 
2940037,-150.47761194029852 
2950031,-153.83 
2960031,-153.55 
2970030,-150.73 
2980018,-152.81 
2990018,-150.8 
3000002,-151.73 
3010002,-152.2 
3020029,-149.34328358208955 
3030017,-150.81 
3040045,-152.54726368159203 
3050045,-151.65 
3060036,-150.02 
3070014,-151.96 
3080047,-151.45273631840797 
3090030,-152.16 
3100020,-153.2 
3110020,-153.05 
3120020,-152.6 
3130038,-149.01492537313433 
3140035,-150.79 
3150010,-153.5 
3160007,-152.59 
3170041,-151.72139303482587 
3180040,-151.37313432835822 
3190040,-152.6 
3200022,-148.49 
3210013,-151.52 
3220042,-152.2189054726368 
3230000,-148.91 
3240000,-152.75 
3250048,-150.75621890547265 
3260048,-152.35 
3270048,-151.05 
3280040,-150.89 
3290023,-152.56 
3300017,-150.48 
3310008,-150.92 
3320002,-150.28 
3330021,-150.47761194029852 
3340021,-151.6 
3350020,-147.7910447761194 
3360033,-150.50746268656715 
3370003,-147.55 
3380028,-150.09950248756218 
3390011,-150.41 
3400010,-150.08 
3410049,-148.83582089552237 
3420049,-151.25 
3430041,-147.69 
3440043,-146.45771144278606 
3450024,-149.82 
3460011,-146.19 
3470011,-145.67164179104478 
3480042,-146.33830845771143 
3490007,-147.9 
3500035,-148.318407960199 
3510029,-149.83084577114428 
3520003,-146.33 
3530014,-147.03482587064676 
3540040,-146.03980099502488 
3550032,-148.04 
3560032,-149.75 
3570049,-146.90547263681592 
3580021,-144.59 
3590025,-145.35323383084577 
3600025,-149.35 
3610009,-142.01990049751242 
3620002,-148.86 
3630036,-146.1492537313433 
3640036,-146.35 
3650000,-145.23 
3660000,-147.05 
3670000,-147.15 
3680041,-146.98507462686567 
3690009,-145.26 
3700037,-145.73134328358208 
3710011,-144.28 
3720006,-146.7 
3730034,-144.83582089552237 
3740034,-145.15 
3750013,-145.83 
3760013,-144.45 
3770017,-142.56716417910448 
3780002,-143.1 
3790044,-145.96019900497512 
3800044,-145.7 
3810040,-145.62 
3820031,-142.47 
3830017,-142.52 
3840014,-142.77611940298507 
3850005,-142.97 
3860033,-144.48756218905473 
3870012,-143.33 
3880037,-143.53233830845772 
3890037,-144.9 
3900034,-143.74 
3910029,-146.3 
3920034,-143.08457711442787 
3930038,-144.55721393034827 
3940038,-143.85 
3950009,-144.07 
3960047,-144.8855721393035 
3970004,-141.89 
3980041,-141.02970297029702 
3990041,-144.8 
4000041,-143.9 
4010028,-140.7363184079602 
4020040,-141.88059701492537 
4030007,-141.44 
4040006,-142.98 
4050036,-141.19402985074626 
4060036,-143.15 
4070022,-139.6218905472637 
4080040,-142.19900497512438 
4090022,-142.89 
4100022,-144.25 
4110003,-142.22 
4120003,-142.9 
4130003,-144.3 
4140029,-143.8507462686567 
4150009,-142.85 
4160044,-142.98507462686567 
4170044,-145.2 
4180018,-141.18 
4190017,-141.23 
4200015,-142.71 
4210026,-141.71144278606965 
4220010,-138.98507462686567 
4230010,-144.2 
4240033,-141.1044776119403 
4250041,-141.00497512437812 
4260019,-140.86 
4270027,-142.0497512437811 
4280043,-141.4129353233831 
4290028,-143.75 
4300002,-140.27860696517413 
4310029,-138.95049504950495 
4320012,-142.06 
4330030,-143.14427860696517 
4340014,-142.08 
4350039,-140.09950248756218 
4360023,-143.23 
4370007,-141.78 
4380023,-137.74257425742573 
4390006,-142.81 
4400006,-144.2 
4410034,-142.29850746268656 
4420011,-143.64 
4430015,-140.4257425742574 
4440041,-141.66169154228857 
4450013,-144.14 
4460036,-142.8955223880597 
4470015,-139.88059701492537 
4480015,-144.3 
4490024,-140.47761194029852 
4500036,-142.77611940298507 
4510042,-140.26865671641792 
4520012,-142.2 
4530049,-143.02487562189054 
4540034,-141.45 
4550033,-143.88 
4560027,-142.33 
4570034,-142.41584158415841 
4580036,-140.98507462686567 
4590000,-139.38 
4600027,-142.02985074626866 
4610001,-141.12437810945275 
4620043,-143.273631840796 
4630048,-139.50248756218906 
4640048,-143.75 
4650037,-143.98 
4660015,-143.51 
4670019,-141.82089552238807 
4680006,-142.04 
4690035,-142.86567164179104 
4700013,-139.86069651741295 
4710040,-141.88059701492537 
4720045,-141.74129353233832 
4730040,-144.87562189054725 
4740007,-143.29 
4750008,-139.12437810945275 
4760025,-138.01970443349754 
4770009,-140.18 
4780001,-140.8855721393035 
4790014,-140.2089552238806 
4800027,-142.64676616915423 
4810038,-140.2189054726368 
4820023,-138.70646766169153 
4830023,-144.4 
4840023,-143.45 
4850018,-141.14427860696517 
4860010,-142.02985074626866 
4870047,-143.273631840796 
4880006,-142.88 
4890037,-144.79601990049753 
4900032,-142.13930348258705 
4910011,-144.08 
4920047,-142.10945273631842 
4930046,-141.97014925373134 
4940041,-139.55223880597015 
4950001,-142.05 
4960029,-142.1492537313433 
4970001,-143.59 
4980005,-140.6766169154229 
4990042,-139.54455445544554 
5000028,-143.77 
5010028,-144.1 
5020028,-144.55 
5030018,-140.5 
5040005,-140.03980099502488 
5050005,-144.4 
5060000,-140.84577114427861 
5070000,-143.15 
5080004,-140.07960199004975 
5090010,-141.2139303482587 
5100043,-141.2537313432836 
5110026,-144.66 
5120029,-143.34328358208955 
5130007,-141.81 
5140032,-142.93532338308458 
5150013,-140.97 
5160015,-140.48756218905473 
5170030,-139.60199004975124 
5180027,-141.49 
5190015,-138.62376237623764 
5200026,-142.3084577114428 
5210037,-140.81592039800995 
5220003,-141.62 
5230039,-144.0497512437811 
5240018,-139.88 
5250026,-137.63366336633663 
5260048,-142.3781094527363 
5270034,-142.2089552238806 
5280042,-139.61194029850745 
5290014,-142.74 
5300011,-141.59 
5310020,-140.97512437810946 
5320038,-141.9502487562189 
5330038,-142.4 
5340048,-142.48756218905473 
5350037,-140.38 
5360037,-142.45 
5370006,-139.43 
5380044,-137.83168316831683 
5390001,-139.04 
5400048,-142.12935323383084 
5410035,-143.79 
5420025,-141.3 
5430025,-143.2 
5440025,-143.05 
5450007,-140.38805970149255 
5460012,-141.39303482587064 
5470009,-139.9900497512438 
5480033,-141.3233830845771 
5490030,-140.48756218905473 
5500025,-140.0 
5510042,-138.84577114427861 
5520005,-139.66 
5530040,-142.47524752475246 
5540022,-142.04 
5550032,-143.08457711442787 
5560012,-139.00497512437812 
5570034,-141.6318407960199 
5580011,-141.69 
5590016,-141.44278606965173 
5600037,-141.66169154228857 
5610044,-138.99502487562188 
5620030,-139.77114427860695 
5630028,-143.26 
5640004,-139.12437810945275 
5650028,-139.7810945273632 
5660007,-142.23 
5670013,-136.75247524752476 
5680015,-141.08457711442787 
5690037,-141.43283582089552 
5700016,-142.43 
5710002,-140.76616915422886 
5720011,-141.37313432835822 
5730029,-139.2636815920398 
5740019,-141.05 
5750006,-139.14427860696517 
5760018,-137.46534653465346 
5770049,-143.70149253731344 
5780046,-141.83084577114428 
5790023,-138.44776119402985 
5800028,-141.39303482587064 
5810026,-143.51 
5820045,-142.2189054726368 
5830020,-141.45 
5840007,-140.54 
5850006,-141.5721393034826 
5860028,-139.24752475247524 
5870003,-140.05 
5880049,-143.60199004975124 
5890009,-139.7 
5900046,-140.53465346534654 
5910023,-140.48756218905473 
5920013,-144.7 
5930030,-141.83084577114428 
5940030,-141.4 
5950028,-139.46268656716418 
5960023,-141.54228855721394 
5970001,-141.1044776119403 
5980032,-141.71144278606965 
5990045,-142.84577114427861 
6000043,-139.71144278606965 
6010025,-142.24 
6020027,-144.4179104477612 
6030024,-142.92537313432837 
6040004,-140.7462686567164 
6050012,-139.26732673267327 
6060041,-142.5174129353234 
6070004,-143.81 
6080039,-141.73267326732673 
6090005,-141.72 
6100049,-140.4257425742574 
6110021,-142.12935323383084 
6120042,-141.85148514851485 
6130002,-140.9 
6140048,-142.55721393034827 
6150004,-138.47761194029852 
6160006,-141.13432835820896 
6170002,-144.57 
6180004,-142.12935323383084 
6190037,-143.9402985074627 
6200018,-141.97 
6210010,-143.29 
6220025,-139.85148514851485 
6230025,-143.1 
6240031,-140.76616915422886 
6250039,-140.85572139303483 
6260016,-141.14 
6270012,-145.17 
6280037,-141.29353233830847 
6290048,-142.50746268656715 
6300014,-139.72 
6310001,-144.24 
6320043,-141.32673267326732 
6330049,-141.61194029850745 
6340041,-142.94 
6350030,-140.5273631840796 
6360027,-141.93034825870646 
6370011,-141.43 
6380004,-137.23762376237624 
6390038,-141.41584158415841 
6400045,-141.6318407960199 
6410013,-142.71 
6420006,-140.75621890547265 
6430028,-138.30693069306932 
6440011,-141.46 
6450042,-142.3582089552239 
6460019,-138.99502487562188 
6470007,-137.92039800995025 
6480046,-143.61194029850745 
6490037,-141.92 
6500013,-143.27 
6510008,-142.95 
6520000,-140.03980099502488 
6530015,-139.50248756218906 
6540004,-139.18407960199005 
6550004,-143.6 
6560037,-143.7910447761194 
6570007,-139.80099502487562 
6580030,-142.19900497512438 
6590034,-140.07960199004975 
6600019,-141.24378109452735 
6610047,-140.80597014925374 
6620026,-140.08 
6630044,-142.9452736318408 
6640023,-141.63 
6650019,-140.318407960199 
6660002,-142.01 
6670020,-140.60696517412936 
6680014,-137.9900497512438 
6690047,-143.29353233830847 
6700009,-138.59701492537314 
6710046,-139.54455445544554 
6720041,-140.59701492537314 
6730044,-141.40298507462686 
6740019,-142.0 
6750002,-142.36 
6760018,-142.64356435643563 
6770012,-143.63 
6780016,-140.92537313432837 
6790007,-141.2636815920398 
6800016,-143.51243781094527 
6810011,-143.6 
6820011,-141.19402985074626 
6830011,-144.95 
6840005,-143.08 
6850036,-144.54726368159203 
6860028,-141.13432835820896 
6870025,-139.14427860696517 
6880039,-141.4726368159204 
6890004,-139.65174129353233 
6900029,-139.75124378109453 
6910019,-140.69651741293532 
6920030,-142.0099502487562 
6930018,-141.81 
6940018,-144.05 
6950014,-140.21782178217822 
6960030,-143.50248756218906 
6970018,-143.36 
6980048,-142.23880597014926 
6990017,-140.93 
7000044,-139.24752475247524 
7010017,-143.51 
7020040,-140.85148514851485 
7030023,-143.76 
7040011,-140.66 
7050026,-137.17821782178217 
7060023,-140.93532338308458 
7070012,-144.88 
7080043,-143.9502487562189 
7090040,-140.13930348258705 
7100006,-141.07 
7110045,-142.01990049751242 
7120004,-142.38 
7130030,-140.6138613861386 
7140008,-144.26 
7150004,-141.3134328358209 
7160000,-143.07 
7170043,-141.45273631840797 
7180003,-138.8 
7190020,-143.5721393034826 
7200017,-143.92039800995025 
7210048,-142.90547263681592 
7220019,-141.32 
7230048,-142.8019801980198 
7240048,-141.6417910447761 
7250047,-141.97014925373134 
7260029,-141.64 
7270042,-142.99502487562188 
7280014,-140.74 
7290005,-139.92039800995025 
7300016,-142.65671641791045 
7310003,-141.03482587064676 
7320043,-140.14851485148515 
7330021,-140.31 
7340035,-142.76616915422886 
7350023,-143.11 
7360042,-142.4179104477612 
7370014,-141.39 
7380046,-142.32835820895522 
7390046,-145.0 
7400015,-142.33 
7410015,-145.8 
7420030,-142.63681592039802 
7430023,-141.30348258706468 
7440040,-144.11940298507463 
7450020,-142.85 
7460039,-143.2139303482587 
7470019,-142.25 
7480036,-142.62686567164178 
7490019,-145.11 
7500015,-144.27 
7510001,-144.22 
7520007,-140.91542288557213 
7530034,-139.94059405940595 
7540013,-142.78 
7550007,-141.77114427860695 
7560044,-144.01990049751242 
7570013,-141.88 
7580007,-142.91542288557213 
7590016,-141.87064676616916 
7600034,-140.0597014925373 
7610034,-145.15 
7620014,-140.7462686567164 
7630014,-143.6 
7640014,-142.8 
7650049,-144.17910447761193 
7660027,-141.16 
7670027,-142.3 
7680027,-145.25 
7690036,-141.5721393034826 
7700044,-142.9452736318408 
7710042,-142.49751243781094 
7720006,-143.18 
7730025,-143.2636815920398 
7740049,-140.87128712871288 
7750020,-142.32 
7760008,-143.46 
7770030,-140.03980099502488 
7780009,-140.98 
7790042,-143.14427860696517 
7800016,-143.48 
7810031,-138.56435643564356 
7820030,-140.726368159204 
7830031,-140.91542288557213 
7840025,-144.68 
7850008,-142.79601990049753 
7860018,-142.7363184079602 
7870029,-141.66169154228857 
7880001,-142.39 
7890004,-142.24875621890547 
7900014,-140.24752475247524 
7910010,-140.01990049751242 
7920031,-142.3084577114428 
7930031,-142.38805970149255 
7940019,-145.86 
7950017,-143.16 
7960017,-144.95 
7970004,-140.59 
7980004,-146.0 
7990049,-140.4950495049505 
8000020,-139.92 
8010015,-142.55 
8020020,-138.6138613861386 
8030016,-138.92537313432837 
8040023,-142.4278606965174 
8050006,-143.36 
8060033,-141.23383084577114 
8070006,-139.46 
8080034,-139.7128712871287 
8090002,-140.01 
8100027,-140.9452736318408 
8110044,-141.98009950248758 
8120028,-141.98 
8130020,-141.33333333333334 
8140030,-142.43781094527364 
8150016,-142.22 
8160021,-141.24378109452735 
8170039,-139.51243781094527 
8180017,-141.51 
8190045,-140.70646766169153 
8200021,-140.32 
8210007,-138.62686567164178 
8220037,-143.73134328358208 
8230028,-142.72 
8240046,-138.62376237623764 
8250007,-140.47 
8260004,-141.681592039801 
8270039,-141.2871287128713 
8280027,-141.0547263681592 
8290012,-140.29850746268656 
8300029,-141.08457711442787 
8310029,-143.05 
8320005,-141.06467661691542 
8330000,-142.35 
8340020,-141.044776119403 
8350046,-141.71144278606965 
8360000,-140.33 
8370033,-142.69651741293532 
8380033,-143.6 
8390004,-141.47 
8400049,-144.02985074626866 
8410048,-141.4228855721393 
8420038,-140.99502487562188 
8430049,-142.40796019900498 
8440026,-143.04 
8450026,-144.7 
8460011,-141.59203980099502 
8470036,-142.23880597014926 
8480018,-142.84 
8490006,-139.01980198019803 
8500020,-141.21782178217822 
8510041,-143.20398009950247 
8520031,-141.59203980099502 
8530045,-142.81592039800995 
8540013,-141.50248756218906 
8550001,-141.36 
8560037,-143.15422885572139 
8570039,-143.02487562189054 
8580041,-140.28855721393035 
8590026,-142.25 
8600042,-142.75621890547265 
8610021,-142.68 
8620015,-143.03 
8630022,-142.5771144278607 
8640039,-140.6865671641791 
8650002,-141.66 
8660037,-143.98009950248758 
8670013,-143.62 
8680030,-145.91044776119404 
8690022,-145.24 
8700005,-142.96 
8710034,-143.91044776119404 
8720045,-144.0 
8730045,-144.5 
8740034,-144.03 
8750020,-143.22 
8760025,-140.8955223880597 
8770034,-142.76616915422886 
8780003,-143.48 
8790022,-142.81592039800995 
8800012,-146.25 
8810012,-143.08457711442787 
8820006,-141.87064676616916 
8830046,-145.07462686567163 
8840031,-144.1 
8850045,-140.07920792079207 
8860015,-143.1 
8870049,-143.76119402985074 
8880026,-143.09 
8890011,-138.55721393034827 
8900013,-140.98507462686567 
8910036,-144.38805970149255 
8920003,-143.09 
8930039,-144.54726368159203 
8940014,-141.6 
8950039,-142.7363184079602 
8960049,-141.34328358208955 
8970022,-144.11 
8980037,-142.48756218905473 
8990037,-144.65 
9000020,-143.46 
9010004,-144.18 
9020015,-141.51243781094527 
9030015,-146.65 
9040023,-142.79601990049753 
9050033,-142.03980099502488 
9060027,-142.93 
9070014,-142.89 
9080016,-142.47761194029852 
9090016,-145.1 
9100042,-144.9452736318408 
9110039,-144.59 
9120016,-141.49 
9130044,-144.93532338308458 
9140013,-144.13 
9150044,-144.99502487562188 
9160011,-141.23383084577114 
9170040,-143.74257425742573 
9180026,-143.52 
9190034,-142.9452736318408 
9200041,-144.4179104477612 
9210032,-144.17 
9220032,-144.8 
9230003,-141.12 
9240045,-142.31683168316832 
9250012,-143.04 
9260041,-143.1144278606965 
9270019,-142.36 
9280038,-143.4129353233831 
9290049,-141.1144278606965 
9300008,-143.53 
9310039,-141.30693069306932 
9320005,-143.22 
9330023,-140.1592039800995 
9340022,-141.6218905472637 
9350001,-142.68 
9360021,-140.7462686567164 
9370028,-142.77611940298507 
9380006,-144.01 
9390021,-141.29353233830847 
9400045,-142.81592039800995 
9410015,-140.95 
9420026,-140.01990049751242 
9430009,-142.86 
9440048,-144.40796019900498 
9450018,-141.0 
9460038,-140.14851485148515 
9470007,-142.23 
9480023,-142.2089552238806 
9490009,-139.4726368159204 
9500029,-140.79601990049753 
9510014,-142.85 
9520049,-137.62376237623764 
9530049,-144.4 
9540020,-141.57 
9550022,-141.08457711442787 
9560003,-141.4129353233831 
9570003,-143.05 
9580034,-143.00497512437812 
9590026,-139.7910447761194 
9600005,-144.43 
9610011,-139.12437810945275 
9620040,-141.82089552238807 
9630002,-142.4278606965174 
9640030,-142.19900497512438 
9650042,-140.48756218905473 
9660042,-144.25 
9670012,-139.70149253731344 
9680024,-141.08457711442787 
9690012,-144.51 
9700005,-138.81592039800995 
9710020,-139.60199004975124 
9720027,-140.63681592039802 
9730000,-136.92537313432837 
9740028,-143.9402985074627 
9750028,-144.9 
9760038,-139.90049751243782 
9770043,-140.24875621890547 
9780043,-145.2 
9790021,-141.06 
9800014,-143.16 
9810005,-140.87 
9820017,-137.9502487562189 
9830040,-139.76119402985074 
9840020,-143.3 
9850035,-141.6915422885572 
9860048,-139.96019900497512 
9870048,-143.05 
9880046,-142.46 
9890030,-142.28 
9900030,-145.5 
9910015,-142.2 
9920027,-140.3861386138614 
9930019,-143.99 
9940035,-144.69651741293532 
9950000,-141.25 
9960012,-140.13930348258705 
9970029,-140.53731343283582 
9980033,-139.7810945273632 
9990044,-138.82587064676616 
10000030,-137.4950495049505 
10010029,-138.6865671641791 
10020007,-143.01 
10030047,-141.63366336633663 
10040014,-141.73134328358208 
10050020,-143.00497512437812 
10060028,-138.71641791044777 
10070002,-143.18 
10080049,-142.11881188118812 
10090034,-139.55223880597015 
10100048,-140.5273631840796 
10110032,-142.33 
10120010,-142.16 
10130003,-140.0099502487562 
10140018,-136.98019801980197 
10150031,-142.24875621890547 
10160045,-141.17412935323384 
10170043,-141.30348258706468 
10180015,-139.84 
10190003,-142.0497512437811 
10200014,-139.5721393034826 
10210049,-139.55445544554456 
10220037,-140.41 
10230017,-138.50746268656715 
10240017,-143.25 
10250036,-139.83084577114428 
10260019,-143.56 
10270044,-141.34328358208955 
10280017,-141.91 
10290040,-140.3084577114428 
10300048,-138.71641791044777 
10310043,-140.84577114427861 
10320040,-143.02487562189054 
10330004,-142.08 
10340017,-142.29850746268656 
10350033,-137.04950495049505 
10360010,-141.34 
10370045,-139.55445544554456 
10380025,-140.44776119402985 
10390011,-140.77 
10400044,-141.50248756218906 
10410044,-141.044776119403 
10420038,-144.78 
10430004,-141.77 
10440025,-139.82089552238807 
10450040,-141.09452736318408 
10460021,-138.5273631840796 
10470042,-139.97029702970298 
10480001,-137.9900497512438 
10490017,-140.9108910891089 
10500007,-141.9 
10510012,-142.7363184079602 
10520008,-144.09950248756218 
10530033,-140.9452736318408 
10540037,-140.12935323383084 
10550037,-138.80597014925374 
10560011,-139.78 
10570033,-141.08457711442787 
10580024,-139.82089552238807 
10590020,-143.67 
10600029,-136.8118811881188 
10610012,-138.86567164179104 
10620038,-139.72277227722773 
10630022,-140.43 
10640046,-140.3781094527363 
10650046,-140.79601990049753 
10660026,-140.1 
10670010,-142.18 
10680047,-140.43564356435644 
10690042,-144.1 
10700006,-141.58 
10710011,-141.24378109452735 
10720029,-140.20792079207922 
10730018,-142.63 
10740002,-137.9402985074627 
10750013,-135.5148514851485 
10760043,-135.94059405940595 
10770005,-138.89 
10780043,-143.49253731343285 
10790024,-140.77 
10800002,-138.4179104477612 
10810034,-141.18407960199005 
10820021,-140.64 
10830008,-139.99 
10840018,-140.24875621890547 
10850036,-134.14778325123152 
10860042,-141.71144278606965 
10870018,-143.42 
10880040,-141.33333333333334 
10890031,-139.07462686567163 
10900001,-144.2 
10910010,-141.82089552238807 
10920031,-140.4179104477612 
10930048,-138.7462686567164 
10940031,-141.61 
10950023,-135.58415841584159 
10960034,-139.92039800995025 
10970035,-140.16915422885572 
10980006,-142.27 
10990018,-137.9502487562189 
11000046,-139.06930693069307 
11010017,-138.02 
11020027,-140.69651741293532 
11030045,-140.55721393034827 
11040043,-141.66 
11050015,-140.09 
11060016,-140.46766169154228 
11070018,-139.24378109452735 
11080049,-141.81094527363183 
11090017,-137.97014925373134 
11100005,-141.20398009950247 
11110002,-140.54 
11120002,-143.15 
11130036,-136.8118811881188 
11140019,-141.26 
11150007,-137.86 
11160007,-142.5 
11170038,-143.50248756218906 
11180009,-138.3781094527363 
11190017,-138.02970297029702 
11200049,-141.33333333333334 
11210003,-139.53 
11220033,-141.39303482587064 
11230009,-142.67 
11240009,-143.45 
11250009,-142.15 
11260004,-137.66169154228857 
11270038,-138.3960396039604 
11280033,-140.95 
11290033,-139.9502487562189 
11300039,-138.27860696517413 
11310017,-140.21 
11320025,-139.2636815920398 
11330013,-141.41 
11340040,-141.03482587064676 
11350042,-139.49253731343285 
11360005,-138.3681592039801 
11370017,-141.53233830845772 
11380024,-140.6865671641791 
11390044,-139.80099502487562 
11400027,-139.61194029850745 
11410019,-137.2537313432836 
11420010,-140.76616915422886 
11430049,-140.27722772277227 
11440023,-138.7363184079602 
11450009,-140.61691542288557 
11460014,-141.44278606965173 
11470038,-142.3681592039801 
11480034,-139.17412935323384 
11490011,-140.33830845771143 
11500048,-140.43781094527364 
11510022,-139.63 
11520047,-141.44278606965173 
11530033,-139.77 
11540034,-136.93532338308458 
11550029,-142.38805970149255 
11560012,-139.2636815920398 
11570043,-141.46268656716418 
11580029,-141.97 
11590035,-140.3681592039801 
11600022,-141.09 
11610048,-141.36318407960198 
11620035,-140.08955223880596 
11630034,-140.5273631840796 
11640005,-140.01990049751242 
11650000,-140.64676616915423 
11660039,-139.73267326732673 
11670038,-138.08955223880596 
11680011,-137.72139303482587 
11690046,-141.9402985074627 
11700005,-139.93 
11710018,-142.79601990049753 
11720018,-141.6 
11730026,-137.63366336633663 
11740003,-140.44 
11750041,-140.2089552238806 
11760043,-140.63681592039802 
11770023,-139.45273631840797 
11780020,-141.74 
11790006,-140.96517412935324 
11800017,-141.3134328358209 
11810039,-139.19402985074626 
11820035,-139.5721393034826 
11830019,-140.78 
11840006,-138.0497512437811 
11850014,-141.40298507462686 
11860002,-138.06965174129354 
11870015,-139.01492537313433 
11880007,-139.6915422885572 
11890027,-136.93069306930693 
11900008,-140.62 
11910032,-140.726368159204 
11920008,-139.97 
11930030,-139.14851485148515 
11940024,-139.18407960199005 
11950011,-141.09 
11960023,-139.7910447761194 
11970014,-139.17412935323384 
11980043,-138.13930348258705 
11990010,-135.3861386138614 
12000013,-139.51243781094527 
12010035,-142.02985074626866 
12020045,-137.86069651741295 
12030038,-140.96 
12040030,-138.39800995024876 
12050039,-139.93034825870646 
12060008,-136.09950248756218 
12070008,-140.49751243781094 
12080047,-139.1881188118812 
12090029,-137.30348258706468 
12100005,-139.87 
12110005,-142.8 
12120026,-135.9108910891089 
12130010,-137.34328358208955 
12140004,-141.73 
12150047,-143.39303482587064 
12160006,-138.93 
12170049,-137.0891089108911 
12180017,-140.26 
12190034,-138.69651741293532 
12200019,-136.63366336633663 
12210043,-140.3781094527363 
12220046,-139.66169154228857 
12230027,-137.77 
12240038,-138.3781094527363 
12250047,-138.7860696517413 
12260036,-140.08 
12270023,-136.92079207920793 
12280028,-140.99502487562188 
12290017,-140.68 
12300038,-139.4228855721393 
12310038,-144.2 
12320008,-142.25 
12330023,-133.64532019704433 
12340030,-138.24875621890547 
12350028,-142.91 
12360036,-140.75621890547265 
12370007,-139.72 
12380005,-138.11940298507463 
12390031,-139.77114427860695 
12400012,-140.62 
12410033,-138.87562189054725 
12420042,-139.5820895522388 
12430043,-138.62686567164178 
12440045,-136.55721393034827 
12450014,-136.84577114427861 
12460010,-137.98009950248758 
12470036,-138.73267326732673 
12480024,-139.51243781094527 
12490003,-138.03980099502488 
12500040,-137.6138613861386 
12510006,-137.77 
12520000,-142.68 
12530033,-137.93069306930693 
12540032,-137.9402985074627 
12550038,-141.1144278606965 
12560033,-140.1492537313433 
12570001,-137.87064676616916 
12580037,-139.32673267326732 
12590035,-141.50248756218906 
12600033,-134.73891625615764 
12610023,-140.59701492537314 
12620019,-139.17412935323384 
12630040,-139.52238805970148 
12640039,-142.78 
12650027,-143.41 
12660008,-137.88059701492537 
12670047,-139.78217821782178 
12680020,-140.31 
12690033,-138.72277227722773 
12700047,-138.04950495049505 
12710039,-141.09 
12720041,-138.29850746268656 
12730037,-141.4129353233831 
12740015,-137.273631840796 
12750016,-141.4129353233831 
12760012,-139.97 
12770034,-141.33333333333334 
12780007,-140.81 
12790009,-139.84158415841586 
12800039,-139.75124378109453 
12810004,-140.7 
12820013,-139.33333333333334 
12830005,-139.34328358208955 
12840033,-137.93069306930693 
12850009,-141.47 
12860031,-138.61083743842366 
12870047,-137.88059701492537 
12880034,-139.99 
12890027,-138.81592039800995 
12900042,-139.35323383084577 
12910047,-138.0597014925373 
12920024,-143.34 
12930039,-141.09452736318408 
12940033,-138.83582089552237 
12950049,-141.71144278606965 
12960001,-141.04 
12970037,-140.91542288557213 
12980012,-140.0 
12990012,-142.5 
13000039,-138.30693069306932 
13010012,-141.36 
13020001,-137.74129353233832 
13030019,-140.2089552238806 
13040031,-139.7910447761194 
13050032,-138.82587064676616 
13060005,-136.0990099009901 
13070044,-136.66336633663366 
13080037,-137.3233830845771 
13090006,-138.08 
13100039,-140.0597014925373 
13110033,-141.33 
13120009,-140.82 
13130009,-137.07920792079207 
13140040,-139.72139303482587 
13150044,-133.0344827586207 
13160018,-139.28358208955223 
13170033,-138.955223880597 
13180004,-140.22 
13190002,-137.82089552238807 
13200003,-135.76237623762376 
13210011,-139.76119402985074 
13220017,-137.13432835820896 
13230039,-139.6417910447761 
13240043,-137.6417910447761 
13250047,-139.28358208955223 
13260026,-141.43 
13270049,-139.2636815920398 
13280046,-139.34328358208955 
13290036,-140.55 
13300025,-140.58 
13310034,-137.29353233830847 
13320001,-138.79 
13330002,-138.17910447761193 
13340039,-140.38805970149255 
13350026,-133.9009900990099 
13360021,-138.0 
13370022,-139.07462686567163 
13380019,-137.11881188118812 
13390010,-138.3781094527363 
13400001,-138.4278606965174 
13410027,-136.35643564356437 
13420007,-134.8019801980198 
13430027,-138.0099502487562 
13440049,-139.044776119403 
13450027,-138.5174129353234 
13460005,-135.53233830845772 
13470018,-138.52475247524754 
13480011,-140.26 
13490048,-140.23880597014926 
13500040,-139.6417910447761 
13510005,-139.70149253731344 
13520030,-139.00497512437812 
13530009,-140.13 
13540023,-140.27860696517413 
13550033,-137.82178217821783 
13560009,-139.07 
13570039,-136.43564356435644 
13580029,-138.2089552238806 
13590027,-135.38308457711443 
13600011,-144.03 
13610025,-138.33830845771143 
13620009,-141.43 
13630020,-131.68627450980392 
13640013,-141.76 
13650014,-139.82089552238807 
13660038,-139.6318407960199 
13670020,-141.34 
13680006,-140.12 
13690028,-139.8407960199005 
13700011,-142.46 
13710009,-136.84158415841586 
13720021,-130.97536945812809 
13730005,-136.41584158415841 
13740046,-141.1144278606965 
13750024,-138.51 
13760020,-138.07960199004975 
13770006,-138.17910447761193 
13780031,-137.97029702970298 
13790016,-138.0597014925373 
13800049,-137.1881188118812 
13810004,-136.65 
13820020,-136.05940594059405 
13830027,-139.59203980099502 
13840021,-136.44776119402985 
13850029,-138.16915422885572 
13860003,-137.18 
13870038,-139.8507462686567 
13880009,-139.02 
13890002,-137.72139303482587 
13900037,-140.29850746268656 
13910009,-137.44 
13920002,-140.76 
13930013,-137.73134328358208 
13940037,-137.30693069306932 
13950009,-137.90049751243782 
13960003,-138.18905472636817 
13970044,-142.55721393034827 
13980043,-138.83582089552237 
13990038,-141.65 
14000000,-139.04 
14010019,-137.65346534653466 
14020035,-138.5273631840796 
14030005,-139.90049751243782 
14040014,-138.44554455445544 
14050021,-140.7363184079602 
14060043,-139.8910891089109 
14070020,-143.29 
14080030,-137.4129353233831 
14090024,-140.68 
14100038,-140.12935323383084 
