20000,1.6799999475479126 
30000,2.319999933242798 
40000,2.880000114440918 
50000,2.640000104904175 
60000,4.320000171661377 
70000,5.599999904632568 
80000,4.960000038146973 
90000,5.599999904632568 
100000,5.760000228881836 
110000,5.440000057220459 
120000,5.840000152587891 
130000,5.679999828338623 
140000,5.860000133514404 
150000,6.579999923706055 
160000,7.539999961853027 
170000,6.900000095367432 
180000,6.71999979019165 
190000,8.399999618530273 
200000,9.279999732971191 
210000,9.359999656677246 
220000,9.520000457763672 
230000,11.859999656677246 
240000,12.859999656677246 
250000,13.34000015258789 
260000,16.15999984741211 
270000,19.540000915527344 
280000,18.799999237060547 
290000,17.760000228881836 
300000,21.8799991607666 
310000,24.739999771118164 
320000,27.5 
330000,35.959999084472656 
340000,37.97999954223633 
350000,38.119998931884766 
360000,42.7599983215332 
370000,44.7599983215332 
380000,48.779998779296875 
390000,56.29999923706055 
400000,60.68000030517578 
410000,65.72000122070312 
420000,75.31999969482422 
430000,83.19999694824219 
440000,88.22000122070312 
450000,86.55999755859375 
460000,87.54000091552734 
470000,96.44000244140625 
480000,101.58000183105469 
490000,99.41999816894531 
500000,103.94000244140625 
510000,116.0 
520000,120.9000015258789 
530000,120.80000305175781 
540000,127.9000015258789 
550000,136.86000061035156 
560000,141.44000244140625 
570000,129.9199981689453 
580000,126.45999908447266 
590000,145.3000030517578 
600000,149.52000427246094 
610000,143.74000549316406 
620000,146.6199951171875 
630000,146.0399932861328 
640000,143.6999969482422 
650000,142.5399932861328 
660000,143.1999969482422 
670000,150.25999450683594 
680000,152.8800048828125 
690000,156.72000122070312 
700000,159.60000610351562 
710000,158.83999633789062 
720000,150.02000427246094 
730000,150.3000030517578 
740000,153.89999389648438 
750000,151.55999755859375 
760000,159.44000244140625 
770000,150.63999938964844 
780000,151.89999389648438 
790000,165.8800048828125 
800000,162.5800018310547 
810000,161.36000061035156 
820000,170.6999969482422 
830000,174.4600067138672 
840000,172.10000610351562 
850000,175.72000122070312 
860000,176.33999633789062 
870000,172.5399932861328 
880000,171.32000732421875 
890000,182.83999633789062 
900000,187.94000244140625 
910000,183.86000061035156 
920000,182.1199951171875 
930000,182.13999938964844 
940000,184.52000427246094 
950000,185.75999450683594 
960000,188.0399932861328 
970000,198.94000244140625 
980000,200.5 
990000,195.4199981689453 
1000000,194.02000427246094 
1010000,190.82000732421875 
1020000,188.02000427246094 
1030000,190.9600067138672 
1040000,202.0399932861328 
1050000,210.02000427246094 
1060000,205.89999389648438 
1070000,189.5399932861328 
1080000,188.60000610351562 
1090000,198.66000366210938 
1100000,198.02000427246094 
1110000,199.9199981689453 
1120000,206.5 
1130000,206.75999450683594 
1140000,194.32000732421875 
1150000,193.5 
1160000,209.77999877929688 
1170000,216.27999877929688 
1180000,211.17999267578125 
1190000,208.67999267578125 
1200000,216.86000061035156 
1210000,214.3800048828125 
1220000,200.5399932861328 
1230000,202.02000427246094 
1240000,214.17999267578125 
1250000,218.86000061035156 
1260000,219.32000732421875 
1270000,215.55999755859375 
1280000,222.32000732421875 
1290000,220.74000549316406 
1300000,208.0800018310547 
1310000,217.67999267578125 
1320000,227.5399932861328 
1330000,236.47999572753906 
1340000,232.8800048828125 
1350000,221.47999572753906 
1360000,218.9600067138672 
1370000,214.9600067138672 
1380000,217.8800048828125 
1390000,221.05999755859375 
1400000,218.72000122070312 
1410000,219.82000732421875 
1420000,232.89999389648438 
1430000,230.6199951171875 
1440000,230.3000030517578 
1450000,228.4199981689453 
1460000,218.55999755859375 
1470000,228.77999877929688 
1480000,229.47999572753906 
1490000,234.13999938964844 
1500000,230.3000030517578 
1510000,224.55999755859375 
1520000,224.17999267578125 
1530000,214.74000549316406 
1540000,228.9199981689453 
1550000,239.0800018310547 
1560000,231.72000122070312 
1570000,225.1999969482422 
1580000,225.0399932861328 
1590000,232.10000610351562 
1600000,240.1999969482422 
1610000,251.83999633789062 
1620000,249.5800018310547 
1630000,238.5800018310547 
1640000,246.17999267578125 
1650000,243.32000732421875 
1660000,233.1199951171875 
1670000,235.13999938964844 
1680000,237.36000061035156 
1690000,236.0800018310547 
1700000,235.67999267578125 
1710000,242.82000732421875 
1720000,254.39999389648438 
1730000,238.55999755859375 
1740000,231.72000122070312 
1750000,241.1199951171875 
1760000,230.47999572753906 
1770000,231.94000244140625 
1780000,239.72000122070312 
1790000,250.27999877929688 
1800000,244.9600067138672 
1810000,229.05999755859375 
1820000,233.32000732421875 
1830000,232.83999633789062 
1840000,237.1999969482422 
1850000,244.5800018310547 
1860000,248.10000610351562 
1870000,260.1199951171875 
1880000,247.74000549316406 
1890000,233.82000732421875 
1900000,231.89999389648438 
1910000,230.72000122070312 
1920000,237.02000427246094 
1930000,244.6999969482422 
1940000,243.9199981689453 
1950000,232.89999389648438 
1960000,220.9199981689453 
1970000,226.36000061035156 
1980000,240.89999389648438 
1990000,229.97999572753906 
2000000,225.66000366210938 
2010000,250.77999877929688 
2020000,256.9599914550781 
2030000,244.5 
2040000,228.94000244140625 
2050000,230.1999969482422 
2060000,247.4199981689453 
2070000,248.24000549316406 
2080000,249.4199981689453 
2090000,248.24000549316406 
2100000,246.44000244140625 
2110000,251.1199951171875 
2120000,255.8000030517578 
2130000,240.86000061035156 
2140000,240.17999267578125 
2150000,249.74000549316406 
2160000,243.6199951171875 
2170000,242.72000122070312 
2180000,238.72000122070312 
2190000,240.74000549316406 
2200000,243.22000122070312 
2210000,230.0800018310547 
2220000,228.36000061035156 
2230000,237.0800018310547 
2240000,236.17999267578125 
2250000,241.0 
2260000,233.33999633789062 
2270000,227.75999450683594 
2280000,243.67999267578125 
2290000,250.5399932861328 
2300000,243.22000122070312 
2310000,231.8000030517578 
2320000,243.89999389648438 
2330000,261.29998779296875 
2340000,248.13999938964844 
2350000,243.75999450683594 
2360000,243.86000061035156 
2370000,245.6199951171875 
2380000,252.67999267578125 
2390000,254.89999389648438 
2400000,252.10000610351562 
2410000,254.67999267578125 
2420000,255.02000427246094 
2430000,239.82000732421875 
2440000,244.3000030517578 
2450000,244.10000610351562 
2460000,234.4199981689453 
2470000,235.77999877929688 
2480000,228.44000244140625 
2490000,225.24000549316406 
2500000,234.22000122070312 
2510000,240.82000732421875 
2520000,247.36000061035156 
2530000,249.77999877929688 
2540000,253.52000427246094 
2550000,249.9600067138672 
2560000,244.5399932861328 
2570000,243.75999450683594 
2580000,243.83999633789062 
2590000,237.66000366210938 
2600000,236.5399932861328 
2610000,241.33999633789062 
2620000,236.1199951171875 
2630000,232.60000610351562 
2640000,226.89999389648438 
2650000,239.27999877929688 
2660000,250.1999969482422 
2670000,240.6999969482422 
2680000,243.60000610351562 
2690000,245.63999938964844 
2700000,236.47999572753906 
2710000,232.9600067138672 
2720000,225.17999267578125 
2730000,235.0399932861328 
2740000,246.24000549316406 
2750000,231.86000061035156 
2760000,233.75999450683594 
2770000,229.82000732421875 
2780000,236.13999938964844 
2790000,248.55999755859375 
2800000,247.66000366210938 
2810000,248.72000122070312 
2820000,237.39999389648438 
2830000,241.55999755859375 
2840000,247.36000061035156 
2850000,236.22000122070312 
2860000,240.13999938964844 
2870000,247.63999938964844 
2880000,247.0399932861328 
2890000,242.47999572753906 
2900000,249.4600067138672 
2910000,258.79998779296875 
2920000,249.10000610351562 
2930000,238.6199951171875 
2940000,243.33999633789062 
2950000,242.82000732421875 
2960000,245.55999755859375 
2970000,260.0400085449219 
2980000,261.3999938964844 
2990000,260.5 
3000000,254.33999633789062 
3010000,247.16000366210938 
3020000,241.97999572753906 
3030000,236.8000030517578 
3040000,243.16000366210938 
3050000,245.9199981689453 
3060000,248.02000427246094 
3070000,250.27999877929688 
3080000,253.9199981689453 
3090000,258.5799865722656 
3100000,251.24000549316406 
3110000,254.82000732421875 
3120000,259.2200012207031 
3130000,259.44000244140625 
3140000,265.1000061035156 
3150000,259.5799865722656 
3160000,257.0199890136719 
3170000,252.83999633789062 
3180000,240.02000427246094 
3190000,249.77999877929688 
3200000,253.39999389648438 
3210000,251.27999877929688 
3220000,256.6400146484375 
3230000,255.8000030517578 
3240000,257.8800048828125 
3250000,248.33999633789062 
3260000,239.17999267578125 
3270000,249.52000427246094 
3280000,258.6199951171875 
3290000,253.55999755859375 
3300000,238.0399932861328 
3310000,239.82000732421875 
3320000,245.67999267578125 
3330000,249.4199981689453 
3340000,258.8599853515625 
3350000,255.6199951171875 
3360000,260.1400146484375 
3370000,268.9200134277344 
3380000,257.1400146484375 
3390000,262.0799865722656 
3400000,262.9800109863281 
3410000,251.10000610351562 
3420000,250.22000122070312 
3430000,245.55999755859375 
3440000,244.60000610351562 
3450000,245.8800048828125 
3460000,242.16000366210938 
3470000,254.0800018310547 
3480000,262.7799987792969 
3490000,248.47999572753906 
3500000,252.27999877929688 
3510000,257.0400085449219 
3520000,250.17999267578125 
3530000,252.97999572753906 
3540000,257.3999938964844 
3550000,252.83999633789062 
3560000,257.44000244140625 
3570000,251.55999755859375 
3580000,243.22000122070312 
3590000,250.22000122070312 
3600000,250.27999877929688 
3610000,263.3800048828125 
3620000,267.5 
3630000,259.0400085449219 
3640000,249.77999877929688 
3650000,236.05999755859375 
3660000,247.22000122070312 
3670000,258.9599914550781 
3680000,251.17999267578125 
3690000,239.13999938964844 
3700000,247.75999450683594 
3710000,253.55999755859375 
3720000,253.22000122070312 
3730000,257.1600036621094 
3740000,265.1600036621094 
3750000,262.67999267578125 
3760000,252.25999450683594 
3770000,260.9800109863281 
3780000,267.44000244140625 
3790000,263.4599914550781 
3800000,251.0800018310547 
3810000,248.27999877929688 
3820000,255.55999755859375 
3830000,257.1400146484375 
3840000,260.94000244140625 
3850000,261.0400085449219 
3860000,248.0800018310547 
3870000,256.3800048828125 
3880000,261.6000061035156 
3890000,248.86000061035156 
3900000,243.9600067138672 
3910000,244.86000061035156 
3920000,245.3800048828125 
3930000,247.3800048828125 
3940000,257.8399963378906 
3950000,254.77999877929688 
3960000,249.8800048828125 
3970000,261.1400146484375 
3980000,260.05999755859375 
3990000,260.7799987792969 
4000000,249.77999877929688 
4010000,238.83999633789062 
4020000,256.2799987792969 
4030000,251.6999969482422 
4040000,253.22000122070312 
4050000,261.1400146484375 
4060000,252.9199981689453 
4070000,249.5 
4080000,251.0 
4090000,259.4599914550781 
4100000,267.55999755859375 
4110000,262.6400146484375 
4120000,263.239990234375 
4130000,268.5 
4140000,255.24000549316406 
4150000,261.5 
4160000,264.5199890136719 
4170000,258.6199951171875 
4180000,264.3399963378906 
4190000,266.6600036621094 
4200000,264.94000244140625 
4210000,257.7799987792969 
4220000,261.32000732421875 
4230000,260.1400146484375 
4240000,259.1600036621094 
4250000,262.5799865722656 
4260000,262.29998779296875 
4270000,263.6000061035156 
4280000,258.67999267578125 
4290000,256.2200012207031 
4300000,261.1000061035156 
4310000,258.5 
4320000,250.10000610351562 
4330000,256.32000732421875 
4340000,259.9599914550781 
4350000,244.3000030517578 
4360000,231.10000610351562 
4370000,237.9600067138672 
4380000,256.1000061035156 
4390000,259.9800109863281 
4400000,262.94000244140625 
4410000,269.6400146484375 
4420000,269.82000732421875 
