13720012,0.8387681159420289 
13750014,0.8152985074626866 
13760002,0.8189338235294118 
13770039,0.8230337078651685 
13780027,0.8230337078651685 
13790012,0.8152985074626866 
13800021,0.812037037037037 
13810035,0.8406593406593407 
13820026,0.8218283582089553 
13830014,0.7946768060836502 
13840008,0.8380149812734082 
13850008,0.8176691729323309 
13860036,0.8269230769230769 
13870011,0.7886100386100386 
13880001,0.8357664233576643 
13890022,0.843065693430657 
13900017,0.8102189781021898 
13910018,0.825812274368231 
13920012,0.8454545454545455 
13930002,0.8127340823970037 
13940016,0.8510830324909747 
13950036,0.8333333333333334 
13960007,0.8483455882352942 
13970025,0.8485130111524164 
13980021,0.836996336996337 
13990025,0.8428308823529411 
14000003,0.822463768115942 
14010005,0.8129699248120301 
14020015,0.7971014492753623 
14030017,0.8136531365313653 
14040009,0.8271375464684015 
14050041,0.8264925373134329 
14060026,0.8061797752808989 
14070011,0.8025830258302583 
14080016,0.8459409594095941 
14090016,0.8366788321167883 
14100041,0.8235294117647058 
14110022,0.8420074349442379 
14120012,0.8290441176470589 
14130022,0.8327272727272728 
14140043,0.8348540145985401 
14150005,0.8227611940298507 
14160004,0.8050373134328358 
14170026,0.8125 
14180027,0.7890334572490706 
14190001,0.8150557620817844 
14200027,0.8220973782771536 
14210013,0.8190298507462687 
14220000,0.8071955719557196 
14230025,0.8052434456928839 
14240036,0.8622262773722628 
14250042,0.8342592592592593 
14260019,0.7933962264150943 
14270013,0.8360507246376812 
14280049,0.7919776119402985 
14290002,0.8466542750929368 
14300023,0.8464285714285714 
14310017,0.8665480427046264 
14320022,0.8473214285714286 
14330003,0.8311808118081181 
14340000,0.7880228136882129 
14350019,0.8516483516483516 
14360005,0.8150943396226416 
14370000,0.8062730627306273 
14380030,0.8551236749116607 
14390012,0.8409926470588235 
14400025,0.8214285714285714 
14410003,0.7913461538461538 
14420024,0.8428308823529411 
14430006,0.7946768060836502 
14440047,0.820631970260223 
14450013,0.85 
14460012,0.8456678700361011 
14470023,0.8211678832116789 
14480009,0.8202247191011236 
14490025,0.8378623188405797 
14500000,0.8581818181818182 
14510035,0.7907407407407407 
14520021,0.7965779467680608 
14530006,0.8280669144981413 
14540028,0.8510830324909747 
14550027,0.8173431734317343 
14560008,0.8525641025641025 
14570027,0.8306159420289855 
14580020,0.8129770992366412 
14590042,0.7775665399239544 
14600022,0.8194444444444444 
14610007,0.8494623655913979 
14620000,0.826007326007326 
14630007,0.8333333333333334 
14640024,0.8198529411764706 
14650002,0.8170955882352942 
14660018,0.8312274368231047 
14670041,0.7894736842105263 
14680027,0.8372727272727273 
14690026,0.8182656826568265 
14700003,0.822992700729927 
14710018,0.8424908424908425 
14720015,0.8059701492537313 
14730004,0.8342490842490843 
14740023,0.8385036496350365 
14750000,0.8214285714285714 
14760026,0.8345588235294118 
14770016,0.8212962962962963 
14780009,0.8164794007490637 
14790002,0.8222222222222222 
14800013,0.8194444444444444 
14810038,0.8321167883211679 
14820012,0.806390977443609 
14830028,0.8163636363636364 
14840042,0.8285984848484849 
14850023,0.8134328358208955 
14860011,0.8311808118081181 
14870011,0.842391304347826 
14880003,0.8047169811320755 
14890012,0.8159851301115242 
14900005,0.8173431734317343 
14910021,0.8309090909090909 
14920016,0.8290441176470589 
14930006,0.8354779411764706 
14940003,0.8145756457564576 
14950036,0.8394833948339483 
14960035,0.792910447761194 
14970033,0.819811320754717 
14980028,0.8136531365313653 
14990009,0.8238007380073801 
15000014,0.8376383763837638 
15010018,0.8122676579925651 
15020004,0.8351851851851851 
15030003,0.8043893129770993 
15040018,0.8154981549815498 
15050025,0.8182656826568265 
15060038,0.8216911764705882 
15070040,0.8283582089552238 
15080005,0.7911985018726592 
15090000,0.8211610486891385 
15100047,0.8139097744360902 
15110014,0.8037735849056604 
