10000,0.0024999999441206455 
20000,0.0024999999441206455 
30000,0.0024999999441206455 
40000,0.0024999999441206455 
50000,0.009999999776482582 
60000,0.007499999832361937 
70000,0.0024999999441206455 
80000,0.0 
90000,0.0024999999441206455 
100000,0.007499999832361937 
110000,0.0024999999441206455 
120000,0.0024999999441206455 
130000,0.0024999999441206455 
140000,0.004999999888241291 
150000,0.007499999832361937 
160000,0.0024999999441206455 
170000,0.004999999888241291 
180000,0.0024999999441206455 
190000,0.007499999832361937 
200000,0.007499999832361937 
210000,0.017500000074505806 
220000,0.007499999832361937 
230000,0.004999999888241291 
240000,0.004999999888241291 
250000,0.0024999999441206455 
260000,0.004999999888241291 
270000,0.004999999888241291 
280000,0.0024999999441206455 
290000,0.0024999999441206455 
300000,0.009999999776482582 
310000,0.0 
320000,0.0024999999441206455 
330000,0.0 
340000,0.0024999999441206455 
350000,0.0024999999441206455 
360000,0.007499999832361937 
370000,0.004999999888241291 
380000,0.012500000186264515 
390000,0.009999999776482582 
400000,0.004999999888241291 
410000,0.0024999999441206455 
420000,0.009999999776482582 
430000,0.009999999776482582 
440000,0.004999999888241291 
450000,0.007499999832361937 
460000,0.012500000186264515 
470000,0.009999999776482582 
480000,0.004999999888241291 
490000,0.012500000186264515 
500000,0.017500000074505806 
510000,0.019999999552965164 
520000,0.017500000074505806 
530000,0.017500000074505806 
540000,0.017500000074505806 
550000,0.007499999832361937 
560000,0.019999999552965164 
570000,0.012500000186264515 
580000,0.019999999552965164 
590000,0.007499999832361937 
600000,0.017500000074505806 
610000,0.012500000186264515 
620000,0.017500000074505806 
630000,0.009999999776482582 
640000,0.012500000186264515 
650000,0.009999999776482582 
660000,0.019999999552965164 
670000,0.012500000186264515 
680000,0.009999999776482582 
690000,0.02250000089406967 
700000,0.017500000074505806 
710000,0.014999999664723873 
720000,0.0024999999441206455 
730000,0.014999999664723873 
740000,0.027499999850988388 
750000,0.02250000089406967 
760000,0.014999999664723873 
770000,0.019999999552965164 
780000,0.02500000037252903 
790000,0.012500000186264515 
800000,0.007499999832361937 
810000,0.017500000074505806 
820000,0.027499999850988388 
830000,0.017500000074505806 
840000,0.012500000186264515 
850000,0.02250000089406967 
860000,0.012500000186264515 
870000,0.032499998807907104 
880000,0.012500000186264515 
890000,0.017500000074505806 
900000,0.014999999664723873 
910000,0.02250000089406967 
920000,0.009999999776482582 
930000,0.0024999999441206455 
940000,0.007499999832361937 
950000,0.009999999776482582 
960000,0.014999999664723873 
970000,0.009999999776482582 
980000,0.017500000074505806 
990000,0.027499999850988388 
1000000,0.017500000074505806 
1010000,0.017500000074505806 
1020000,0.02250000089406967 
1030000,0.012500000186264515 
1040000,0.009999999776482582 
1050000,0.02250000089406967 
1060000,0.017500000074505806 
1070000,0.02250000089406967 
1080000,0.007499999832361937 
1090000,0.014999999664723873 
1100000,0.027499999850988388 
1110000,0.014999999664723873 
1120000,0.014999999664723873 
1130000,0.0024999999441206455 
1140000,0.019999999552965164 
1150000,0.009999999776482582 
1160000,0.02500000037252903 
1170000,0.007499999832361937 
1180000,0.012500000186264515 
1190000,0.014999999664723873 
1200000,0.029999999329447746 
1210000,0.007499999832361937 
1220000,0.02250000089406967 
1230000,0.014999999664723873 
1240000,0.019999999552965164 
1250000,0.009999999776482582 
1260000,0.019999999552965164 
1270000,0.02500000037252903 
1280000,0.017500000074505806 
1290000,0.019999999552965164 
1300000,0.014999999664723873 
1310000,0.02250000089406967 
1320000,0.007499999832361937 
1330000,0.012500000186264515 
1340000,0.012500000186264515 
1350000,0.019999999552965164 
1360000,0.02250000089406967 
1370000,0.02500000037252903 
1380000,0.0024999999441206455 
1390000,0.009999999776482582 
1400000,0.032499998807907104 
1410000,0.019999999552965164 
1420000,0.019999999552965164 
1430000,0.02500000037252903 
1440000,0.02500000037252903 
1450000,0.017500000074505806 
1460000,0.007499999832361937 
1470000,0.014999999664723873 
1480000,0.009999999776482582 
1490000,0.029999999329447746 
1500000,0.032499998807907104 
1510000,0.009999999776482582 
1520000,0.017500000074505806 
1530000,0.02500000037252903 
1540000,0.017500000074505806 
1550000,0.017500000074505806 
1560000,0.02250000089406967 
1570000,0.032499998807907104 
1580000,0.009999999776482582 
1590000,0.009999999776482582 
1600000,0.009999999776482582 
1610000,0.014999999664723873 
1620000,0.029999999329447746 
1630000,0.02500000037252903 
1640000,0.02250000089406967 
1650000,0.014999999664723873 
1660000,0.017500000074505806 
1670000,0.02500000037252903 
1680000,0.007499999832361937 
1690000,0.029999999329447746 
1700000,0.017500000074505806 
1710000,0.019999999552965164 
1720000,0.012500000186264515 
1730000,0.014999999664723873 
1740000,0.02500000037252903 
1750000,0.012500000186264515 
1760000,0.019999999552965164 
1770000,0.019999999552965164 
1780000,0.017500000074505806 
1790000,0.019999999552965164 
1800000,0.014999999664723873 
1810000,0.012500000186264515 
1820000,0.017500000074505806 
1830000,0.012500000186264515 
1840000,0.007499999832361937 
1850000,0.02500000037252903 
1860000,0.019999999552965164 
1870000,0.014999999664723873 
1880000,0.029999999329447746 
1890000,0.02250000089406967 
1900000,0.029999999329447746 
1910000,0.007499999832361937 
1920000,0.014999999664723873 
1930000,0.009999999776482582 
1940000,0.012500000186264515 
1950000,0.017500000074505806 
1960000,0.007499999832361937 
1970000,0.029999999329447746 
1980000,0.012500000186264515 
1990000,0.014999999664723873 
2000000,0.02500000037252903 
2010000,0.009999999776482582 
2020000,0.02250000089406967 
2030000,0.017500000074505806 
2040000,0.029999999329447746 
2050000,0.02250000089406967 
2060000,0.017500000074505806 
2070000,0.02250000089406967 
2080000,0.014999999664723873 
2090000,0.009999999776482582 
2100000,0.02500000037252903 
2110000,0.017500000074505806 
2120000,0.009999999776482582 
2130000,0.019999999552965164 
2140000,0.012500000186264515 
2150000,0.004999999888241291 
2160000,0.032499998807907104 
2170000,0.012500000186264515 
2180000,0.017500000074505806 
2190000,0.017500000074505806 
2200000,0.02250000089406967 
2210000,0.019999999552965164 
2220000,0.032499998807907104 
2230000,0.02500000037252903 
2240000,0.029999999329447746 
2250000,0.019999999552965164 
2260000,0.019999999552965164 
2270000,0.02250000089406967 
2280000,0.02250000089406967 
2290000,0.014999999664723873 
2300000,0.004999999888241291 
2310000,0.012500000186264515 
2320000,0.019999999552965164 
2330000,0.012500000186264515 
2340000,0.009999999776482582 
2350000,0.012500000186264515 
2360000,0.007499999832361937 
2370000,0.02500000037252903 
2380000,0.02500000037252903 
2390000,0.029999999329447746 
2400000,0.02250000089406967 
2410000,0.0024999999441206455 
2420000,0.019999999552965164 
2430000,0.017500000074505806 
2440000,0.014999999664723873 
2450000,0.02250000089406967 
2460000,0.014999999664723873 
2470000,0.02500000037252903 
2480000,0.017500000074505806 
2490000,0.02500000037252903 
2500000,0.017500000074505806 
2510000,0.019999999552965164 
2520000,0.017500000074505806 
2530000,0.02500000037252903 
2540000,0.02250000089406967 
2550000,0.019999999552965164 
2560000,0.02500000037252903 
2570000,0.017500000074505806 
2580000,0.032499998807907104 
2590000,0.017500000074505806 
2600000,0.027499999850988388 
2610000,0.017500000074505806 
2620000,0.019999999552965164 
2630000,0.027499999850988388 
2640000,0.007499999832361937 
2650000,0.029999999329447746 
2660000,0.02250000089406967 
2670000,0.009999999776482582 
2680000,0.009999999776482582 
2690000,0.019999999552965164 
2700000,0.029999999329447746 
2710000,0.017500000074505806 
2720000,0.014999999664723873 
2730000,0.017500000074505806 
2740000,0.027499999850988388 
2750000,0.017500000074505806 
2760000,0.02250000089406967 
2770000,0.014999999664723873 
2780000,0.019999999552965164 
2790000,0.02500000037252903 
2800000,0.017500000074505806 
2810000,0.012500000186264515 
2820000,0.02500000037252903 
2830000,0.014999999664723873 
2840000,0.02250000089406967 
2850000,0.027499999850988388 
2860000,0.02250000089406967 
2870000,0.02500000037252903 
2880000,0.03500000014901161 
2890000,0.027499999850988388 
2900000,0.007499999832361937 
2910000,0.03999999910593033 
2920000,0.012500000186264515 
2930000,0.019999999552965164 
2940000,0.019999999552965164 
2950000,0.007499999832361937 
2960000,0.009999999776482582 
2970000,0.014999999664723873 
2980000,0.02250000089406967 
2990000,0.02500000037252903 
3000000,0.032499998807907104 
3010000,0.02250000089406967 
3020000,0.014999999664723873 
3030000,0.009999999776482582 
3040000,0.027499999850988388 
3050000,0.032499998807907104 
3060000,0.027499999850988388 
3070000,0.019999999552965164 
3080000,0.007499999832361937 
3090000,0.019999999552965164 
3100000,0.012500000186264515 
3110000,0.012500000186264515 
3120000,0.014999999664723873 
3130000,0.014999999664723873 
3140000,0.014999999664723873 
3150000,0.007499999832361937 
3160000,0.007499999832361937 
3170000,0.029999999329447746 
3180000,0.02250000089406967 
3190000,0.019999999552965164 
3200000,0.02250000089406967 
3210000,0.009999999776482582 
3220000,0.004999999888241291 
3230000,0.02500000037252903 
3240000,0.014999999664723873 
3250000,0.02250000089406967 
3260000,0.02500000037252903 
3270000,0.029999999329447746 
3280000,0.017500000074505806 
3290000,0.012500000186264515 
3300000,0.029999999329447746 
3310000,0.027499999850988388 
3320000,0.017500000074505806 
3330000,0.017500000074505806 
3340000,0.012500000186264515 
3350000,0.03500000014901161 
3360000,0.02250000089406967 
3370000,0.014999999664723873 
3380000,0.012500000186264515 
3390000,0.017500000074505806 
3400000,0.019999999552965164 
3410000,0.014999999664723873 
3420000,0.02250000089406967 
3430000,0.02500000037252903 
3440000,0.012500000186264515 
3450000,0.017500000074505806 
3460000,0.032499998807907104 
3470000,0.017500000074505806 
3480000,0.014999999664723873 
3490000,0.012500000186264515 
3500000,0.02250000089406967 
3510000,0.014999999664723873 
3520000,0.012500000186264515 
3530000,0.017500000074505806 
3540000,0.014999999664723873 
3550000,0.029999999329447746 
3560000,0.014999999664723873 
3570000,0.027499999850988388 
3580000,0.014999999664723873 
3590000,0.02500000037252903 
3600000,0.014999999664723873 
3610000,0.017500000074505806 
3620000,0.027499999850988388 
3630000,0.02500000037252903 
3640000,0.019999999552965164 
3650000,0.017500000074505806 
3660000,0.014999999664723873 
3670000,0.027499999850988388 
3680000,0.014999999664723873 
3690000,0.012500000186264515 
3700000,0.014999999664723873 
3710000,0.009999999776482582 
3720000,0.029999999329447746 
3730000,0.012500000186264515 
3740000,0.014999999664723873 
3750000,0.007499999832361937 
3760000,0.014999999664723873 
3770000,0.012500000186264515 
3780000,0.02250000089406967 
3790000,0.017500000074505806 
3800000,0.009999999776482582 
3810000,0.029999999329447746 
3820000,0.02250000089406967 
3830000,0.012500000186264515 
3840000,0.012500000186264515 
3850000,0.017500000074505806 
3860000,0.017500000074505806 
3870000,0.02250000089406967 
3880000,0.014999999664723873 
3890000,0.017500000074505806 
3900000,0.009999999776482582 
3910000,0.009999999776482582 
3920000,0.017500000074505806 
3930000,0.012500000186264515 
3940000,0.007499999832361937 
3950000,0.017500000074505806 
3960000,0.019999999552965164 
3970000,0.02250000089406967 
3980000,0.012500000186264515 
3990000,0.007499999832361937 
4000000,0.012500000186264515 
4010000,0.027499999850988388 
4020000,0.017500000074505806 
4030000,0.009999999776482582 
4040000,0.014999999664723873 
4050000,0.012500000186264515 
4060000,0.017500000074505806 
4070000,0.027499999850988388 
4080000,0.029999999329447746 
4090000,0.017500000074505806 
4100000,0.012500000186264515 
4110000,0.019999999552965164 
4120000,0.017500000074505806 
4130000,0.02250000089406967 
4140000,0.019999999552965164 
4150000,0.019999999552965164 
4160000,0.032499998807907104 
4170000,0.007499999832361937 
4180000,0.009999999776482582 
4190000,0.014999999664723873 
4200000,0.02250000089406967 
4210000,0.007499999832361937 
4220000,0.019999999552965164 
4230000,0.017500000074505806 
4240000,0.012500000186264515 
4250000,0.007499999832361937 
4260000,0.032499998807907104 
4270000,0.032499998807907104 
4280000,0.017500000074505806 
4290000,0.009999999776482582 
4300000,0.017500000074505806 
4310000,0.02250000089406967 
4320000,0.019999999552965164 
4330000,0.02500000037252903 
4340000,0.007499999832361937 
4350000,0.02250000089406967 
4360000,0.02250000089406967 
4370000,0.017500000074505806 
4380000,0.009999999776482582 
4390000,0.014999999664723873 
4400000,0.012500000186264515 
4410000,0.019999999552965164 
4420000,0.02250000089406967 
4430000,0.02250000089406967 
4440000,0.014999999664723873 
4450000,0.02500000037252903 
4460000,0.009999999776482582 
4470000,0.012500000186264515 
4480000,0.019999999552965164 
4490000,0.017500000074505806 
4500000,0.029999999329447746 
4510000,0.017500000074505806 
4520000,0.014999999664723873 
4530000,0.02500000037252903 
4540000,0.009999999776482582 
4550000,0.019999999552965164 
4560000,0.012500000186264515 
4570000,0.014999999664723873 
4580000,0.02250000089406967 
4590000,0.019999999552965164 
4600000,0.009999999776482582 
4610000,0.017500000074505806 
4620000,0.029999999329447746 
4630000,0.019999999552965164 
4640000,0.017500000074505806 
4650000,0.014999999664723873 
4660000,0.012500000186264515 
4670000,0.02500000037252903 
4680000,0.014999999664723873 
4690000,0.017500000074505806 
4700000,0.014999999664723873 
4710000,0.014999999664723873 
4720000,0.017500000074505806 
4730000,0.02250000089406967 
4740000,0.02500000037252903 
4750000,0.02250000089406967 
4760000,0.02500000037252903 
4770000,0.014999999664723873 
4780000,0.012500000186264515 
4790000,0.017500000074505806 
4800000,0.027499999850988388 
4810000,0.004999999888241291 
4820000,0.009999999776482582 
4830000,0.02250000089406967 
4840000,0.017500000074505806 
4850000,0.019999999552965164 
4860000,0.019999999552965164 
4870000,0.014999999664723873 
4880000,0.009999999776482582 
4890000,0.027499999850988388 
4900000,0.012500000186264515 
4910000,0.014999999664723873 
4920000,0.014999999664723873 
4930000,0.014999999664723873 
4940000,0.009999999776482582 
4950000,0.009999999776482582 
4960000,0.012500000186264515 
4970000,0.014999999664723873 
4980000,0.012500000186264515 
4990000,0.029999999329447746 
5000000,0.012500000186264515 
5010000,0.004999999888241291 
5020000,0.012500000186264515 
5030000,0.02500000037252903 
5040000,0.009999999776482582 
5050000,0.007499999832361937 
5060000,0.019999999552965164 
5070000,0.017500000074505806 
5080000,0.02500000037252903 
5090000,0.007499999832361937 
5100000,0.017500000074505806 
5110000,0.012500000186264515 
5120000,0.012500000186264515 
5130000,0.012500000186264515 
5140000,0.004999999888241291 
5150000,0.009999999776482582 
5160000,0.019999999552965164 
5170000,0.014999999664723873 
5180000,0.014999999664723873 
5190000,0.007499999832361937 
5200000,0.019999999552965164 
5210000,0.017500000074505806 
5220000,0.02250000089406967 
5230000,0.012500000186264515 
5240000,0.004999999888241291 
5250000,0.012500000186264515 
5260000,0.017500000074505806 
5270000,0.012500000186264515 
5280000,0.027499999850988388 
5290000,0.02250000089406967 
5300000,0.02250000089406967 
5310000,0.014999999664723873 
5320000,0.02250000089406967 
5330000,0.014999999664723873 
5340000,0.02250000089406967 
5350000,0.029999999329447746 
5360000,0.019999999552965164 
5370000,0.012500000186264515 
5380000,0.027499999850988388 
5390000,0.014999999664723873 
5400000,0.017500000074505806 
5410000,0.014999999664723873 
5420000,0.019999999552965164 
5430000,0.012500000186264515 
5440000,0.019999999552965164 
5450000,0.027499999850988388 
5460000,0.02500000037252903 
5470000,0.017500000074505806 
5480000,0.017500000074505806 
5490000,0.02250000089406967 
5500000,0.004999999888241291 
5510000,0.02250000089406967 
5520000,0.017500000074505806 
5530000,0.007499999832361937 
5540000,0.029999999329447746 
5550000,0.012500000186264515 
5560000,0.027499999850988388 
5570000,0.02500000037252903 
5580000,0.02250000089406967 
5590000,0.017500000074505806 
5600000,0.017500000074505806 
5610000,0.014999999664723873 
5620000,0.007499999832361937 
5630000,0.014999999664723873 
5640000,0.032499998807907104 
5650000,0.02250000089406967 
5660000,0.017500000074505806 
5670000,0.02500000037252903 
5680000,0.012500000186264515 
5690000,0.027499999850988388 
5700000,0.009999999776482582 
5710000,0.014999999664723873 
5720000,0.017500000074505806 
5730000,0.017500000074505806 
5740000,0.017500000074505806 
5750000,0.017500000074505806 
5760000,0.014999999664723873 
5770000,0.02250000089406967 
5780000,0.029999999329447746 
5790000,0.007499999832361937 
5800000,0.019999999552965164 
5810000,0.027499999850988388 
5820000,0.017500000074505806 
5830000,0.02250000089406967 
5840000,0.02250000089406967 
5850000,0.03500000014901161 
5860000,0.027499999850988388 
5870000,0.019999999552965164 
5880000,0.02500000037252903 
5890000,0.017500000074505806 
5900000,0.007499999832361937 
5910000,0.03500000014901161 
5920000,0.02250000089406967 
5930000,0.017500000074505806 
5940000,0.017500000074505806 
5950000,0.017500000074505806 
5960000,0.012500000186264515 
5970000,0.014999999664723873 
5980000,0.02500000037252903 
5990000,0.02500000037252903 
6000000,0.017500000074505806 
6010000,0.027499999850988388 
6020000,0.019999999552965164 
6030000,0.019999999552965164 
6040000,0.02250000089406967 
6050000,0.032499998807907104 
6060000,0.014999999664723873 
6070000,0.009999999776482582 
6080000,0.019999999552965164 
6090000,0.02500000037252903 
6100000,0.017500000074505806 
6110000,0.029999999329447746 
6120000,0.029999999329447746 
6130000,0.019999999552965164 
6140000,0.007499999832361937 
6150000,0.02500000037252903 
6160000,0.014999999664723873 
6170000,0.007499999832361937 
6180000,0.03500000014901161 
6190000,0.014999999664723873 
6200000,0.029999999329447746 
6210000,0.019999999552965164 
6220000,0.019999999552965164 
6230000,0.012500000186264515 
6240000,0.009999999776482582 
6250000,0.007499999832361937 
6260000,0.032499998807907104 
6270000,0.02500000037252903 
6280000,0.017500000074505806 
6290000,0.014999999664723873 
6300000,0.009999999776482582 
6310000,0.014999999664723873 
6320000,0.004999999888241291 
6330000,0.012500000186264515 
6340000,0.017500000074505806 
6350000,0.014999999664723873 
6360000,0.02250000089406967 
6370000,0.009999999776482582 
6380000,0.012500000186264515 
6390000,0.029999999329447746 
6400000,0.012500000186264515 
6410000,0.014999999664723873 
6420000,0.0024999999441206455 
6430000,0.027499999850988388 
6440000,0.012500000186264515 
6450000,0.014999999664723873 
6460000,0.02250000089406967 
6470000,0.017500000074505806 
6480000,0.017500000074505806 
6490000,0.017500000074505806 
6500000,0.032499998807907104 
6510000,0.017500000074505806 
6520000,0.014999999664723873 
6530000,0.029999999329447746 
6540000,0.03999999910593033 
6550000,0.019999999552965164 
6560000,0.019999999552965164 
6570000,0.014999999664723873 
6580000,0.027499999850988388 
6590000,0.017500000074505806 
6600000,0.014999999664723873 
6610000,0.017500000074505806 
6620000,0.027499999850988388 
6630000,0.014999999664723873 
6640000,0.02250000089406967 
6650000,0.012500000186264515 
6660000,0.02250000089406967 
6670000,0.027499999850988388 
6680000,0.02250000089406967 
6690000,0.02250000089406967 
6700000,0.019999999552965164 
6710000,0.019999999552965164 
6720000,0.02500000037252903 
6730000,0.019999999552965164 
6740000,0.027499999850988388 
6750000,0.02500000037252903 
6760000,0.012500000186264515 
6770000,0.027499999850988388 
6780000,0.012500000186264515 
6790000,0.017500000074505806 
6800000,0.009999999776482582 
6810000,0.009999999776482582 
6820000,0.012500000186264515 
6830000,0.02500000037252903 
6840000,0.014999999664723873 
6850000,0.029999999329447746 
6860000,0.012500000186264515 
6870000,0.009999999776482582 
6880000,0.014999999664723873 
6890000,0.017500000074505806 
6900000,0.02250000089406967 
6910000,0.0024999999441206455 
6920000,0.017500000074505806 
6930000,0.012500000186264515 
6940000,0.014999999664723873 
6950000,0.017500000074505806 
6960000,0.029999999329447746 
6970000,0.019999999552965164 
6980000,0.009999999776482582 
6990000,0.019999999552965164 
7000000,0.03500000014901161 
7010000,0.014999999664723873 
7020000,0.017500000074505806 
7030000,0.014999999664723873 
7040000,0.017500000074505806 
7050000,0.02250000089406967 
7060000,0.017500000074505806 
7070000,0.017500000074505806 
7080000,0.02250000089406967 
7090000,0.02500000037252903 
7100000,0.019999999552965164 
7110000,0.017500000074505806 
7120000,0.017500000074505806 
7130000,0.017500000074505806 
7140000,0.014999999664723873 
7150000,0.019999999552965164 
7160000,0.02250000089406967 
7170000,0.014999999664723873 
7180000,0.017500000074505806 
7190000,0.02500000037252903 
7200000,0.009999999776482582 
7210000,0.02500000037252903 
7220000,0.014999999664723873 
7230000,0.019999999552965164 
7240000,0.014999999664723873 
7250000,0.02250000089406967 
7260000,0.009999999776482582 
7270000,0.032499998807907104 
7280000,0.032499998807907104 
7290000,0.02250000089406967 
7300000,0.032499998807907104 
7310000,0.017500000074505806 
7320000,0.009999999776482582 
7330000,0.017500000074505806 
7340000,0.02250000089406967 
7350000,0.019999999552965164 
7360000,0.014999999664723873 
7370000,0.02250000089406967 
7380000,0.027499999850988388 
7390000,0.029999999329447746 
7400000,0.019999999552965164 
7410000,0.02250000089406967 
7420000,0.017500000074505806 
7430000,0.019999999552965164 
7440000,0.019999999552965164 
7450000,0.012500000186264515 
7460000,0.02250000089406967 
7470000,0.017500000074505806 
7480000,0.017500000074505806 
7490000,0.012500000186264515 
7500000,0.004999999888241291 
7510000,0.014999999664723873 
7520000,0.014999999664723873 
7530000,0.014999999664723873 
7540000,0.014999999664723873 
7550000,0.03750000149011612 
7560000,0.02250000089406967 
7570000,0.03500000014901161 
7580000,0.02500000037252903 
7590000,0.007499999832361937 
7600000,0.009999999776482582 
7610000,0.017500000074505806 
7620000,0.019999999552965164 
7630000,0.017500000074505806 
7640000,0.027499999850988388 
7650000,0.029999999329447746 
7660000,0.004999999888241291 
7670000,0.014999999664723873 
7680000,0.017500000074505806 
7690000,0.012500000186264515 
7700000,0.02500000037252903 
7710000,0.02250000089406967 
7720000,0.029999999329447746 
7730000,0.02500000037252903 
7740000,0.02500000037252903 
7750000,0.012500000186264515 
7760000,0.014999999664723873 
7770000,0.027499999850988388 
7780000,0.014999999664723873 
7790000,0.019999999552965164 
7800000,0.02250000089406967 
7810000,0.02500000037252903 
7820000,0.02250000089406967 
7830000,0.014999999664723873 
7840000,0.007499999832361937 
7850000,0.017500000074505806 
7860000,0.02250000089406967 
7870000,0.017500000074505806 
7880000,0.014999999664723873 
7890000,0.012500000186264515 
7900000,0.017500000074505806 
7910000,0.019999999552965164 
7920000,0.029999999329447746 
7930000,0.027499999850988388 
7940000,0.02500000037252903 
7950000,0.017500000074505806 
7960000,0.014999999664723873 
7970000,0.017500000074505806 
7980000,0.014999999664723873 
7990000,0.02250000089406967 
8000000,0.017500000074505806 
8010000,0.014999999664723873 
8020000,0.02250000089406967 
8030000,0.009999999776482582 
8040000,0.02250000089406967 
8050000,0.027499999850988388 
8060000,0.027499999850988388 
8070000,0.019999999552965164 
8080000,0.02250000089406967 
8090000,0.017500000074505806 
8100000,0.014999999664723873 
8110000,0.032499998807907104 
8120000,0.029999999329447746 
8130000,0.02500000037252903 
8140000,0.019999999552965164 
8150000,0.032499998807907104 
8160000,0.02250000089406967 
8170000,0.02500000037252903 
8180000,0.0024999999441206455 
8190000,0.027499999850988388 
8200000,0.027499999850988388 
8210000,0.012500000186264515 
8220000,0.012500000186264515 
8230000,0.012500000186264515 
8240000,0.009999999776482582 
8250000,0.014999999664723873 
8260000,0.02250000089406967 
8270000,0.014999999664723873 
8280000,0.017500000074505806 
8290000,0.02500000037252903 
8300000,0.012500000186264515 
8310000,0.02250000089406967 
8320000,0.019999999552965164 
8330000,0.014999999664723873 
8340000,0.019999999552965164 
8350000,0.02500000037252903 
8360000,0.012500000186264515 
8370000,0.017500000074505806 
8380000,0.019999999552965164 
8390000,0.014999999664723873 
8400000,0.019999999552965164 
8410000,0.027499999850988388 
8420000,0.009999999776482582 
8430000,0.014999999664723873 
8440000,0.017500000074505806 
8450000,0.012500000186264515 
8460000,0.02500000037252903 
8470000,0.02250000089406967 
8480000,0.017500000074505806 
8490000,0.014999999664723873 
8500000,0.019999999552965164 
8510000,0.02250000089406967 
8520000,0.012500000186264515 
8530000,0.032499998807907104 
8540000,0.017500000074505806 
8550000,0.027499999850988388 
8560000,0.012500000186264515 
8570000,0.017500000074505806 
8580000,0.017500000074505806 
8590000,0.02250000089406967 
8600000,0.014999999664723873 
8610000,0.02500000037252903 
8620000,0.017500000074505806 
8630000,0.019999999552965164 
8640000,0.017500000074505806 
8650000,0.012500000186264515 
8660000,0.017500000074505806 
8670000,0.014999999664723873 
8680000,0.02250000089406967 
8690000,0.02250000089406967 
8700000,0.017500000074505806 
8710000,0.014999999664723873 
8720000,0.017500000074505806 
8730000,0.019999999552965164 
8740000,0.012500000186264515 
8750000,0.019999999552965164 
8760000,0.012500000186264515 
8770000,0.017500000074505806 
8780000,0.02250000089406967 
8790000,0.014999999664723873 
8800000,0.009999999776482582 
8810000,0.014999999664723873 
8820000,0.029999999329447746 
8830000,0.027499999850988388 
8840000,0.017500000074505806 
8850000,0.009999999776482582 
8860000,0.019999999552965164 
8870000,0.017500000074505806 
8880000,0.014999999664723873 
8890000,0.017500000074505806 
8900000,0.017500000074505806 
8910000,0.014999999664723873 
8920000,0.017500000074505806 
8930000,0.014999999664723873 
8940000,0.019999999552965164 
8950000,0.014999999664723873 
8960000,0.027499999850988388 
8970000,0.007499999832361937 
8980000,0.019999999552965164 
8990000,0.02250000089406967 
9000000,0.004999999888241291 
9010000,0.019999999552965164 
9020000,0.012500000186264515 
9030000,0.012500000186264515 
9040000,0.02250000089406967 
9050000,0.014999999664723873 
9060000,0.014999999664723873 
9070000,0.027499999850988388 
9080000,0.012500000186264515 
9090000,0.012500000186264515 
9100000,0.019999999552965164 
9110000,0.019999999552965164 
9120000,0.02250000089406967 
9130000,0.02250000089406967 
9140000,0.014999999664723873 
9150000,0.009999999776482582 
9160000,0.029999999329447746 
9170000,0.019999999552965164 
9180000,0.019999999552965164 
9190000,0.029999999329447746 
9200000,0.017500000074505806 
9210000,0.017500000074505806 
9220000,0.019999999552965164 
9230000,0.02250000089406967 
9240000,0.014999999664723873 
9250000,0.014999999664723873 
9260000,0.017500000074505806 
9270000,0.014999999664723873 
9280000,0.014999999664723873 
9290000,0.017500000074505806 
9300000,0.017500000074505806 
9310000,0.019999999552965164 
9320000,0.014999999664723873 
9330000,0.019999999552965164 
9340000,0.027499999850988388 
9350000,0.019999999552965164 
9360000,0.02250000089406967 
9370000,0.02250000089406967 
9380000,0.02250000089406967 
9390000,0.02500000037252903 
9400000,0.009999999776482582 
9410000,0.027499999850988388 
9420000,0.019999999552965164 
9430000,0.017500000074505806 
9440000,0.012500000186264515 
9450000,0.017500000074505806 
9460000,0.009999999776482582 
9470000,0.019999999552965164 
9480000,0.014999999664723873 
9490000,0.012500000186264515 
9500000,0.029999999329447746 
9510000,0.017500000074505806 
9520000,0.02250000089406967 
9530000,0.014999999664723873 
9540000,0.019999999552965164 
9550000,0.012500000186264515 
9560000,0.019999999552965164 
9570000,0.027499999850988388 
9580000,0.014999999664723873 
9590000,0.014999999664723873 
9600000,0.014999999664723873 
9610000,0.017500000074505806 
9620000,0.009999999776482582 
9630000,0.027499999850988388 
9640000,0.019999999552965164 
9650000,0.029999999329447746 
9660000,0.012500000186264515 
9670000,0.014999999664723873 
9680000,0.012500000186264515 
9690000,0.019999999552965164 
9700000,0.019999999552965164 
9710000,0.017500000074505806 
9720000,0.014999999664723873 
9730000,0.007499999832361937 
9740000,0.02500000037252903 
9750000,0.02250000089406967 
9760000,0.017500000074505806 
9770000,0.017500000074505806 
9780000,0.017500000074505806 
9790000,0.019999999552965164 
9800000,0.019999999552965164 
9810000,0.007499999832361937 
9820000,0.017500000074505806 
9830000,0.02500000037252903 
9840000,0.017500000074505806 
9850000,0.004999999888241291 
9860000,0.012500000186264515 
9870000,0.027499999850988388 
9880000,0.019999999552965164 
9890000,0.019999999552965164 
9900000,0.02500000037252903 
9910000,0.009999999776482582 
9920000,0.027499999850988388 
9930000,0.017500000074505806 
9940000,0.014999999664723873 
9950000,0.02250000089406967 
9960000,0.02250000089406967 
9970000,0.02500000037252903 
9980000,0.02250000089406967 
9990000,0.014999999664723873 
10000000,0.007499999832361937 
10010000,0.02500000037252903 
10020000,0.012500000186264515 
10030000,0.02500000037252903 
10040000,0.012500000186264515 
10050000,0.017500000074505806 
10060000,0.017500000074505806 
10070000,0.027499999850988388 
10080000,0.012500000186264515 
10090000,0.012500000186264515 
10100000,0.027499999850988388 
10110000,0.014999999664723873 
10120000,0.019999999552965164 
10130000,0.014999999664723873 
10140000,0.014999999664723873 
10150000,0.027499999850988388 
10160000,0.014999999664723873 
10170000,0.02250000089406967 
10180000,0.012500000186264515 
10190000,0.02250000089406967 
10200000,0.014999999664723873 
10210000,0.02250000089406967 
10220000,0.012500000186264515 
10230000,0.014999999664723873 
10240000,0.009999999776482582 
10250000,0.019999999552965164 
10260000,0.012500000186264515 
10270000,0.027499999850988388 
10280000,0.02250000089406967 
10290000,0.02500000037252903 
10300000,0.007499999832361937 
10310000,0.02250000089406967 
10320000,0.014999999664723873 
10330000,0.02500000037252903 
10340000,0.027499999850988388 
10350000,0.009999999776482582 
10360000,0.02250000089406967 
10370000,0.027499999850988388 
10380000,0.019999999552965164 
10390000,0.02500000037252903 
10400000,0.02250000089406967 
10410000,0.029999999329447746 
10420000,0.02250000089406967 
10430000,0.02250000089406967 
10440000,0.027499999850988388 
10450000,0.012500000186264515 
10460000,0.02250000089406967 
10470000,0.009999999776482582 
10480000,0.012500000186264515 
10490000,0.004999999888241291 
10500000,0.012500000186264515 
10510000,0.004999999888241291 
10520000,0.017500000074505806 
10530000,0.02500000037252903 
10540000,0.02250000089406967 
10550000,0.019999999552965164 
10560000,0.017500000074505806 
10570000,0.017500000074505806 
10580000,0.014999999664723873 
10590000,0.007499999832361937 
10600000,0.019999999552965164 
10610000,0.042500000447034836 
10620000,0.017500000074505806 
10630000,0.017500000074505806 
10640000,0.02250000089406967 
10650000,0.019999999552965164 
10660000,0.02500000037252903 
10670000,0.02500000037252903 
10680000,0.017500000074505806 
10690000,0.009999999776482582 
10700000,0.012500000186264515 
10710000,0.014999999664723873 
10720000,0.012500000186264515 
10730000,0.02500000037252903 
10740000,0.007499999832361937 
10750000,0.017500000074505806 
10760000,0.017500000074505806 
10770000,0.012500000186264515 
10780000,0.014999999664723873 
10790000,0.012500000186264515 
10800000,0.019999999552965164 
10810000,0.012500000186264515 
10820000,0.019999999552965164 
10830000,0.009999999776482582 
10840000,0.009999999776482582 
10850000,0.012500000186264515 
10860000,0.027499999850988388 
10870000,0.019999999552965164 
10880000,0.019999999552965164 
10890000,0.014999999664723873 
10900000,0.017500000074505806 
10910000,0.019999999552965164 
10920000,0.019999999552965164 
10930000,0.02500000037252903 
10940000,0.012500000186264515 
10950000,0.009999999776482582 
10960000,0.009999999776482582 
10970000,0.014999999664723873 
10980000,0.019999999552965164 
10990000,0.014999999664723873 
11000000,0.017500000074505806 
11010000,0.012500000186264515 
11020000,0.02250000089406967 
11030000,0.009999999776482582 
11040000,0.007499999832361937 
11050000,0.014999999664723873 
11060000,0.009999999776482582 
11070000,0.014999999664723873 
11080000,0.014999999664723873 
11090000,0.02250000089406967 
11100000,0.004999999888241291 
11110000,0.019999999552965164 
11120000,0.014999999664723873 
11130000,0.02250000089406967 
11140000,0.027499999850988388 
11150000,0.02250000089406967 
11160000,0.02500000037252903 
11170000,0.009999999776482582 
11180000,0.027499999850988388 
11190000,0.007499999832361937 
11200000,0.014999999664723873 
11210000,0.017500000074505806 
11220000,0.014999999664723873 
11230000,0.02250000089406967 
11240000,0.017500000074505806 
11250000,0.019999999552965164 
11260000,0.012500000186264515 
11270000,0.017500000074505806 
11280000,0.02250000089406967 
11290000,0.02250000089406967 
11300000,0.012500000186264515 
11310000,0.017500000074505806 
11320000,0.029999999329447746 
11330000,0.012500000186264515 
11340000,0.02250000089406967 
11350000,0.017500000074505806 
11360000,0.02500000037252903 
11370000,0.019999999552965164 
11380000,0.017500000074505806 
11390000,0.014999999664723873 
11400000,0.017500000074505806 
11410000,0.02250000089406967 
11420000,0.012500000186264515 
11430000,0.014999999664723873 
11440000,0.014999999664723873 
11450000,0.012500000186264515 
11460000,0.014999999664723873 
11470000,0.009999999776482582 
11480000,0.019999999552965164 
11490000,0.032499998807907104 
11500000,0.012500000186264515 
11510000,0.009999999776482582 
11520000,0.019999999552965164 
11530000,0.009999999776482582 
11540000,0.009999999776482582 
11550000,0.009999999776482582 
11560000,0.02500000037252903 
11570000,0.027499999850988388 
11580000,0.02500000037252903 
11590000,0.02250000089406967 
11600000,0.03750000149011612 
11610000,0.02250000089406967 
11620000,0.017500000074505806 
11630000,0.014999999664723873 
11640000,0.027499999850988388 
11650000,0.032499998807907104 
11660000,0.017500000074505806 
11670000,0.019999999552965164 
11680000,0.02500000037252903 
11690000,0.017500000074505806 
11700000,0.019999999552965164 
11710000,0.012500000186264515 
11720000,0.02500000037252903 
11730000,0.032499998807907104 
11740000,0.019999999552965164 
11750000,0.017500000074505806 
11760000,0.014999999664723873 
11770000,0.02500000037252903 
11780000,0.02250000089406967 
11790000,0.014999999664723873 
11800000,0.009999999776482582 
11810000,0.027499999850988388 
11820000,0.02500000037252903 
11830000,0.014999999664723873 
11840000,0.02250000089406967 
11850000,0.004999999888241291 
11860000,0.009999999776482582 
11870000,0.012500000186264515 
11880000,0.012500000186264515 
11890000,0.017500000074505806 
11900000,0.019999999552965164 
11910000,0.019999999552965164 
11920000,0.019999999552965164 
11930000,0.02500000037252903 
11940000,0.017500000074505806 
11950000,0.02500000037252903 
11960000,0.02250000089406967 
11970000,0.019999999552965164 
11980000,0.019999999552965164 
11990000,0.03500000014901161 
12000000,0.014999999664723873 
12010000,0.012500000186264515 
12020000,0.032499998807907104 
12030000,0.02250000089406967 
12040000,0.017500000074505806 
12050000,0.017500000074505806 
12060000,0.012500000186264515 
12070000,0.012500000186264515 
12080000,0.019999999552965164 
12090000,0.029999999329447746 
12100000,0.017500000074505806 
12110000,0.009999999776482582 
12120000,0.009999999776482582 
12130000,0.03999999910593033 
12140000,0.004999999888241291 
12150000,0.009999999776482582 
12160000,0.0024999999441206455 
12170000,0.017500000074505806 
12180000,0.019999999552965164 
12190000,0.029999999329447746 
12200000,0.02500000037252903 
12210000,0.007499999832361937 
12220000,0.012500000186264515 
12230000,0.02250000089406967 
12240000,0.014999999664723873 
12250000,0.012500000186264515 
12260000,0.02500000037252903 
12270000,0.014999999664723873 
12280000,0.007499999832361937 
12290000,0.007499999832361937 
12300000,0.019999999552965164 
12310000,0.02250000089406967 
12320000,0.014999999664723873 
12330000,0.019999999552965164 
12340000,0.012500000186264515 
12350000,0.009999999776482582 
12360000,0.029999999329447746 
12370000,0.009999999776482582 
12380000,0.009999999776482582 
12390000,0.012500000186264515 
12400000,0.019999999552965164 
12410000,0.014999999664723873 
12420000,0.012500000186264515 
12430000,0.017500000074505806 
12440000,0.012500000186264515 
12450000,0.014999999664723873 
12460000,0.007499999832361937 
12470000,0.007499999832361937 
12480000,0.02500000037252903 
12490000,0.012500000186264515 
12500000,0.017500000074505806 
12510000,0.009999999776482582 
12520000,0.02500000037252903 
12530000,0.004999999888241291 
12540000,0.02250000089406967 
12550000,0.02500000037252903 
12560000,0.009999999776482582 
12570000,0.017500000074505806 
12580000,0.017500000074505806 
12590000,0.017500000074505806 
12600000,0.004999999888241291 
12610000,0.032499998807907104 
12620000,0.014999999664723873 
12630000,0.004999999888241291 
12640000,0.012500000186264515 
12650000,0.009999999776482582 
12660000,0.02250000089406967 
12670000,0.02250000089406967 
12680000,0.02250000089406967 
12690000,0.02250000089406967 
12700000,0.019999999552965164 
12710000,0.012500000186264515 
12720000,0.019999999552965164 
12730000,0.019999999552965164 
12740000,0.012500000186264515 
12750000,0.029999999329447746 
12760000,0.04749999940395355 
12770000,0.019999999552965164 
12780000,0.02500000037252903 
12790000,0.02500000037252903 
12800000,0.014999999664723873 
12810000,0.012500000186264515 
12820000,0.027499999850988388 
12830000,0.019999999552965164 
12840000,0.009999999776482582 
12850000,0.014999999664723873 
12860000,0.014999999664723873 
12870000,0.012500000186264515 
12880000,0.027499999850988388 
12890000,0.027499999850988388 
12900000,0.027499999850988388 
12910000,0.014999999664723873 
12920000,0.014999999664723873 
12930000,0.02250000089406967 
12940000,0.014999999664723873 
12950000,0.012500000186264515 
12960000,0.03500000014901161 
12970000,0.02250000089406967 
12980000,0.012500000186264515 
12990000,0.017500000074505806 
13000000,0.017500000074505806 
13010000,0.012500000186264515 
13020000,0.02250000089406967 
13030000,0.02500000037252903 
13040000,0.02250000089406967 
13050000,0.019999999552965164 
13060000,0.012500000186264515 
13070000,0.029999999329447746 
13080000,0.017500000074505806 
13090000,0.014999999664723873 
13100000,0.02500000037252903 
13110000,0.02500000037252903 
13120000,0.019999999552965164 
13130000,0.009999999776482582 
13140000,0.012500000186264515 
13150000,0.027499999850988388 
13160000,0.014999999664723873 
13170000,0.012500000186264515 
13180000,0.014999999664723873 
13190000,0.029999999329447746 
13200000,0.027499999850988388 
13210000,0.014999999664723873 
13220000,0.007499999832361937 
13230000,0.019999999552965164 
13240000,0.012500000186264515 
13250000,0.019999999552965164 
13260000,0.03750000149011612 
13270000,0.009999999776482582 
13280000,0.014999999664723873 
13290000,0.02500000037252903 
13300000,0.012500000186264515 
13310000,0.012500000186264515 
13320000,0.019999999552965164 
13330000,0.012500000186264515 
13340000,0.019999999552965164 
13350000,0.014999999664723873 
13360000,0.019999999552965164 
13370000,0.017500000074505806 
13380000,0.019999999552965164 
13390000,0.017500000074505806 
13400000,0.017500000074505806 
13410000,0.014999999664723873 
13420000,0.012500000186264515 
13430000,0.009999999776482582 
13440000,0.014999999664723873 
13450000,0.027499999850988388 
13460000,0.019999999552965164 
13470000,0.009999999776482582 
13480000,0.004999999888241291 
13490000,0.02250000089406967 
13500000,0.019999999552965164 
13510000,0.032499998807907104 
13520000,0.012500000186264515 
13530000,0.007499999832361937 
13540000,0.007499999832361937 
13550000,0.019999999552965164 
13560000,0.019999999552965164 
13570000,0.02500000037252903 
13580000,0.014999999664723873 
13590000,0.042500000447034836 
13600000,0.02500000037252903 
13610000,0.02250000089406967 
13620000,0.012500000186264515 
13630000,0.014999999664723873 
13640000,0.017500000074505806 
13650000,0.014999999664723873 
13660000,0.019999999552965164 
13670000,0.009999999776482582 
13680000,0.019999999552965164 
13690000,0.014999999664723873 
13700000,0.02250000089406967 
13710000,0.019999999552965164 
13720000,0.03999999910593033 
13730000,0.007499999832361937 
13740000,0.012500000186264515 
13750000,0.017500000074505806 
13760000,0.007499999832361937 
13770000,0.007499999832361937 
13780000,0.009999999776482582 
13790000,0.009999999776482582 
13800000,0.017500000074505806 
13810000,0.017500000074505806 
13820000,0.017500000074505806 
13830000,0.02500000037252903 
13840000,0.014999999664723873 
13850000,0.014999999664723873 
13860000,0.02250000089406967 
13870000,0.012500000186264515 
13880000,0.009999999776482582 
13890000,0.017500000074505806 
13900000,0.012500000186264515 
13910000,0.014999999664723873 
13920000,0.014999999664723873 
13930000,0.007499999832361937 
13940000,0.009999999776482582 
13950000,0.009999999776482582 
13960000,0.019999999552965164 
13970000,0.014999999664723873 
13980000,0.014999999664723873 
13990000,0.019999999552965164 
14000000,0.014999999664723873 
14010000,0.017500000074505806 
14020000,0.007499999832361937 
14030000,0.029999999329447746 
14040000,0.02250000089406967 
14050000,0.014999999664723873 
14060000,0.017500000074505806 
14070000,0.012500000186264515 
14080000,0.014999999664723873 
14090000,0.019999999552965164 
14100000,0.019999999552965164 
14110000,0.017500000074505806 
14120000,0.02250000089406967 
14130000,0.009999999776482582 
14140000,0.014999999664723873 
14150000,0.007499999832361937 
14160000,0.012500000186264515 
14170000,0.009999999776482582 
14180000,0.014999999664723873 
14190000,0.019999999552965164 
14200000,0.027499999850988388 
14210000,0.014999999664723873 
14220000,0.017500000074505806 
14230000,0.007499999832361937 
14240000,0.004999999888241291 
14250000,0.019999999552965164 
14260000,0.014999999664723873 
14270000,0.017500000074505806 
14280000,0.009999999776482582 
14290000,0.014999999664723873 
14300000,0.017500000074505806 
14310000,0.017500000074505806 
14320000,0.02250000089406967 
14330000,0.012500000186264515 
14340000,0.019999999552965164 
14350000,0.029999999329447746 
14360000,0.012500000186264515 
14370000,0.012500000186264515 
14380000,0.017500000074505806 
14390000,0.009999999776482582 
14400000,0.017500000074505806 
14410000,0.009999999776482582 
14420000,0.02250000089406967 
14430000,0.012500000186264515 
14440000,0.017500000074505806 
14450000,0.014999999664723873 
14460000,0.007499999832361937 
14470000,0.02250000089406967 
14480000,0.017500000074505806 
14490000,0.019999999552965164 
14500000,0.012500000186264515 
14510000,0.012500000186264515 
14520000,0.017500000074505806 
14530000,0.02500000037252903 
14540000,0.02250000089406967 
14550000,0.014999999664723873 
14560000,0.027499999850988388 
14570000,0.017500000074505806 
14580000,0.029999999329447746 
14590000,0.02250000089406967 
14600000,0.014999999664723873 
14610000,0.009999999776482582 
14620000,0.009999999776482582 
14630000,0.014999999664723873 
14640000,0.02250000089406967 
14650000,0.014999999664723873 
14660000,0.009999999776482582 
14670000,0.017500000074505806 
14680000,0.027499999850988388 
14690000,0.02250000089406967 
14700000,0.007499999832361937 
14710000,0.017500000074505806 
14720000,0.019999999552965164 
14730000,0.02250000089406967 
14740000,0.012500000186264515 
14750000,0.027499999850988388 
14760000,0.012500000186264515 
14770000,0.017500000074505806 
14780000,0.014999999664723873 
14790000,0.027499999850988388 
14800000,0.009999999776482582 
14810000,0.02250000089406967 
14820000,0.03500000014901161 
14830000,0.014999999664723873 
14840000,0.02250000089406967 
14850000,0.017500000074505806 
14860000,0.017500000074505806 
14870000,0.014999999664723873 
14880000,0.012500000186264515 
14890000,0.019999999552965164 
14900000,0.007499999832361937 
14910000,0.019999999552965164 
14920000,0.03750000149011612 
14930000,0.02500000037252903 
14940000,0.017500000074505806 
14950000,0.014999999664723873 
14960000,0.014999999664723873 
14970000,0.019999999552965164 
14980000,0.02500000037252903 
14990000,0.02250000089406967 
15000000,0.032499998807907104 
15010000,0.012500000186264515 
15020000,0.019999999552965164 
15030000,0.009999999776482582 
15040000,0.012500000186264515 
15050000,0.019999999552965164 
15060000,0.009999999776482582 
15070000,0.019999999552965164 
15080000,0.02250000089406967 
15090000,0.009999999776482582 
15100000,0.02250000089406967 
15110000,0.014999999664723873 
15120000,0.019999999552965164 
15130000,0.017500000074505806 
15140000,0.007499999832361937 
15150000,0.027499999850988388 
15160000,0.007499999832361937 
15170000,0.02500000037252903 
15180000,0.019999999552965164 
15190000,0.012500000186264515 
15200000,0.014999999664723873 
15210000,0.02500000037252903 
15220000,0.012500000186264515 
15230000,0.032499998807907104 
15240000,0.02250000089406967 
15250000,0.009999999776482582 
15260000,0.02250000089406967 
15270000,0.032499998807907104 
15280000,0.014999999664723873 
15290000,0.029999999329447746 
15300000,0.029999999329447746 
15310000,0.029999999329447746 
15320000,0.02500000037252903 
15330000,0.012500000186264515 
15340000,0.009999999776482582 
15350000,0.017500000074505806 
15360000,0.02250000089406967 
15370000,0.02500000037252903 
15380000,0.007499999832361937 
15390000,0.02250000089406967 
15400000,0.017500000074505806 
15410000,0.014999999664723873 
15420000,0.017500000074505806 
15430000,0.017500000074505806 
15440000,0.02250000089406967 
15450000,0.02500000037252903 
15460000,0.009999999776482582 
15470000,0.009999999776482582 
15480000,0.017500000074505806 
15490000,0.017500000074505806 
15500000,0.02250000089406967 
15510000,0.029999999329447746 
15520000,0.017500000074505806 
15530000,0.03500000014901161 
15540000,0.014999999664723873 
15550000,0.02500000037252903 
15560000,0.017500000074505806 
15570000,0.017500000074505806 
15580000,0.014999999664723873 
15590000,0.017500000074505806 
15600000,0.017500000074505806 
15610000,0.009999999776482582 
15620000,0.017500000074505806 
15630000,0.02500000037252903 
15640000,0.009999999776482582 
15650000,0.02250000089406967 
15660000,0.004999999888241291 
15670000,0.009999999776482582 
15680000,0.012500000186264515 
15690000,0.007499999832361937 
15700000,0.004999999888241291 
15710000,0.012500000186264515 
15720000,0.012500000186264515 
15730000,0.004999999888241291 
15740000,0.007499999832361937 
15750000,0.009999999776482582 
15760000,0.017500000074505806 
15770000,0.032499998807907104 
15780000,0.02500000037252903 
15790000,0.014999999664723873 
15800000,0.007499999832361937 
15810000,0.0024999999441206455 
15820000,0.009999999776482582 
15830000,0.012500000186264515 
15840000,0.012500000186264515 
15850000,0.017500000074505806 
15860000,0.007499999832361937 
15870000,0.019999999552965164 
15880000,0.019999999552965164 
15890000,0.02250000089406967 
15900000,0.019999999552965164 
15910000,0.017500000074505806 
15920000,0.019999999552965164 
15930000,0.012500000186264515 
15940000,0.009999999776482582 
15950000,0.03500000014901161 
15960000,0.004999999888241291 
15970000,0.017500000074505806 
15980000,0.02250000089406967 
15990000,0.007499999832361937 
16000000,0.02250000089406967 
16010000,0.017500000074505806 
16020000,0.009999999776482582 
16030000,0.007499999832361937 
16040000,0.012500000186264515 
16050000,0.007499999832361937 
16060000,0.007499999832361937 
16070000,0.004999999888241291 
16080000,0.012500000186264515 
16090000,0.019999999552965164 
16100000,0.02500000037252903 
16110000,0.009999999776482582 
16120000,0.02250000089406967 
16130000,0.014999999664723873 
16140000,0.017500000074505806 
16150000,0.014999999664723873 
16160000,0.009999999776482582 
16170000,0.007499999832361937 
16180000,0.012500000186264515 
16190000,0.017500000074505806 
16200000,0.02500000037252903 
16210000,0.007499999832361937 
16220000,0.02500000037252903 
16230000,0.012500000186264515 
16240000,0.014999999664723873 
16250000,0.019999999552965164 
16260000,0.009999999776482582 
16270000,0.019999999552965164 
16280000,0.027499999850988388 
16290000,0.012500000186264515 
16300000,0.017500000074505806 
16310000,0.004999999888241291 
16320000,0.014999999664723873 
16330000,0.02250000089406967 
16340000,0.019999999552965164 
16350000,0.014999999664723873 
16360000,0.014999999664723873 
16370000,0.017500000074505806 
16380000,0.0024999999441206455 
16390000,0.017500000074505806 
16400000,0.009999999776482582 
16410000,0.009999999776482582 
16420000,0.02500000037252903 
16430000,0.017500000074505806 
16440000,0.009999999776482582 
16450000,0.019999999552965164 
16460000,0.012500000186264515 
16470000,0.017500000074505806 
16480000,0.007499999832361937 
16490000,0.019999999552965164 
16500000,0.02250000089406967 
16510000,0.017500000074505806 
16520000,0.014999999664723873 
16530000,0.009999999776482582 
16540000,0.02500000037252903 
16550000,0.019999999552965164 
16560000,0.012500000186264515 
16570000,0.004999999888241291 
16580000,0.02500000037252903 
16590000,0.017500000074505806 
16600000,0.014999999664723873 
16610000,0.014999999664723873 
16620000,0.02250000089406967 
16630000,0.019999999552965164 
16640000,0.027499999850988388 
16650000,0.027499999850988388 
16660000,0.014999999664723873 
16670000,0.032499998807907104 
16680000,0.012500000186264515 
16690000,0.004999999888241291 
16700000,0.019999999552965164 
16710000,0.019999999552965164 
16720000,0.009999999776482582 
16730000,0.012500000186264515 
16740000,0.03500000014901161 
16750000,0.007499999832361937 
16760000,0.02500000037252903 
16770000,0.029999999329447746 
16780000,0.02500000037252903 
16790000,0.012500000186264515 
16800000,0.017500000074505806 
16810000,0.012500000186264515 
16820000,0.009999999776482582 
16830000,0.02250000089406967 
16840000,0.02500000037252903 
16850000,0.02500000037252903 
16860000,0.017500000074505806 
16870000,0.017500000074505806 
16880000,0.014999999664723873 
16890000,0.007499999832361937 
16900000,0.009999999776482582 
16910000,0.027499999850988388 
16920000,0.014999999664723873 
16930000,0.019999999552965164 
16940000,0.02500000037252903 
16950000,0.017500000074505806 
16960000,0.017500000074505806 
16970000,0.009999999776482582 
16980000,0.009999999776482582 
16990000,0.009999999776482582 
17000000,0.012500000186264515 
17010000,0.012500000186264515 
17020000,0.007499999832361937 
17030000,0.014999999664723873 
17040000,0.014999999664723873 
17050000,0.029999999329447746 
17060000,0.02250000089406967 
17070000,0.012500000186264515 
17080000,0.012500000186264515 
17090000,0.02250000089406967 
17100000,0.02500000037252903 
17110000,0.027499999850988388 
17120000,0.029999999329447746 
17130000,0.02250000089406967 
17140000,0.012500000186264515 
17150000,0.032499998807907104 
17160000,0.027499999850988388 
17170000,0.027499999850988388 
17180000,0.02250000089406967 
17190000,0.012500000186264515 
17200000,0.0024999999441206455 
17210000,0.017500000074505806 
17220000,0.019999999552965164 
17230000,0.012500000186264515 
17240000,0.009999999776482582 
17250000,0.027499999850988388 
17260000,0.007499999832361937 
17270000,0.017500000074505806 
17280000,0.029999999329447746 
17290000,0.017500000074505806 
17300000,0.03500000014901161 
17310000,0.012500000186264515 
17320000,0.012500000186264515 
17330000,0.012500000186264515 
17340000,0.019999999552965164 
17350000,0.019999999552965164 
17360000,0.019999999552965164 
17370000,0.019999999552965164 
17380000,0.014999999664723873 
17390000,0.032499998807907104 
17400000,0.02250000089406967 
17410000,0.014999999664723873 
17420000,0.012500000186264515 
17430000,0.02500000037252903 
17440000,0.004999999888241291 
17450000,0.02500000037252903 
17460000,0.012500000186264515 
17470000,0.02500000037252903 
17480000,0.014999999664723873 
17490000,0.012500000186264515 
17500000,0.019999999552965164 
17510000,0.007499999832361937 
17520000,0.017500000074505806 
17530000,0.014999999664723873 
17540000,0.02500000037252903 
17550000,0.02250000089406967 
17560000,0.012500000186264515 
17570000,0.014999999664723873 
17580000,0.017500000074505806 
17590000,0.02250000089406967 
17600000,0.027499999850988388 
17610000,0.02500000037252903 
17620000,0.012500000186264515 
17630000,0.012500000186264515 
17640000,0.007499999832361937 
17650000,0.02250000089406967 
17660000,0.019999999552965164 
17670000,0.02250000089406967 
17680000,0.0024999999441206455 
17690000,0.014999999664723873 
17700000,0.012500000186264515 
17710000,0.019999999552965164 
17720000,0.014999999664723873 
17730000,0.017500000074505806 
17740000,0.014999999664723873 
17750000,0.019999999552965164 
17760000,0.009999999776482582 
17770000,0.019999999552965164 
17780000,0.02250000089406967 
17790000,0.012500000186264515 
17800000,0.007499999832361937 
17810000,0.012500000186264515 
17820000,0.02500000037252903 
17830000,0.027499999850988388 
17840000,0.004999999888241291 
17850000,0.014999999664723873 
17860000,0.019999999552965164 
17870000,0.012500000186264515 
17880000,0.009999999776482582 
17890000,0.017500000074505806 
17900000,0.017500000074505806 
17910000,0.027499999850988388 
17920000,0.019999999552965164 
17930000,0.004999999888241291 
17940000,0.012500000186264515 
17950000,0.02500000037252903 
17960000,0.009999999776482582 
17970000,0.019999999552965164 
17980000,0.014999999664723873 
17990000,0.007499999832361937 
18000000,0.02250000089406967 
18010000,0.009999999776482582 
18020000,0.017500000074505806 
18030000,0.02250000089406967 
18040000,0.019999999552965164 
18050000,0.03500000014901161 
18060000,0.027499999850988388 
18070000,0.009999999776482582 
18080000,0.029999999329447746 
18090000,0.009999999776482582 
18100000,0.012500000186264515 
18110000,0.014999999664723873 
18120000,0.027499999850988388 
18130000,0.009999999776482582 
18140000,0.0024999999441206455 
18150000,0.017500000074505806 
18160000,0.014999999664723873 
18170000,0.019999999552965164 
18180000,0.019999999552965164 
18190000,0.009999999776482582 
18200000,0.007499999832361937 
18210000,0.014999999664723873 
18220000,0.02500000037252903 
18230000,0.02500000037252903 
18240000,0.012500000186264515 
18250000,0.019999999552965164 
18260000,0.019999999552965164 
18270000,0.02500000037252903 
18280000,0.014999999664723873 
18290000,0.009999999776482582 
18300000,0.02500000037252903 
18310000,0.014999999664723873 
18320000,0.017500000074505806 
18330000,0.019999999552965164 
18340000,0.014999999664723873 
18350000,0.012500000186264515 
18360000,0.014999999664723873 
18370000,0.012500000186264515 
18380000,0.012500000186264515 
18390000,0.009999999776482582 
18400000,0.014999999664723873 
18410000,0.019999999552965164 
18420000,0.009999999776482582 
18430000,0.017500000074505806 
18440000,0.014999999664723873 
18450000,0.02250000089406967 
18460000,0.02250000089406967 
18470000,0.032499998807907104 
18480000,0.019999999552965164 
18490000,0.017500000074505806 
18500000,0.029999999329447746 
18510000,0.032499998807907104 
18520000,0.014999999664723873 
18530000,0.019999999552965164 
18540000,0.012500000186264515 
18550000,0.019999999552965164 
18560000,0.03500000014901161 
18570000,0.02500000037252903 
18580000,0.009999999776482582 
18590000,0.017500000074505806 
18600000,0.004999999888241291 
18610000,0.019999999552965164 
18620000,0.029999999329447746 
18630000,0.03750000149011612 
18640000,0.019999999552965164 
18650000,0.02500000037252903 
18660000,0.017500000074505806 
18670000,0.007499999832361937 
18680000,0.017500000074505806 
18690000,0.02250000089406967 
18700000,0.019999999552965164 
18710000,0.014999999664723873 
18720000,0.027499999850988388 
18730000,0.02250000089406967 
18740000,0.02250000089406967 
18750000,0.02500000037252903 
18760000,0.02250000089406967 
18770000,0.012500000186264515 
18780000,0.012500000186264515 
18790000,0.017500000074505806 
18800000,0.009999999776482582 
18810000,0.014999999664723873 
18820000,0.02500000037252903 
18830000,0.012500000186264515 
18840000,0.027499999850988388 
18850000,0.02500000037252903 
18860000,0.009999999776482582 
18870000,0.012500000186264515 
18880000,0.017500000074505806 
18890000,0.017500000074505806 
18900000,0.027499999850988388 
18910000,0.007499999832361937 
18920000,0.009999999776482582 
18930000,0.02250000089406967 
18940000,0.02500000037252903 
18950000,0.014999999664723873 
18960000,0.027499999850988388 
18970000,0.032499998807907104 
18980000,0.004999999888241291 
18990000,0.02500000037252903 
19000000,0.012500000186264515 
19010000,0.017500000074505806 
19020000,0.032499998807907104 
19030000,0.017500000074505806 
19040000,0.02250000089406967 
19050000,0.017500000074505806 
19060000,0.014999999664723873 
19070000,0.017500000074505806 
19080000,0.012500000186264515 
19090000,0.027499999850988388 
19100000,0.009999999776482582 
19110000,0.009999999776482582 
19120000,0.029999999329447746 
19130000,0.03500000014901161 
19140000,0.029999999329447746 
19150000,0.017500000074505806 
19160000,0.029999999329447746 
19170000,0.019999999552965164 
19180000,0.02500000037252903 
19190000,0.02500000037252903 
19200000,0.017500000074505806 
19210000,0.02500000037252903 
19220000,0.027499999850988388 
19230000,0.009999999776482582 
19240000,0.019999999552965164 
19250000,0.019999999552965164 
19260000,0.009999999776482582 
19270000,0.009999999776482582 
19280000,0.02500000037252903 
19290000,0.02500000037252903 
19300000,0.027499999850988388 
19310000,0.029999999329447746 
19320000,0.02250000089406967 
19330000,0.014999999664723873 
19340000,0.032499998807907104 
19350000,0.019999999552965164 
19360000,0.02250000089406967 
19370000,0.009999999776482582 
19380000,0.02500000037252903 
19390000,0.014999999664723873 
19400000,0.014999999664723873 
19410000,0.012500000186264515 
19420000,0.017500000074505806 
19430000,0.019999999552965164 
19440000,0.014999999664723873 
19450000,0.009999999776482582 
19460000,0.027499999850988388 
19470000,0.012500000186264515 
19480000,0.019999999552965164 
19490000,0.014999999664723873 
19500000,0.012500000186264515 
19510000,0.009999999776482582 
19520000,0.019999999552965164 
19530000,0.017500000074505806 
19540000,0.02500000037252903 
19550000,0.017500000074505806 
19560000,0.019999999552965164 
19570000,0.017500000074505806 
19580000,0.014999999664723873 
19590000,0.019999999552965164 
19600000,0.017500000074505806 
19610000,0.027499999850988388 
19620000,0.014999999664723873 
19630000,0.029999999329447746 
19640000,0.02250000089406967 
19650000,0.017500000074505806 
19660000,0.009999999776482582 
19670000,0.012500000186264515 
19680000,0.02250000089406967 
19690000,0.017500000074505806 
19700000,0.032499998807907104 
19710000,0.017500000074505806 
19720000,0.02250000089406967 
19730000,0.012500000186264515 
19740000,0.009999999776482582 
19750000,0.02500000037252903 
19760000,0.014999999664723873 
19770000,0.014999999664723873 
19780000,0.012500000186264515 
19790000,0.014999999664723873 
19800000,0.027499999850988388 
19810000,0.02250000089406967 
19820000,0.009999999776482582 
19830000,0.004999999888241291 
19840000,0.009999999776482582 
19850000,0.009999999776482582 
19860000,0.017500000074505806 
19870000,0.017500000074505806 
19880000,0.014999999664723873 
19890000,0.02250000089406967 
19900000,0.014999999664723873 
19910000,0.019999999552965164 
19920000,0.012500000186264515 
19930000,0.02250000089406967 
19940000,0.02500000037252903 
19950000,0.017500000074505806 
19960000,0.017500000074505806 
19970000,0.029999999329447746 
19980000,0.02500000037252903 
19990000,0.02250000089406967 
20000000,0.019999999552965164 
20010000,0.007499999832361937 
20020000,0.017500000074505806 
20030000,0.02500000037252903 
20040000,0.019999999552965164 
20050000,0.02250000089406967 
20060000,0.009999999776482582 
20070000,0.004999999888241291 
20080000,0.012500000186264515 
20090000,0.012500000186264515 
20100000,0.02250000089406967 
20110000,0.02250000089406967 
20120000,0.02250000089406967 
20130000,0.009999999776482582 
20140000,0.017500000074505806 
20150000,0.012500000186264515 
20160000,0.027499999850988388 
20170000,0.017500000074505806 
20180000,0.02250000089406967 
20190000,0.014999999664723873 
20200000,0.019999999552965164 
20210000,0.02500000037252903 
20220000,0.027499999850988388 
20230000,0.02250000089406967 
20240000,0.032499998807907104 
20250000,0.009999999776482582 
20260000,0.03999999910593033 
20270000,0.02500000037252903 
20280000,0.009999999776482582 
20290000,0.017500000074505806 
20300000,0.007499999832361937 
20310000,0.012500000186264515 
20320000,0.02500000037252903 
20330000,0.02500000037252903 
20340000,0.014999999664723873 
20350000,0.019999999552965164 
20360000,0.02250000089406967 
20370000,0.019999999552965164 
20380000,0.009999999776482582 
20390000,0.012500000186264515 
20400000,0.014999999664723873 
20410000,0.012500000186264515 
20420000,0.017500000074505806 
20430000,0.014999999664723873 
20440000,0.02250000089406967 
20450000,0.017500000074505806 
20460000,0.02250000089406967 
20470000,0.027499999850988388 
20480000,0.02250000089406967 
20490000,0.019999999552965164 
20500000,0.032499998807907104 
20510000,0.019999999552965164 
20520000,0.012500000186264515 
20530000,0.019999999552965164 
20540000,0.029999999329447746 
20550000,0.012500000186264515 
20560000,0.017500000074505806 
20570000,0.03500000014901161 
20580000,0.017500000074505806 
20590000,0.017500000074505806 
20600000,0.007499999832361937 
20610000,0.014999999664723873 
20620000,0.02250000089406967 
20630000,0.019999999552965164 
20640000,0.019999999552965164 
20650000,0.014999999664723873 
20660000,0.027499999850988388 
20670000,0.02250000089406967 
20680000,0.02250000089406967 
20690000,0.02250000089406967 
20700000,0.014999999664723873 
20710000,0.017500000074505806 
20720000,0.012500000186264515 
20730000,0.02500000037252903 
20740000,0.019999999552965164 
20750000,0.029999999329447746 
20760000,0.019999999552965164 
20770000,0.014999999664723873 
20780000,0.004999999888241291 
20790000,0.02250000089406967 
20800000,0.014999999664723873 
20810000,0.012500000186264515 
20820000,0.02250000089406967 
20830000,0.017500000074505806 
20840000,0.02250000089406967 
20850000,0.019999999552965164 
20860000,0.017500000074505806 
20870000,0.017500000074505806 
20880000,0.02500000037252903 
20890000,0.004999999888241291 
20900000,0.012500000186264515 
20910000,0.02250000089406967 
20920000,0.02500000037252903 
20930000,0.02250000089406967 
20940000,0.02500000037252903 
20950000,0.017500000074505806 
20960000,0.027499999850988388 
20970000,0.009999999776482582 
20980000,0.012500000186264515 
20990000,0.02250000089406967 
21000000,0.012500000186264515 
21010000,0.012500000186264515 
21020000,0.017500000074505806 
21030000,0.017500000074505806 
21040000,0.019999999552965164 
21050000,0.02250000089406967 
21060000,0.017500000074505806 
21070000,0.02500000037252903 
21080000,0.009999999776482582 
21090000,0.017500000074505806 
21100000,0.007499999832361937 
21110000,0.017500000074505806 
21120000,0.02500000037252903 
21130000,0.019999999552965164 
21140000,0.02250000089406967 
21150000,0.032499998807907104 
21160000,0.02500000037252903 
21170000,0.027499999850988388 
21180000,0.02250000089406967 
21190000,0.009999999776482582 
21200000,0.004999999888241291 
21210000,0.007499999832361937 
21220000,0.012500000186264515 
21230000,0.02250000089406967 
21240000,0.017500000074505806 
21250000,0.007499999832361937 
21260000,0.02250000089406967 
21270000,0.012500000186264515 
21280000,0.019999999552965164 
21290000,0.02500000037252903 
21300000,0.004999999888241291 
21310000,0.027499999850988388 
21320000,0.009999999776482582 
21330000,0.02500000037252903 
21340000,0.02500000037252903 
21350000,0.007499999832361937 
21360000,0.029999999329447746 
21370000,0.004999999888241291 
21380000,0.019999999552965164 
21390000,0.009999999776482582 
21400000,0.02250000089406967 
21410000,0.019999999552965164 
21420000,0.019999999552965164 
21430000,0.017500000074505806 
21440000,0.004999999888241291 
21450000,0.03750000149011612 
21460000,0.014999999664723873 
21470000,0.019999999552965164 
21480000,0.019999999552965164 
21490000,0.017500000074505806 
21500000,0.03500000014901161 
21510000,0.019999999552965164 
21520000,0.009999999776482582 
21530000,0.017500000074505806 
21540000,0.019999999552965164 
21550000,0.014999999664723873 
21560000,0.009999999776482582 
21570000,0.007499999832361937 
21580000,0.009999999776482582 
21590000,0.017500000074505806 
21600000,0.02500000037252903 
21610000,0.007499999832361937 
21620000,0.014999999664723873 
21630000,0.014999999664723873 
21640000,0.009999999776482582 
21650000,0.012500000186264515 
21660000,0.012500000186264515 
21670000,0.019999999552965164 
21680000,0.009999999776482582 
21690000,0.02250000089406967 
21700000,0.014999999664723873 
21710000,0.017500000074505806 
21720000,0.017500000074505806 
21730000,0.014999999664723873 
21740000,0.014999999664723873 
21750000,0.004999999888241291 
21760000,0.007499999832361937 
21770000,0.014999999664723873 
21780000,0.017500000074505806 
21790000,0.019999999552965164 
21800000,0.017500000074505806 
21810000,0.012500000186264515 
21820000,0.009999999776482582 
21830000,0.0024999999441206455 
21840000,0.012500000186264515 
21850000,0.007499999832361937 
21860000,0.017500000074505806 
21870000,0.017500000074505806 
21880000,0.014999999664723873 
21890000,0.017500000074505806 
21900000,0.02250000089406967 
21910000,0.007499999832361937 
21920000,0.009999999776482582 
21930000,0.02500000037252903 
21940000,0.019999999552965164 
21950000,0.017500000074505806 
21960000,0.02500000037252903 
21970000,0.007499999832361937 
21980000,0.014999999664723873 
21990000,0.009999999776482582 
22000000,0.012500000186264515 
22010000,0.014999999664723873 
22020000,0.017500000074505806 
22030000,0.02500000037252903 
22040000,0.004999999888241291 
22050000,0.017500000074505806 
22060000,0.014999999664723873 
22070000,0.012500000186264515 
22080000,0.004999999888241291 
22090000,0.009999999776482582 
22100000,0.007499999832361937 
22110000,0.012500000186264515 
22120000,0.014999999664723873 
22130000,0.007499999832361937 
22140000,0.017500000074505806 
22150000,0.012500000186264515 
22160000,0.012500000186264515 
22170000,0.027499999850988388 
22180000,0.007499999832361937 
22190000,0.012500000186264515 
22200000,0.017500000074505806 
22210000,0.017500000074505806 
22220000,0.019999999552965164 
22230000,0.009999999776482582 
22240000,0.02500000037252903 
22250000,0.019999999552965164 
22260000,0.014999999664723873 
22270000,0.017500000074505806 
22280000,0.017500000074505806 
22290000,0.017500000074505806 
22300000,0.019999999552965164 
22310000,0.02500000037252903 
22320000,0.02500000037252903 
22330000,0.014999999664723873 
22340000,0.009999999776482582 
22350000,0.017500000074505806 
22360000,0.019999999552965164 
22370000,0.03500000014901161 
22380000,0.019999999552965164 
22390000,0.007499999832361937 
22400000,0.012500000186264515 
22410000,0.009999999776482582 
22420000,0.019999999552965164 
22430000,0.02500000037252903 
22440000,0.014999999664723873 
22450000,0.029999999329447746 
22460000,0.019999999552965164 
22470000,0.02250000089406967 
22480000,0.014999999664723873 
22490000,0.02250000089406967 
22500000,0.014999999664723873 
22510000,0.017500000074505806 
22520000,0.02250000089406967 
22530000,0.027499999850988388 
22540000,0.017500000074505806 
22550000,0.02500000037252903 
22560000,0.014999999664723873 
22570000,0.007499999832361937 
22580000,0.029999999329447746 
22590000,0.02250000089406967 
22600000,0.017500000074505806 
22610000,0.017500000074505806 
22620000,0.019999999552965164 
22630000,0.012500000186264515 
22640000,0.019999999552965164 
22650000,0.027499999850988388 
22660000,0.012500000186264515 
22670000,0.014999999664723873 
22680000,0.02500000037252903 
22690000,0.019999999552965164 
22700000,0.02500000037252903 
22710000,0.02250000089406967 
22720000,0.012500000186264515 
22730000,0.019999999552965164 
22740000,0.014999999664723873 
22750000,0.019999999552965164 
22760000,0.009999999776482582 
22770000,0.012500000186264515 
22780000,0.017500000074505806 
22790000,0.019999999552965164 
22800000,0.02250000089406967 
22810000,0.004999999888241291 
22820000,0.029999999329447746 
22830000,0.019999999552965164 
22840000,0.03750000149011612 
22850000,0.019999999552965164 
22860000,0.019999999552965164 
22870000,0.03999999910593033 
22880000,0.014999999664723873 
22890000,0.007499999832361937 
22900000,0.014999999664723873 
22910000,0.019999999552965164 
22920000,0.014999999664723873 
22930000,0.019999999552965164 
22940000,0.017500000074505806 
22950000,0.027499999850988388 
22960000,0.019999999552965164 
22970000,0.019999999552965164 
22980000,0.017500000074505806 
22990000,0.02500000037252903 
23000000,0.017500000074505806 
23010000,0.027499999850988388 
23020000,0.014999999664723873 
23030000,0.019999999552965164 
23040000,0.014999999664723873 
23050000,0.017500000074505806 
23060000,0.012500000186264515 
23070000,0.02500000037252903 
23080000,0.007499999832361937 
23090000,0.019999999552965164 
23100000,0.019999999552965164 
23110000,0.027499999850988388 
23120000,0.019999999552965164 
23130000,0.014999999664723873 
23140000,0.04500000178813934 
23150000,0.019999999552965164 
23160000,0.02250000089406967 
23170000,0.027499999850988388 
23180000,0.019999999552965164 
23190000,0.014999999664723873 
23200000,0.027499999850988388 
23210000,0.009999999776482582 
23220000,0.032499998807907104 
23230000,0.02250000089406967 
23240000,0.017500000074505806 
23250000,0.02250000089406967 
23260000,0.014999999664723873 
23270000,0.014999999664723873 
23280000,0.014999999664723873 
23290000,0.019999999552965164 
23300000,0.017500000074505806 
23310000,0.0024999999441206455 
23320000,0.027499999850988388 
23330000,0.02500000037252903 
23340000,0.014999999664723873 
23350000,0.014999999664723873 
23360000,0.009999999776482582 
23370000,0.007499999832361937 
23380000,0.017500000074505806 
23390000,0.014999999664723873 
23400000,0.017500000074505806 
23410000,0.019999999552965164 
23420000,0.027499999850988388 
23430000,0.014999999664723873 
23440000,0.019999999552965164 
23450000,0.014999999664723873 
23460000,0.017500000074505806 
23470000,0.012500000186264515 
23480000,0.019999999552965164 
23490000,0.014999999664723873 
23500000,0.017500000074505806 
23510000,0.012500000186264515 
23520000,0.019999999552965164 
23530000,0.027499999850988388 
23540000,0.014999999664723873 
23550000,0.019999999552965164 
23560000,0.02500000037252903 
23570000,0.009999999776482582 
23580000,0.012500000186264515 
23590000,0.027499999850988388 
23600000,0.012500000186264515 
23610000,0.027499999850988388 
23620000,0.014999999664723873 
23630000,0.02250000089406967 
23640000,0.017500000074505806 
23650000,0.007499999832361937 
23660000,0.009999999776482582 
23670000,0.014999999664723873 
23680000,0.019999999552965164 
23690000,0.019999999552965164 
23700000,0.017500000074505806 
23710000,0.02500000037252903 
23720000,0.009999999776482582 
23730000,0.017500000074505806 
23740000,0.027499999850988388 
23750000,0.009999999776482582 
23760000,0.017500000074505806 
23770000,0.014999999664723873 
23780000,0.014999999664723873 
23790000,0.017500000074505806 
23800000,0.014999999664723873 
23810000,0.03500000014901161 
23820000,0.02500000037252903 
23830000,0.014999999664723873 
23840000,0.02250000089406967 
23850000,0.014999999664723873 
23860000,0.02500000037252903 
23870000,0.019999999552965164 
23880000,0.042500000447034836 
23890000,0.017500000074505806 
23900000,0.007499999832361937 
23910000,0.029999999329447746 
23920000,0.014999999664723873 
23930000,0.03500000014901161 
23940000,0.02250000089406967 
23950000,0.02500000037252903 
23960000,0.012500000186264515 
23970000,0.007499999832361937 
23980000,0.009999999776482582 
23990000,0.012500000186264515 
24000000,0.017500000074505806 
24010000,0.009999999776482582 
24020000,0.027499999850988388 
24030000,0.014999999664723873 
24040000,0.02500000037252903 
24050000,0.019999999552965164 
24060000,0.019999999552965164 
24070000,0.012500000186264515 
24080000,0.029999999329447746 
24090000,0.02500000037252903 
24100000,0.027499999850988388 
24110000,0.02250000089406967 
24120000,0.019999999552965164 
24130000,0.019999999552965164 
24140000,0.017500000074505806 
24150000,0.02500000037252903 
24160000,0.027499999850988388 
24170000,0.014999999664723873 
24180000,0.029999999329447746 
24190000,0.032499998807907104 
24200000,0.019999999552965164 
24210000,0.012500000186264515 
24220000,0.02250000089406967 
24230000,0.02250000089406967 
24240000,0.027499999850988388 
24250000,0.032499998807907104 
24260000,0.017500000074505806 
24270000,0.02250000089406967 
24280000,0.029999999329447746 
24290000,0.032499998807907104 
24300000,0.019999999552965164 
24310000,0.029999999329447746 
24320000,0.019999999552965164 
24330000,0.02250000089406967 
24340000,0.027499999850988388 
24350000,0.03500000014901161 
24360000,0.03500000014901161 
24370000,0.03500000014901161 
24380000,0.014999999664723873 
24390000,0.019999999552965164 
24400000,0.019999999552965164 
24410000,0.02250000089406967 
24420000,0.029999999329447746 
24430000,0.02250000089406967 
24440000,0.019999999552965164 
24450000,0.014999999664723873 
24460000,0.009999999776482582 
24470000,0.02500000037252903 
24480000,0.02250000089406967 
24490000,0.009999999776482582 
24500000,0.019999999552965164 
24510000,0.02250000089406967 
24520000,0.02500000037252903 
24530000,0.014999999664723873 
24540000,0.014999999664723873 
24550000,0.019999999552965164 
24560000,0.017500000074505806 
24570000,0.02500000037252903 
24580000,0.017500000074505806 
24590000,0.014999999664723873 
24600000,0.029999999329447746 
24610000,0.009999999776482582 
24620000,0.02250000089406967 
24630000,0.029999999329447746 
24640000,0.027499999850988388 
24650000,0.017500000074505806 
24660000,0.014999999664723873 
24670000,0.019999999552965164 
24680000,0.02250000089406967 
24690000,0.02250000089406967 
24700000,0.014999999664723873 
24710000,0.027499999850988388 
24720000,0.02250000089406967 
24730000,0.029999999329447746 
24740000,0.017500000074505806 
24750000,0.017500000074505806 
24760000,0.02500000037252903 
24770000,0.029999999329447746 
24780000,0.019999999552965164 
24790000,0.014999999664723873 
24800000,0.019999999552965164 
24810000,0.017500000074505806 
24820000,0.027499999850988388 
24830000,0.012500000186264515 
24840000,0.02250000089406967 
24850000,0.02500000037252903 
24860000,0.012500000186264515 
24870000,0.019999999552965164 
24880000,0.017500000074505806 
24890000,0.014999999664723873 
24900000,0.004999999888241291 
24910000,0.009999999776482582 
24920000,0.009999999776482582 
24930000,0.029999999329447746 
24940000,0.017500000074505806 
24950000,0.014999999664723873 
24960000,0.014999999664723873 
24970000,0.014999999664723873 
24980000,0.02250000089406967 
24990000,0.014999999664723873 
25000000,0.019999999552965164 
