10000,0.0 
20000,0.004999999888241291 
30000,0.007499999832361937 
40000,0.004999999888241291 
50000,0.004999999888241291 
60000,0.009999999776482582 
70000,0.027499999850988388 
80000,0.014999999664723873 
90000,0.027499999850988388 
100000,0.012500000186264515 
110000,0.012500000186264515 
120000,0.017500000074505806 
130000,0.019999999552965164 
140000,0.009999999776482582 
150000,0.019999999552965164 
160000,0.012500000186264515 
170000,0.017500000074505806 
180000,0.019999999552965164 
190000,0.02250000089406967 
200000,0.019999999552965164 
210000,0.012500000186264515 
220000,0.012500000186264515 
230000,0.02500000037252903 
240000,0.019999999552965164 
250000,0.019999999552965164 
260000,0.007499999832361937 
270000,0.014999999664723873 
280000,0.007499999832361937 
290000,0.009999999776482582 
300000,0.014999999664723873 
310000,0.009999999776482582 
320000,0.012500000186264515 
330000,0.009999999776482582 
340000,0.009999999776482582 
350000,0.004999999888241291 
360000,0.02250000089406967 
370000,0.027499999850988388 
380000,0.017500000074505806 
390000,0.02250000089406967 
400000,0.017500000074505806 
410000,0.027499999850988388 
420000,0.019999999552965164 
430000,0.017500000074505806 
440000,0.012500000186264515 
450000,0.007499999832361937 
460000,0.014999999664723873 
470000,0.017500000074505806 
480000,0.009999999776482582 
490000,0.017500000074505806 
500000,0.014999999664723873 
510000,0.007499999832361937 
520000,0.02500000037252903 
530000,0.019999999552965164 
540000,0.017500000074505806 
550000,0.017500000074505806 
560000,0.027499999850988388 
570000,0.029999999329447746 
580000,0.017500000074505806 
590000,0.017500000074505806 
600000,0.02250000089406967 
610000,0.014999999664723873 
620000,0.019999999552965164 
630000,0.012500000186264515 
640000,0.009999999776482582 
650000,0.02500000037252903 
660000,0.019999999552965164 
670000,0.017500000074505806 
680000,0.019999999552965164 
690000,0.017500000074505806 
700000,0.02500000037252903 
710000,0.02250000089406967 
720000,0.017500000074505806 
730000,0.027499999850988388 
740000,0.02500000037252903 
750000,0.017500000074505806 
760000,0.017500000074505806 
770000,0.02500000037252903 
780000,0.032499998807907104 
790000,0.012500000186264515 
800000,0.03500000014901161 
810000,0.014999999664723873 
820000,0.02500000037252903 
830000,0.02250000089406967 
840000,0.014999999664723873 
850000,0.017500000074505806 
860000,0.02250000089406967 
870000,0.03750000149011612 
880000,0.054999999701976776 
890000,0.019999999552965164 
900000,0.027499999850988388 
910000,0.027499999850988388 
920000,0.05000000074505806 
930000,0.042500000447034836 
940000,0.05000000074505806 
950000,0.05249999836087227 
960000,0.06750000268220901 
970000,0.04500000178813934 
980000,0.08500000089406967 
990000,0.027499999850988388 
1000000,0.07500000298023224 
1010000,0.05999999865889549 
1020000,0.05000000074505806 
1030000,0.07000000029802322 
1040000,0.07500000298023224 
1050000,0.07500000298023224 
1060000,0.07000000029802322 
1070000,0.07249999791383743 
1080000,0.06750000268220901 
1090022,0.10999999940395355 
1100022,0.10499999672174454 
1110022,0.0949999988079071 
1120022,0.10000000149011612 
1130022,0.0949999988079071 
1140022,0.057500001043081284 
1150022,0.0925000011920929 
1160022,0.07000000029802322 
1170022,0.06499999761581421 
1180022,0.08500000089406967 
1190022,0.06499999761581421 
1200022,0.07500000298023224 
1210022,0.10249999910593033 
1220022,0.10999999940395355 
1230022,0.13249999284744263 
1240022,0.11749999970197678 
1250014,0.10000000149011612 
1260014,0.10999999940395355 
1270012,0.16500000655651093 
1280012,0.11749999970197678 
1290012,0.1574999988079071 
1300044,0.11999999731779099 
1310044,0.11249999701976776 
1320044,0.10249999910593033 
1330021,0.16500000655651093 
1340021,0.11249999701976776 
1350007,0.16249999403953552 
1360007,0.12250000238418579 
1370027,0.1599999964237213 
1380027,0.12999999523162842 
1390027,0.16750000417232513 
1400027,0.1550000011920929 
1410027,0.18250000476837158 
1420016,0.1525000035762787 
1430027,0.14249999821186066 
1440023,0.1850000023841858 
1450023,0.1550000011920929 
1460018,0.19249999523162842 
1470003,0.13500000536441803 
1480035,0.17499999701976776 
1490044,0.1850000023841858 
1500044,0.16500000655651093 
1510044,0.19249999523162842 
1520044,0.14749999344348907 
1530044,0.1875 
1540011,0.17499999701976776 
1550005,0.1850000023841858 
1560026,0.19750000536441803 
1570028,0.20000000298023224 
1580000,0.17000000178813934 
1590016,0.1875 
1600006,0.1899999976158142 
1610024,0.14249999821186066 
1620024,0.1875 
1630024,0.1525000035762787 
1640041,0.14000000059604645 
1650019,0.2199999988079071 
1660047,0.1599999964237213 
1670041,0.1574999988079071 
1680037,0.1525000035762787 
1690037,0.17000000178813934 
1700037,0.16750000417232513 
1710001,0.17249999940395355 
1720001,0.16500000655651093 
1730048,0.19750000536441803 
1740048,0.17249999940395355 
1750048,0.18250000476837158 
1760048,0.1875 
1770048,0.16500000655651093 
1780029,0.16500000655651093 
1790007,0.23250000178813934 
1800005,0.20250000059604645 
1810005,0.13500000536441803 
1820005,0.20999999344348907 
1830039,0.17000000178813934 
1840045,0.1574999988079071 
1850030,0.1899999976158142 
1860040,0.23000000417232513 
1870040,0.1875 
1880041,0.23499999940395355 
1890037,0.20000000298023224 
1900034,0.19750000536441803 
1910034,0.19750000536441803 
1920025,0.2224999964237213 
1930025,0.20499999821186066 
1940038,0.1899999976158142 
1950025,0.20749999582767487 
1960007,0.22499999403953552 
1970036,0.24500000476837158 
1980020,0.2524999976158142 
1990043,0.21250000596046448 
2000011,0.20999999344348907 
2010002,0.1875 
2020049,0.23000000417232513 
2030001,0.20999999344348907 
2040049,0.23000000417232513 
2050049,0.1850000023841858 
2060032,0.19249999523162842 
2070010,0.26499998569488525 
2080002,0.23000000417232513 
2090037,0.2574999928474426 
2100007,0.2150000035762787 
2110024,0.2524999976158142 
2120044,0.25 
2130009,0.2199999988079071 
2140024,0.2475000023841858 
2150017,0.30000001192092896 
2160030,0.2549999952316284 
2170005,0.24500000476837158 
2180017,0.25 
2190037,0.23250000178813934 
2200013,0.26249998807907104 
2210047,0.25 
2220019,0.23999999463558197 
2230025,0.19750000536441803 
2240024,0.23499999940395355 
2250033,0.28999999165534973 
2260032,0.24500000476837158 
2270024,0.23499999940395355 
2280023,0.26249998807907104 
2290046,0.22750000655651093 
2300000,0.25999999046325684 
2310041,0.26499998569488525 
2320038,0.20749999582767487 
2330030,0.3174999952316284 
2340013,0.2800000011920929 
2350000,0.29499998688697815 
2360007,0.3075000047683716 
2370026,0.3149999976158142 
2380025,0.24250000715255737 
2390026,0.2775000035762787 
2400000,0.32749998569488525 
2410022,0.32499998807907104 
2420027,0.28999999165534973 
2430033,0.26249998807907104 
2440049,0.30250000953674316 
2450048,0.2750000059604645 
2460037,0.3174999952316284 
2470022,0.3499999940395355 
2480009,0.2574999928474426 
2490031,0.24500000476837158 
2500024,0.3149999976158142 
2510017,0.27000001072883606 
2520036,0.32499998807907104 
2530036,0.3075000047683716 
2540046,0.32499998807907104 
2550032,0.3149999976158142 
2560014,0.3075000047683716 
2570013,0.2824999988079071 
2580010,0.26750001311302185 
2590013,0.2800000011920929 
2600012,0.3375000059604645 
2610048,0.29750001430511475 
2620024,0.3149999976158142 
2630010,0.32249999046325684 
2640015,0.25999999046325684 
2650025,0.27000001072883606 
2660022,0.30250000953674316 
2670016,0.3149999976158142 
2680043,0.3100000023841858 
2690018,0.29750001430511475 
2700007,0.2824999988079071 
2710004,0.28999999165534973 
2720012,0.28999999165534973 
2730045,0.30250000953674316 
2740011,0.35749998688697815 
2750004,0.3725000023841858 
2760002,0.3725000023841858 
2770032,0.33250001072883606 
2780000,0.33250001072883606 
2790049,0.2824999988079071 
2800004,0.3050000071525574 
2810013,0.3125 
2820006,0.3100000023841858 
2830000,0.29499998688697815 
2840041,0.2800000011920929 
2850046,0.3149999976158142 
2860024,0.3824999928474426 
2870034,0.29499998688697815 
2880003,0.33000001311302185 
2890032,0.32499998807907104 
2900042,0.3375000059604645 
2910015,0.35499998927116394 
2920046,0.35749998688697815 
2930037,0.2750000059604645 
2940021,0.39500001072883606 
2950012,0.39750000834465027 
2960023,0.39250001311302185 
2970032,0.33500000834465027 
2980016,0.35749998688697815 
2990045,0.35249999165534973 
3000040,0.36500000953674316 
3010007,0.3449999988079071 
3020041,0.36000001430511475 
3030022,0.38999998569488525 
3040008,0.2824999988079071 
3050025,0.35499998927116394 
3060004,0.3425000011920929 
3070023,0.3725000023841858 
3080005,0.3125 
3090008,0.4050000011920929 
3100022,0.3824999928474426 
3110025,0.38999998569488525 
3120010,0.36500000953674316 
3130045,0.3700000047683716 
3140001,0.3125 
3150040,0.3774999976158142 
3160046,0.33500000834465027 
3170044,0.4124999940395355 
3180028,0.4074999988079071 
3190014,0.36500000953674316 
3200031,0.4099999964237213 
3210045,0.3675000071525574 
3220002,0.36500000953674316 
3230027,0.35749998688697815 
3240011,0.3675000071525574 
3250017,0.39750000834465027 
3260007,0.33500000834465027 
3270013,0.4050000011920929 
3280004,0.4300000071525574 
3290021,0.39500001072883606 
3300037,0.38999998569488525 
3310041,0.3400000035762787 
3320038,0.36000001430511475 
3330004,0.44999998807907104 
3340004,0.4074999988079071 
3350026,0.3375000059604645 
3360013,0.35249999165534973 
3370034,0.3824999928474426 
3380019,0.39250001311302185 
3390018,0.3700000047683716 
3400009,0.41749998927116394 
3410016,0.4050000011920929 
3420030,0.3799999952316284 
3430040,0.3799999952316284 
3440013,0.3725000023841858 
3450017,0.32749998569488525 
3460045,0.3700000047683716 
3470040,0.42750000953674316 
3480049,0.4099999964237213 
3490034,0.42750000953674316 
3500038,0.4350000023841858 
3510017,0.39750000834465027 
3520002,0.42750000953674316 
3530038,0.39750000834465027 
3540021,0.3700000047683716 
3550043,0.38749998807907104 
3560020,0.4074999988079071 
3570012,0.4424999952316284 
3580039,0.39500001072883606 
3590031,0.4350000023841858 
3600041,0.33250001072883606 
3610005,0.375 
3620008,0.4424999952316284 
3630001,0.4124999940395355 
3640016,0.35499998927116394 
3650005,0.4124999940395355 
3660012,0.39750000834465027 
3670023,0.4000000059604645 
3680011,0.42500001192092896 
3690019,0.42500001192092896 
3700020,0.4449999928474426 
3710032,0.39750000834465027 
3720017,0.3774999976158142 
3730011,0.36250001192092896 
3740006,0.41999998688697815 
3750010,0.4124999940395355 
3760005,0.44999998807907104 
3770035,0.4749999940395355 
3780047,0.42250001430511475 
3790042,0.46000000834465027 
3800049,0.38999998569488525 
3810034,0.4000000059604645 
3820049,0.3499999940395355 
3830042,0.4099999964237213 
3840034,0.375 
3850041,0.46000000834465027 
3860010,0.39250001311302185 
3870016,0.4099999964237213 
3880049,0.375 
3890040,0.38999998569488525 
3900011,0.42250001430511475 
3910009,0.4350000023841858 
3920006,0.39500001072883606 
3930027,0.42750000953674316 
3940039,0.4000000059604645 
3950049,0.42750000953674316 
3960049,0.41499999165534973 
3970024,0.4350000023841858 
3980032,0.38749998807907104 
3990039,0.4074999988079071 
4000012,0.36250001192092896 
4010018,0.3700000047683716 
4020044,0.4050000011920929 
4030007,0.38749998807907104 
4040008,0.42750000953674316 
4050010,0.44999998807907104 
4060026,0.39250001311302185 
4070023,0.4074999988079071 
4080010,0.39750000834465027 
4090024,0.42500001192092896 
4100027,0.4675000011920929 
4110041,0.4724999964237213 
4120038,0.4350000023841858 
4130024,0.4950000047683716 
4140017,0.4375 
4150008,0.4000000059604645 
4160013,0.45500001311302185 
4170049,0.41999998688697815 
4180005,0.44749999046325684 
4190005,0.4074999988079071 
4200020,0.42500001192092896 
4210048,0.4124999940395355 
4220015,0.4300000071525574 
4230044,0.38999998569488525 
4240027,0.42750000953674316 
4250020,0.45249998569488525 
4260019,0.41499999165534973 
4270024,0.4375 
4280019,0.45249998569488525 
4290004,0.5224999785423279 
4300025,0.42500001192092896 
4310038,0.38749998807907104 
4320043,0.4325000047683716 
4330027,0.41499999165534973 
4340033,0.38499999046325684 
4350032,0.4749999940395355 
4360020,0.4050000011920929 
4370022,0.5074999928474426 
4380006,0.4325000047683716 
4390044,0.4950000047683716 
4400018,0.48750001192092896 
4410034,0.4975000023841858 
4420042,0.4699999988079071 
4430010,0.45750001072883606 
4440022,0.38499999046325684 
4450047,0.38999998569488525 
4460044,0.4375 
4470035,0.45249998569488525 
4480014,0.4424999952316284 
4490011,0.42750000953674316 
4500007,0.4124999940395355 
4510014,0.4724999964237213 
4520042,0.3675000071525574 
4530030,0.45500001311302185 
4540022,0.4699999988079071 
4550034,0.38499999046325684 
4560034,0.39500001072883606 
4570021,0.45750001072883606 
4580046,0.5 
4590039,0.4399999976158142 
4600027,0.45500001311302185 
4610025,0.4375 
4620021,0.4650000035762787 
4630012,0.4325000047683716 
4640030,0.45500001311302185 
4650032,0.4625000059604645 
4660016,0.48750001192092896 
4670025,0.44749999046325684 
4680000,0.4099999964237213 
4690024,0.4074999988079071 
4700005,0.41999998688697815 
4710006,0.41749998927116394 
4720039,0.47749999165534973 
4730037,0.46000000834465027 
4740001,0.45249998569488525 
4750008,0.4749999940395355 
4760043,0.4350000023841858 
4770045,0.39500001072883606 
4780005,0.41749998927116394 
4790021,0.3675000071525574 
4800010,0.41749998927116394 
4810011,0.4925000071525574 
4820029,0.4749999940395355 
4830021,0.4724999964237213 
4840019,0.4625000059604645 
4850006,0.44999998807907104 
4860028,0.5350000262260437 
4870010,0.45750001072883606 
4880004,0.4124999940395355 
4890017,0.4325000047683716 
4900005,0.4699999988079071 
4910014,0.44749999046325684 
4920033,0.44749999046325684 
4930004,0.45500001311302185 
4940035,0.42750000953674316 
4950018,0.39750000834465027 
4960031,0.41749998927116394 
4970001,0.45750001072883606 
4980034,0.5299999713897705 
4990010,0.47749999165534973 
5000011,0.47999998927116394 
5010016,0.48249998688697815 
5020031,0.5099999904632568 
5030036,0.47999998927116394 
5040007,0.5024999976158142 
5050001,0.4675000011920929 
5060028,0.5049999952316284 
5070026,0.48249998688697815 
5080039,0.4724999964237213 
5090038,0.5224999785423279 
5100036,0.5299999713897705 
5110037,0.47999998927116394 
5120006,0.4325000047683716 
5130008,0.46000000834465027 
5140012,0.42500001192092896 
5150035,0.5174999833106995 
5160045,0.4950000047683716 
5170022,0.48249998688697815 
5180009,0.47999998927116394 
5190008,0.4749999940395355 
5200040,0.47999998927116394 
5210045,0.5 
5220009,0.42250001430511475 
5230018,0.5625 
5240018,0.4749999940395355 
5250037,0.4925000071525574 
5260015,0.48750001192092896 
5270013,0.48500001430511475 
5280039,0.45500001311302185 
5290013,0.4000000059604645 
5300002,0.4749999940395355 
5310003,0.5024999976158142 
5320033,0.46000000834465027 
5330023,0.47749999165534973 
5340016,0.46000000834465027 
5350025,0.45500001311302185 
5360040,0.44999998807907104 
5370041,0.47999998927116394 
5380016,0.4350000023841858 
5390043,0.5024999976158142 
5400039,0.5274999737739563 
5410036,0.4424999952316284 
5420006,0.42750000953674316 
5430004,0.5174999833106995 
5440035,0.4925000071525574 
5450022,0.5149999856948853 
5460012,0.5274999737739563 
5470029,0.48750001192092896 
5480027,0.4975000023841858 
5490017,0.4925000071525574 
5500027,0.5199999809265137 
5510035,0.46000000834465027 
5520015,0.5149999856948853 
5530012,0.44999998807907104 
5540047,0.4699999988079071 
5550036,0.4650000035762787 
5560032,0.4975000023841858 
5570047,0.4325000047683716 
5580001,0.4675000011920929 
5590027,0.4749999940395355 
5600019,0.5249999761581421 
5610005,0.5400000214576721 
5620017,0.5149999856948853 
5630023,0.47999998927116394 
5640047,0.5400000214576721 
5650031,0.4424999952316284 
5660041,0.5074999928474426 
5670034,0.4724999964237213 
5680025,0.5325000286102295 
5690014,0.5575000047683716 
5700027,0.5024999976158142 
5710026,0.4449999928474426 
5720002,0.42250001430511475 
5730044,0.48750001192092896 
5740041,0.5299999713897705 
5750000,0.5099999904632568 
5760011,0.4975000023841858 
5770045,0.49000000953674316 
5780036,0.48500001430511475 
5790030,0.48249998688697815 
5800015,0.4424999952316284 
5810001,0.44749999046325684 
5820021,0.47749999165534973 
5830005,0.4950000047683716 
5840000,0.4699999988079071 
5850023,0.44749999046325684 
5860022,0.5425000190734863 
5870004,0.5274999737739563 
5880008,0.4749999940395355 
5890007,0.5149999856948853 
5900026,0.5224999785423279 
5910030,0.5224999785423279 
5920019,0.5224999785423279 
5930024,0.48750001192092896 
5940007,0.44999998807907104 
5950041,0.5425000190734863 
5960015,0.5149999856948853 
5970033,0.512499988079071 
5980040,0.4300000071525574 
5990016,0.550000011920929 
6000017,0.5074999928474426 
6010027,0.5199999809265137 
6020007,0.48249998688697815 
6030030,0.5149999856948853 
6040027,0.5074999928474426 
6050003,0.4650000035762787 
6060006,0.5 
6070044,0.4975000023841858 
6080043,0.4724999964237213 
6090025,0.4675000011920929 
6100022,0.48249998688697815 
6110009,0.5174999833106995 
6120000,0.48249998688697815 
6130011,0.4300000071525574 
6140018,0.45249998569488525 
6150009,0.46000000834465027 
6160011,0.45249998569488525 
6170040,0.48249998688697815 
6180005,0.5350000262260437 
6190040,0.4975000023841858 
6200038,0.4975000023841858 
6210017,0.5699999928474426 
6220004,0.5049999952316284 
6230010,0.49000000953674316 
6240005,0.5199999809265137 
6250028,0.4650000035762787 
6260048,0.5400000214576721 
6270014,0.41999998688697815 
6280001,0.5199999809265137 
6290016,0.5274999737739563 
6300016,0.512499988079071 
6310024,0.512499988079071 
6320003,0.5 
6330047,0.6075000166893005 
6340037,0.5475000143051147 
6350028,0.5049999952316284 
6360009,0.4025000035762787 
6370012,0.48500001430511475 
6380017,0.5325000286102295 
6390046,0.512499988079071 
6400042,0.4724999964237213 
6410040,0.5299999713897705 
6420020,0.5475000143051147 
6430008,0.42250001430511475 
6440049,0.4925000071525574 
6450034,0.5 
6460045,0.5450000166893005 
6470023,0.47749999165534973 
6480022,0.5149999856948853 
6490044,0.48249998688697815 
6500014,0.47999998927116394 
6510035,0.49000000953674316 
6520027,0.5049999952316284 
6530020,0.49000000953674316 
6540003,0.4749999940395355 
6550018,0.5325000286102295 
6560008,0.5224999785423279 
6570029,0.4375 
6580029,0.4399999976158142 
6590024,0.3700000047683716 
6600038,0.4975000023841858 
6610036,0.46000000834465027 
6620035,0.5099999904632568 
6630038,0.4749999940395355 
6640015,0.5 
6650030,0.48249998688697815 
6660023,0.4749999940395355 
6670042,0.4925000071525574 
6680032,0.4950000047683716 
6690015,0.5049999952316284 
6700009,0.47999998927116394 
6710008,0.5024999976158142 
6720014,0.46000000834465027 
6730006,0.4449999928474426 
6740042,0.5174999833106995 
6750023,0.4724999964237213 
6760025,0.45249998569488525 
6770037,0.46000000834465027 
6780011,0.4699999988079071 
6790040,0.47749999165534973 
6800014,0.49000000953674316 
6810012,0.47999998927116394 
6820003,0.5274999737739563 
6830013,0.48750001192092896 
6840017,0.47999998927116394 
6850024,0.5099999904632568 
6860008,0.550000011920929 
6870024,0.48750001192092896 
6880006,0.5224999785423279 
6890007,0.550000011920929 
6900028,0.4350000023841858 
6910047,0.5425000190734863 
6920020,0.5774999856948853 
6930031,0.4300000071525574 
6940007,0.512499988079071 
6950003,0.4650000035762787 
6960028,0.5325000286102295 
6970008,0.42750000953674316 
6980010,0.46000000834465027 
6990039,0.5174999833106995 
7000030,0.5074999928474426 
7010008,0.48249998688697815 
7020010,0.48249998688697815 
7030019,0.4675000011920929 
7040028,0.5024999976158142 
7050017,0.5224999785423279 
7060010,0.47999998927116394 
7070042,0.5550000071525574 
7080010,0.4925000071525574 
7090025,0.5 
7100007,0.5274999737739563 
7110046,0.5249999761581421 
7120029,0.5550000071525574 
7130006,0.48249998688697815 
7140013,0.5024999976158142 
7150016,0.5375000238418579 
7160018,0.44749999046325684 
7170001,0.49000000953674316 
7180009,0.5575000047683716 
7190026,0.4625000059604645 
7200033,0.4699999988079071 
7210013,0.4724999964237213 
7220033,0.5874999761581421 
7230029,0.5224999785423279 
7240010,0.5199999809265137 
7250029,0.4424999952316284 
7260007,0.48750001192092896 
7270027,0.5224999785423279 
7280006,0.5375000238418579 
7290031,0.550000011920929 
7300005,0.5024999976158142 
7310020,0.5274999737739563 
7320020,0.5074999928474426 
7330028,0.5199999809265137 
7340017,0.5199999809265137 
7350001,0.5174999833106995 
7360042,0.4724999964237213 
7370010,0.4699999988079071 
7380035,0.47749999165534973 
7390032,0.4925000071525574 
7400041,0.47999998927116394 
7410018,0.4975000023841858 
7420017,0.5299999713897705 
7430020,0.4650000035762787 
7440043,0.4675000011920929 
7450011,0.47749999165534973 
7460011,0.48500001430511475 
7510047,0.5550000071525574 
7520010,0.4350000023841858 
7530032,0.48750001192092896 
7540011,0.5199999809265137 
7550040,0.4650000035762787 
7560026,0.5400000214576721 
7570043,0.4724999964237213 
7580028,0.4650000035762787 
7590003,0.512499988079071 
7600024,0.5625 
7610011,0.4975000023841858 
7620022,0.47749999165534973 
7630041,0.46000000834465027 
7640045,0.4975000023841858 
7650007,0.512499988079071 
7660033,0.5049999952316284 
7670026,0.5049999952316284 
7680046,0.47749999165534973 
7690033,0.48249998688697815 
7700021,0.45750001072883606 
7710036,0.5274999737739563 
7720030,0.4625000059604645 
7730035,0.5625 
7740008,0.5274999737739563 
7750039,0.4925000071525574 
7760030,0.5174999833106995 
7770000,0.4724999964237213 
7780024,0.45750001072883606 
7790010,0.42750000953674316 
7800023,0.5550000071525574 
7810016,0.5024999976158142 
7820033,0.5174999833106995 
7830003,0.4925000071525574 
7840041,0.5224999785423279 
7850038,0.4749999940395355 
7860028,0.45249998569488525 
7870029,0.612500011920929 
7880009,0.49000000953674316 
7890016,0.5149999856948853 
7900042,0.4749999940395355 
7910025,0.5149999856948853 
7920021,0.41999998688697815 
7930030,0.5249999761581421 
7940020,0.42250001430511475 
7950023,0.48249998688697815 
7960036,0.5049999952316284 
7970022,0.46000000834465027 
7980015,0.5450000166893005 
7990011,0.5099999904632568 
8000009,0.5049999952316284 
8010013,0.4950000047683716 
8020009,0.4399999976158142 
8030022,0.5074999928474426 
8040049,0.48249998688697815 
8050011,0.5325000286102295 
8060013,0.5874999761581421 
8070035,0.44999998807907104 
8080033,0.49000000953674316 
8090028,0.4975000023841858 
8100046,0.47999998927116394 
8110041,0.48249998688697815 
8120008,0.5299999713897705 
8130026,0.4699999988079071 
8140045,0.5024999976158142 
8150049,0.47749999165534973 
8160017,0.5550000071525574 
8170049,0.4975000023841858 
8180016,0.4424999952316284 
8190041,0.4724999964237213 
8200000,0.4950000047683716 
