10000,0.0796699827949828 
20000,0.07332661496999732 
30000,0.08638847139272836 
40000,0.11500402905917612 
50000,0.0874769536019536 
60000,0.09570366439116437 
70045,0.1219564613908683 
80045,0.0943455492520895 
90045,0.1055127966288957 
100045,0.10144096589684824 
110045,0.11177433677433676 
120045,0.1112603858559741 
130023,0.11615419506963624 
140023,0.12500961579270403 
150023,0.13303399908914615 
160023,0.11986294261294261 
170023,0.13939432838832994 
180023,0.11059546131972603 
190046,0.13476185229916574 
200046,0.1418186396936397 
210046,0.12763526587791293 
220046,0.1168333571957798 
230031,0.13313789600921955 
240020,0.11204016816516817 
250020,0.13895128482628483 
260020,0.14384606037237618 
270020,0.14686228026359605 
280008,0.15373650777327247 
290008,0.16830942668442667 
300008,0.15239491186917659 
310008,0.16748233833160303 
320008,0.15063964688132644 
330008,0.1291183718242542 
340023,0.1613327170504519 
350023,0.14014212992889463 
360023,0.14395679320679322 
370023,0.13896350381644498 
380023,0.16828704628704627 
390023,0.14466416587798167 
400047,0.1543307008407974 
410004,0.16963477494727497 
420030,0.18180625293512867 
430030,0.15580584652275828 
440030,0.15129129408173525 
450030,0.16442744183920652 
460030,0.16436931715085742 
470030,0.16733891617927996 
480030,0.15549738782459369 
490005,0.16162793170881407 
500048,0.14578258659689738 
510037,0.16785984154734152 
520037,0.1885624624558448 
530037,0.18097795157199179 
540015,0.17281718118482822 
550015,0.15450320920909155 
560042,0.18090934810645082 
570033,0.17062315380697732 
580007,0.1925017176451 
590007,0.1900750350440753 
600007,0.14853751657699024 
610000,0.17742176704444504 
620048,0.17316725887840903 
630019,0.18768742029277583 
640004,0.17443891239479478 
650016,0.15911482105511957 
660049,0.17079028465112747 
670029,0.15425525006039714 
680016,0.18761387662045556 
690042,0.17024247471612058 
700014,0.2004135804855619 
710019,0.1925444551871242 
720017,0.1784023926560085 
730002,0.17407380220828364 
740029,0.18731711619112848 
750041,0.16456889215657294 
760028,0.1643746820989468 
770001,0.2075875911205841 
780004,0.18188877871713693 
790035,0.2022485895400733 
800044,0.18725138287142087 
810049,0.17938288500242663 
820022,0.17342263700351934 
830017,0.20380038010635027 
840010,0.21758906616259557 
850010,0.1461184771111242 
860010,0.1652780434434846 
870038,0.17886853353848872 
880007,0.18702796242714975 
890005,0.1722928135890597 
900046,0.18341260039021232 
910013,0.19101834581826843 
920040,0.16419344889494145 
930040,0.19012843120931358 
940040,0.18010765255985844 
950040,0.1750543918585714 
960014,0.21044697785874256 
970038,0.19851809288815433 
980039,0.22458776016580329 
990018,0.20162984237984236 
1000019,0.22875940995844896 
1010002,0.16454780296672714 
1020022,0.21308201357763784 
1030022,0.1609037392346216 
1040003,0.20731490853308235 
1050041,0.16348720043038698 
1060041,0.18943362702399077 
1070020,0.19157587469719822 
1080020,0.15144098099612804 
1090014,0.19532867867426693 
1100000,0.17964121417797888 
1110004,0.1975325983943885 
1120012,0.19702755703633665 
1130017,0.19073888505407383 
1140049,0.18471079005539054 
1150049,0.17344847593067406 
1160014,0.1974651680019327 
1170031,0.2191408362391681 
1180045,0.20658259975643642 
1190002,0.19999590891135008 
1200006,0.1839578815325084 
1210014,0.2034111609945675 
1220023,0.18738684615550286 
1230024,0.19299227623415505 
1240002,0.18817872568607863 
1250039,0.1903761543467426 
1260015,0.18756475877064113 
1270015,0.21198439621523987 
1280009,0.2283160758277435 
1290009,0.21002372668181493 
1300009,0.178129714648097 
1310012,0.2251493651024634 
1320024,0.18775274626686972 
1330035,0.20512754934396726 
1340037,0.2118972879947419 
1350029,0.20384820362871287 
1360041,0.21211972075437255 
1370012,0.1849250692118339 
1380043,0.1676490659699615 
1390018,0.17738363025863024 
1400032,0.2211940532397073 
1410046,0.20193086737568391 
1420039,0.20150704854826762 
1430041,0.21256654056836577 
1440011,0.23439793549538943 
1450048,0.20599151524607914 
1460027,0.21749861241740084 
1470017,0.20040196084896142 
1480005,0.1806186403465815 
1490032,0.18273994218382186 
1500000,0.21964945082437343 
1510015,0.1949406038958278 
1520040,0.21596133837688875 
1530037,0.19293915806415807 
1540019,0.20795941966530201 
1550013,0.19531241000731783 
1560003,0.21261406689715515 
1570049,0.19854695104914594 
1580030,0.2433310515290322 
1590013,0.2216428940641402 
1600049,0.21482740790247373 
1610046,0.2128795978369704 
1620035,0.18840925926088348 
1630022,0.23496644793974514 
1640045,0.21944587134749405 
1650013,0.2352444767998578 
1660006,0.2375877054876668 
1670026,0.2399840142632087 
1680013,0.23149511559589653 
1690033,0.20188795144377142 
1700013,0.2460674048366392 
1710044,0.2445938549898946 
1720024,0.20284353922702428 
1730022,0.23225091376299878 
1740018,0.2145852826164503 
1750001,0.20840199861270978 
1760017,0.2478328277789164 
1770044,0.21746751072974138 
1780013,0.24207954395619014 
1790046,0.2331016724670738 
1800024,0.22919098753766778 
1810004,0.20308092121721344 
1820042,0.21570264429218355 
1830033,0.20254835640319038 
1840030,0.2794918097749847 
1850015,0.2347000796465932 
1860018,0.2228600609227391 
1870003,0.25576945663215317 
1880025,0.21790409677348818 
1890024,0.23506674486700826 
1900039,0.20683130581644973 
1910032,0.2341842273909877 
1920003,0.25590902769043955 
1930005,0.21867838247337812 
1940048,0.22370920509446243 
1950042,0.2155971980520612 
1960042,0.23311954705201318 
1970026,0.25745115207362795 
1980043,0.24060361312472553 
1990000,0.24655147148562423 
2000033,0.23370297901078455 
2010008,0.23198664169078256 
2020003,0.2579074174683484 
2030020,0.2665236425915241 
2040009,0.2520996657681282 
2050024,0.25404821227113017 
2060004,0.2243201627046997 
2070029,0.243486862422506 
2080018,0.24988281034154608 
2090017,0.2660044240169673 
2100042,0.2665495601757978 
2110014,0.20976093054670755 
2120037,0.26755649435147705 
2130032,0.23227128406013392 
2140002,0.2482801280760016 
2150032,0.24932146215679593 
2160034,0.25422996945743975 
2170024,0.24914528944814326 
2180018,0.26880629077775264 
2190023,0.2119141392026194 
2200010,0.275729668959139 
2210023,0.23295008488218136 
2220035,0.24573479639974477 
2230047,0.24994432710695685 
2240023,0.2413771462284701 
2250005,0.26135428720834936 
2260011,0.2586686860347314 
2270030,0.2539752730717592 
2280027,0.2845031289719613 
2290026,0.23203406219912978 
2300041,0.25259924001144374 
2310020,0.2864395745786942 
2320010,0.22465932018459628 
2330023,0.21544508402036064 
2340034,0.23095326310346412 
2350019,0.2632684351684167 
2360042,0.26459632148181617 
2370040,0.24110839882511712 
2380030,0.28441094411383777 
2390019,0.26999562439641456 
2400027,0.252308970368953 
2410048,0.23095423128030487 
2420033,0.231518602116225 
2430041,0.22426257125338298 
2440031,0.24451309061093568 
2450038,0.2988046757545301 
2460048,0.25178702435975703 
2470001,0.2723545427538325 
2480040,0.2804101589996983 
2490047,0.28594482507533414 
2500028,0.2483214259531965 
2510014,0.2759139605268498 
2520043,0.2371432441069119 
2530034,0.23758731622335433 
2540022,0.25366108247779157 
2550014,0.27592900509899254 
2560033,0.25255425308206325 
2570038,0.28223140302533767 
2580041,0.22072721323160302 
2590038,0.25504116062866794 
2600035,0.274273126178371 
2610018,0.29088046140054746 
2620042,0.2633244443776097 
2630002,0.26961251421881705 
2640044,0.2918514720866907 
2650004,0.2968936472160808 
2660034,0.2656504704606704 
2670017,0.2623433645115004 
2680042,0.2706563382315262 
2690005,0.25840666304300036 
2700019,0.25746377832710554 
2710041,0.26236742707693156 
2720036,0.3053202404413477 
2730006,0.2923193216807577 
2740022,0.25095189904232923 
2750013,0.298462879011042 
2760045,0.2649857459081396 
2770002,0.2830783290945714 
2780031,0.3145066502765465 
2790029,0.30331509628142755 
2800020,0.29804118877423336 
2810003,0.27600086602501006 
2820027,0.2939544169397787 
2830007,0.3347059682916085 
2840014,0.27930585714301637 
2850016,0.2848589690901863 
2860040,0.28757553659118507 
2870010,0.2965505907410392 
2880017,0.3541752198087565 
2890025,0.3029231991753408 
2900045,0.32318358544569614 
2910001,0.3103749222332005 
2920048,0.3086170671098558 
2930039,0.2749701424570382 
2940034,0.3023788418659294 
2950000,0.2798924777139128 
2960015,0.26293073516256904 
2970001,0.3324175176297489 
2980008,0.32146278518229743 
2990042,0.2859683188522425 
3000034,0.28624487619824784 
3010047,0.2863739076894695 
3020025,0.26066818193947633 
3030005,0.28729909756077576 
3040030,0.3014208123059456 
3050025,0.3004218258815027 
3060030,0.2637788470702558 
3070014,0.3013954564815109 
3080034,0.2789660594099429 
3090033,0.3129273321707532 
3100023,0.2963948218871047 
3110002,0.3323906336173372 
3120021,0.3053460768534298 
3130014,0.33347543905436405 
3140034,0.3269571831314911 
3150040,0.3352380633872743 
3160029,0.3010350304251688 
3170035,0.27679799814535744 
3180029,0.31422814578091396 
3190011,0.2807097528186028 
3200035,0.31113730200019124 
3210004,0.32703792231465373 
3220004,0.3129470482009632 
3230037,0.25375811893141803 
3240020,0.27766072043690404 
3250007,0.30526133722557414 
3260040,0.2781148505539986 
3270027,0.29036050112807643 
3280022,0.2884548561047605 
3290014,0.3301615804399928 
3300020,0.3175819132165506 
3310029,0.30785208919940754 
3320019,0.29686885586539563 
3330013,0.296405120604628 
3340020,0.33885964773724286 
3350019,0.3283609535476226 
3360028,0.3030017340383194 
3370007,0.32232619795593004 
3380002,0.31059873038773295 
3390004,0.30519106168858645 
3400000,0.2981219568589811 
3410024,0.30799941055190755 
3420043,0.2960630787963446 
3430015,0.2728902633102788 
3440036,0.2970039704518499 
3450020,0.32219175486425583 
3460029,0.3322643405534367 
3470029,0.2847197517929225 
3480011,0.30060046954406333 
3490030,0.30995266689312595 
3500026,0.3069213943451388 
3510006,0.2972593496127865 
3520008,0.3185020554056249 
3530027,0.3082420217025292 
3540000,0.31520407816904356 
3550014,0.28603023839549485 
3560018,0.34881618286946825 
3570003,0.3189934555771835 
3580043,0.3419976210364105 
3590004,0.32082468793962604 
3600035,0.3091946700294451 
3610004,0.3283420851936211 
3620048,0.29735601268838135 
3630035,0.31323649696839917 
3640041,0.3046004295234077 
3650019,0.33739672689816164 
3660049,0.29138251274922883 
3670048,0.2918923638679359 
3680045,0.2907933573679628 
3690039,0.3422732733983448 
3700016,0.32672854522624206 
3710041,0.3340161931900863 
3720044,0.3343327281020779 
3730016,0.3363911320293388 
3740039,0.33491952133630765 
3750003,0.2783993328360833 
3760028,0.310315273737237 
3770014,0.322015274753979 
3780021,0.339730823157821 
3790033,0.2940367405971647 
3800004,0.31865351992065294 
3810033,0.3102322010341341 
3820044,0.2713965172658944 
3830039,0.335946025121061 
3840002,0.274101115407983 
3850040,0.3199240118141502 
3860000,0.2966507753668988 
3870016,0.30152383646308173 
3880005,0.317396642028995 
3890034,0.3547234027755804 
3900031,0.3225801401439474 
3910044,0.3029253398712052 
3920008,0.3294225896256492 
3930033,0.29914561119202804 
3940042,0.30074015858849346 
3950001,0.31585191629667964 
3960039,0.3109642772164398 
3970038,0.3219325486899699 
3980014,0.34697964557361977 
3990044,0.317212380004335 
4000048,0.3090469754335301 
4010020,0.3324917157205219 
4020042,0.3078322805734006 
4030011,0.31778001410354356 
4040008,0.3455611414455134 
4050028,0.3197970489577376 
4060040,0.3344966500474136 
4070038,0.3324429018259987 
4080047,0.3261754201225586 
4090016,0.322461021258688 
4100040,0.3257127340098725 
4110004,0.3559528836291738 
4120001,0.33725932564167865 
4130014,0.3463734266270498 
4140006,0.3428936794250489 
4150001,0.3148198263665619 
4160010,0.3113456345533552 
4170025,0.3425356010246141 
4180024,0.3241300053091811 
4190019,0.34189120089388153 
4200030,0.3182310168231746 
4210013,0.31390325821608633 
4220022,0.3693422680130178 
4230001,0.3396112961218615 
4240035,0.34234324792220283 
4250002,0.3342844667022204 
4260032,0.33070675397999266 
4270038,0.32136574398195583 
4280030,0.3246640394239875 
4290004,0.35457190167966895 
4300031,0.3604024206349537 
4310039,0.35382163548232415 
4320034,0.34205547569696637 
4330007,0.3237503460409956 
4340043,0.3342984121117113 
4350025,0.39383070176526 
4360049,0.38745640419821886 
4370008,0.3845592653638468 
4380001,0.34800598039780734 
4390003,0.3272663240060153 
4400042,0.34430658741452436 
4410049,0.3599087206848254 
4420002,0.35759201376705657 
4430002,0.3391043971173096 
4440006,0.3964021167200097 
4450010,0.32980420134602706 
4460016,0.34976062802743474 
4470010,0.30870059161307367 
4480045,0.3011319143490857 
4490031,0.40510595653189124 
4500042,0.3605509541901324 
4510036,0.3129778749864833 
4520014,0.3240037510240251 
4530002,0.3736889154677551 
4540027,0.3090015590525978 
4550046,0.3079829580738182 
4560007,0.36508640322175445 
4570011,0.368190925392586 
4580025,0.3646463126458364 
4590041,0.3678415085823312 
4600022,0.3226281543350361 
4610042,0.32045943505297564 
4620011,0.3481265679475398 
4630026,0.33889351034491705 
4640013,0.3097809477628153 
4650028,0.3808394239969055 
4660018,0.34301432793603115 
4670023,0.39642031150987367 
4680031,0.3555339132441255 
4690002,0.3917279316149735 
4700027,0.3713685661033616 
4710014,0.3632944202761793 
4720014,0.3848629803859326 
4730034,0.36373639532487745 
4740043,0.38857382719090866 
4750001,0.3880392166476863 
4760025,0.36881527762840194 
4770012,0.3587761247848968 
4780030,0.40928078224296716 
4790001,0.37498889366930865 
4800028,0.36253929331894325 
4810032,0.38505498005639416 
4820009,0.39444313590939123 
4830012,0.33982539804380507 
4840030,0.36602849125353637 
4850048,0.34611991642098877 
4860000,0.37751932204608013 
4870012,0.34906306730104064 
4880032,0.40596480425376436 
4890010,0.3819596739508748 
4900017,0.35918486404558236 
4910035,0.3461349979520228 
4920044,0.32594134430765104 
4930004,0.35684269460428963 
4940017,0.39126568650195637 
4950025,0.4093108424301465 
4960014,0.3951356747050025 
4970027,0.37443388609253997 
4980046,0.39378002352632957 
4990005,0.3936143904709709 
5000020,0.3566256135014428 
5010008,0.33950128761415344 
5020040,0.3718157027374996 
5030036,0.3770696263093465 
5040031,0.3430361655592002 
5050001,0.3445737709832249 
5060032,0.3804772571319453 
5070030,0.39689331889464574 
5080002,0.37919349039177364 
5090012,0.3968248486006532 
5100007,0.3925451390107954 
5110036,0.3872450873164053 
5120013,0.3639413370550036 
5130048,0.3887513734893213 
5140047,0.41761625590407103 
5150021,0.4124141998215386 
5160000,0.4030982917642582 
5170040,0.3837402640871473 
5180046,0.3798100647153249 
5190042,0.3736507099261411 
5200037,0.42695369886958906 
5210004,0.40082200314454275 
5220024,0.42712110892026295 
5230033,0.3856283622381593 
5240024,0.39960538749838015 
5250033,0.44573043545577085 
5260009,0.44930884964472034 
5270024,0.44289843792242445 
5280038,0.41316645647526173 
5290011,0.394418068703783 
5300031,0.3994384706953709 
5310022,0.44623703880239823 
5320028,0.42640560055145615 
5330023,0.4143973946746251 
5340020,0.41217859693257747 
5350030,0.4097089540024082 
5360029,0.43418216359089656 
5370009,0.40677591143320013 
5380002,0.41942493263203123 
5390001,0.42937852572809954 
5400045,0.40068064647160306 
5410032,0.3905117107804444 
5420013,0.3635766965112548 
5430007,0.3942182259160766 
5440034,0.4103992289619371 
5450006,0.41660896650888735 
5460021,0.3977365664804222 
5470041,0.4270157170181153 
5480015,0.4223494882436895 
5490007,0.3598611192023271 
5500009,0.4068037671229578 
5510035,0.39392567591272915 
5520025,0.47126378904602423 
5530021,0.44122032026498037 
5540020,0.4181691359322938 
5550021,0.4439848557770492 
5560040,0.43264670909549463 
5570027,0.4154426366726265 
5580034,0.39582133008737425 
5590049,0.4642780912179584 
5600003,0.4301409698329787 
5610041,0.3705914778816022 
5620002,0.3816509908581519 
5630033,0.4555120265819571 
5640045,0.4145064654513527 
5650019,0.43476639423310154 
5660001,0.43694293324812156 
5670048,0.397127509662908 
5680004,0.3781820308652094 
5690010,0.39471044584168163 
5700047,0.39147307163333606 
5710002,0.4001845896230923 
5720035,0.4052124552151805 
5730031,0.41019175898531435 
5740020,0.3494409305026235 
5750041,0.44059604247052464 
5760015,0.41491732290343397 
5770017,0.4157772376398374 
5780020,0.41084074377307456 
5790011,0.4002633795308496 
5800034,0.42954276768496347 
5810017,0.45498885506101006 
5820008,0.4001211797697279 
5830008,0.45276083740641426 
5840013,0.40821312318385083 
5850001,0.3899570438939082 
5860019,0.4261075692111377 
5870001,0.425109601273817 
5880015,0.4360288610351567 
5890028,0.43168978254615137 
5900041,0.46136304411292334 
5910018,0.404978842840831 
5920030,0.42400613860796993 
5930002,0.44221394192533714 
5940043,0.409041893583293 
5950045,0.41232986068851696 
5960004,0.4310558100474067 
5970040,0.4709994765510434 
5980011,0.4302572244048501 
5990004,0.4352331503287939 
6000032,0.41626202054104894 
6010024,0.4288935280925345 
6020041,0.484787200594604 
6030001,0.43502368257136353 
6040010,0.45086608416226337 
6050014,0.44925422710504426 
6060034,0.4421496989662444 
6070034,0.45153959854711834 
6080002,0.3977768334443214 
6090040,0.43828533100289746 
6100043,0.43813888956369224 
6110041,0.463955878099634 
6120044,0.4360136746574655 
6130049,0.4183658012030311 
6140000,0.42853300255611176 
6150027,0.4534694910372601 
6160044,0.44682547748409224 
6170008,0.43571427843383104 
6180010,0.44995118071023466 
6190017,0.46813103816528473 
6200026,0.4281744285718306 
6210037,0.4415478590952752 
6220035,0.432170592156025 
6230049,0.47489899116611445 
6240036,0.47417803646554324 
6250013,0.46067327762849153 
6260024,0.464575602579236 
6270034,0.4607412331050174 
6280045,0.4415161729348184 
6290007,0.4557586056594265 
6300002,0.47794780053092534 
6310036,0.4514954810403437 
6320002,0.445524758239219 
6330004,0.46799040118974206 
6340017,0.4383460421961239 
6350047,0.44731758251495096 
6360035,0.43709150417126896 
6370002,0.40687762584065496 
6380023,0.44970068209447295 
6390007,0.42680752244735737 
6400003,0.4553551098517989 
6410031,0.4595023585369868 
6420004,0.48132117310417655 
6430020,0.45478389847262396 
6440046,0.4992609164345667 
6450006,0.4782868291082212 
6460039,0.4767807592207309 
6470024,0.4552167463830045 
6480011,0.468316255310319 
6490041,0.4886032066547567 
6500040,0.4705203993019119 
6510005,0.4729466545686216 
6520029,0.4793397765428768 
6530048,0.44584751381929005 
6540007,0.4460816797463274 
6550036,0.4318320579762306 
6560018,0.4645469614783985 
6570028,0.49813032045102956 
6580018,0.4745309716099402 
6590010,0.4471499915236519 
6600023,0.464451303008684 
6610049,0.4736526331945922 
6620031,0.4860566628216897 
6630006,0.47723473842822994 
6640024,0.4650119003987888 
6650016,0.4506861604078527 
6660009,0.4956001681702913 
6670024,0.5117465571584746 
6680049,0.4933046766341341 
6690019,0.4741070378121031 
6700025,0.4595845308281756 
6710029,0.5068325183432135 
6720045,0.5038157898251481 
6730006,0.5086529262548074 
6740026,0.4851565444635574 
6750045,0.4338578992466961 
6760017,0.4772643960908159 
6770047,0.5247341478038072 
6780026,0.49565993103144806 
6790042,0.5138447651487912 
6800014,0.4637641220498833 
6810044,0.49847415693851044 
6820034,0.5299311825047119 
6830006,0.51333687951335 
6840035,0.5044909223271986 
6850037,0.4762044904786405 
6860006,0.4770302374178938 
6870008,0.45683419424312566 
6880008,0.4927682503231721 
6890007,0.4429018547038336 
6900044,0.5352190177288216 
6910027,0.4777897064412607 
6920022,0.5121817332802885 
6930037,0.4554450763144218 
6940021,0.49933712316871065 
6950003,0.47801538343955335 
6960024,0.5246504887132434 
6970002,0.4965285164094755 
6980019,0.46155239430300193 
6990048,0.5030792736675089 
7000020,0.4566330195313038 
7010043,0.5429797603306376 
7020045,0.5172916583428642 
7030020,0.5027611130358808 
7040029,0.48146245288079653 
7050036,0.47952985552303035 
7060006,0.5011544244737522 
7070015,0.5063786484490127 
7080016,0.4900510911216576 
7090039,0.43514255651405925 
7100046,0.5140516954401213 
7110011,0.5072373884643943 
7120028,0.4734464147140681 
7130021,0.5020538359780906 
7140042,0.44279313946630294 
7150045,0.482233915689798 
7160018,0.43781597829549773 
7170016,0.4904234263931251 
7180025,0.4871451502181158 
7190001,0.4690701158273671 
7200013,0.4864932733455351 
7210043,0.5138635508037752 
7220011,0.4876840075288936 
7230027,0.4898395725488362 
7240013,0.4899523231179578 
7250009,0.5085131486575124 
7260025,0.47458996655063357 
7270046,0.49091086958734015 
7280009,0.5164870051506225 
7290023,0.46978046928376405 
7300023,0.4679742653962298 
7310034,0.5472045793688596 
7320018,0.44567641779623346 
7330022,0.5186083542868302 
7340049,0.5326526015550783 
7350017,0.4866946984441326 
7360012,0.4900541061282611 
7370006,0.5306813919368099 
7380027,0.48791086125753413 
7390040,0.5504620984375997 
7400027,0.5238708098485653 
7410022,0.5221096029437925 
7420042,0.5380526631617724 
7430025,0.5521040162357621 
7440013,0.4940600539235719 
7450001,0.5883665919880857 
7460041,0.530343683154719 
7470037,0.5300084613815264 
7480041,0.5706367400005508 
7490003,0.49654685330540244 
7500017,0.5684801896612495 
7510011,0.5521448050301936 
7520036,0.5455564159612113 
7530009,0.51946074223551 
7540001,0.579592475478616 
7550009,0.5613866985065114 
7560000,0.511136643296086 
7570026,0.5395958950488496 
7580038,0.5369684269690748 
7590042,0.5381742467765627 
7600049,0.532054077277919 
7610020,0.5794432122640678 
7620008,0.5458503903693988 
7630035,0.565652115606287 
7640026,0.540048177840369 
7650018,0.5504723107836466 
7660033,0.5488392674390117 
7670042,0.49130333518104413 
7680041,0.4889371307977629 
7690012,0.4757955588629284 
7700009,0.557185883270467 
7710002,0.5438827932187066 
7720039,0.4842573039649024 
7730034,0.5092465292406402 
7740049,0.5144306177007416 
7750011,0.5500000299030471 
7760022,0.522501386189674 
7770014,0.5147699460479729 
7780009,0.5212542990587365 
7790043,0.549735061755522 
7800028,0.5278775162578485 
7810009,0.5728556095644532 
7820001,0.5143737527077977 
7830016,0.5224499633705386 
7840049,0.56750786104941 
7850019,0.5852723778170158 
7860009,0.528375059274216 
7870022,0.5694341723260946 
7880032,0.5135811698311699 
7890049,0.5730349800810158 
7900041,0.560959275748086 
7910026,0.5282445570201325 
7920044,0.5686451241322356 
7930010,0.5214607421244679 
7940027,0.5785241210744306 
7950047,0.5777465231129024 
7960032,0.5971960449352971 
7970043,0.5588157385623247 
7980047,0.5584524363683667 
7990016,0.5390701905654369 
8000027,0.5403179451614996 
8010022,0.542681680797665 
8020015,0.5489409730650139 
8030005,0.5166036961884712 
8040037,0.5738121591016262 
8050032,0.5314788194269481 
8060018,0.5589651989896129 
8070028,0.5614186560200491 
8080024,0.5437787042522477 
8090046,0.5492810247712779 
8100008,0.5764551780472769 
8110019,0.5630669945079184 
8120012,0.5990253245425229 
8130026,0.5405720906072101 
8140009,0.558598014304536 
8150041,0.5487861124132546 
8160030,0.5492363078593026 
8170049,0.5783820291350333 
8180034,0.5827997559909224 
8190028,0.5253143504518726 
8200005,0.5688571725589469 
8210039,0.525846800833844 
8220019,0.5665496603572201 
8230044,0.5734288113604616 
8240017,0.5322708880112865 
8250003,0.5588065244098392 
8260008,0.5566083447576954 
8270027,0.5699058723662797 
8280023,0.5384112989768193 
8290006,0.5875167358937982 
8300023,0.5631802599587589 
8310044,0.5896222491507717 
8320000,0.5395439239342001 
8330019,0.589182933929986 
8340007,0.5808752245195695 
8350018,0.5637402192956095 
8360045,0.5553229153247269 
8370034,0.5959597378249978 
8380048,0.551970272697486 
8390037,0.5400136027054331 
8400044,0.6023522637221348 
8410020,0.5533799291713051 
8420006,0.5599679013433752 
8430011,0.5925487540948814 
8440014,0.6339403586018588 
8450012,0.5358681820690787 
8460030,0.5288751435815374 
8470025,0.5651931072720147 
8480040,0.5793060334932733 
8490030,0.5409431670884778 
8500035,0.5929973452572121 
8510001,0.5915660879057558 
8520002,0.6123777324990729 
8530007,0.5952092647012311 
8540035,0.5905601878074691 
8550017,0.5718417510099062 
8560031,0.6172134033677319 
8570003,0.586299401978655 
8580004,0.5898618224271241 
8590034,0.5897627388173605 
8600025,0.5662062783549259 
8610025,0.6357002385363502 
8620046,0.6093342098397245 
8630049,0.629139414459332 
8640017,0.558721300064568 
8650018,0.5843308258237926 
8660013,0.5739157817762842 
8670049,0.5783126699617606 
8680002,0.6226052776838678 
8690041,0.6194627602966248 
8700010,0.5734585903022693 
8710020,0.6079394362490009 
8720029,0.5727821743502528 
8730006,0.5837372916992961 
8740024,0.6009118243862784 
8750004,0.5819504717263428 
8760003,0.6214218839475225 
8770046,0.5939835927819264 
8780034,0.5775627503603262 
8790025,0.6186352567587153 
8800024,0.5799624124477131 
8810001,0.6017960816766514 
8820049,0.5815003951098956 
8830039,0.5789050301519836 
8840025,0.6082311978257978 
8850047,0.581702383852981 
8860011,0.6092217105768584 
8870047,0.587629202082065 
8880016,0.5998670211572394 
8890029,0.6079682395340655 
8900011,0.5563084408859471 
8910042,0.5826854702708082 
8920037,0.5969805045852389 
8930005,0.5556603779725086 
8940045,0.5993742043626105 
8950024,0.6060322065939334 
8960038,0.6087371608698539 
8970034,0.5888242182515612 
8980042,0.5649244670504261 
8990043,0.6294095396731133 
9000044,0.5825323956222487 
9010001,0.6149750580337848 
9020018,0.6044323204417728 
9030023,0.6114115473250207 
9040036,0.5803328850998343 
9050015,0.6384711105753226 
9060044,0.5653243768802996 
9070035,0.6030847391677846 
9080048,0.5972207220226706 
9090045,0.5832596598455271 
9100019,0.6172299300243417 
9110008,0.603861811617656 
9120036,0.6379103567221818 
9130024,0.5908415935368556 
9140010,0.5866995671068094 
9150044,0.6176620071437146 
9160002,0.5939680222511544 
9170021,0.5688640177285003 
9180040,0.5972046412296002 
9190026,0.5970738202811611 
9200041,0.5850718128585104 
9210026,0.600547207616621 
9220008,0.6108194788250696 
9230024,0.5861882366919751 
9240024,0.6131227213325133 
9250023,0.6144065235768988 
9260013,0.6074600154439085 
9270011,0.5909081299115393 
9280025,0.5968570792883874 
9290026,0.6521890438060832 
9300015,0.5983463777305709 
9310026,0.6158428617019948 
9320037,0.5992896617679526 
9330008,0.6055653076788937 
9340046,0.6308675973149657 
9350025,0.6123594207257799 
9360049,0.565738987406697 
9370012,0.6356445639843472 
9380042,0.5985078384193819 
9390014,0.6259832069684981 
9400020,0.6139076870681398 
9410010,0.6171365967229937 
9420011,0.6435834715243308 
9430034,0.643083908517376 
9440028,0.6290155067296236 
9450033,0.6596518552622047 
9460039,0.6067153504830742 
9470017,0.6471206328328007 
9480022,0.6021491941509356 
9490006,0.6326067092452068 
9500027,0.6257969042912774 
9510048,0.5987245750355887 
9520010,0.6053662838340581 
9530023,0.602305191717345 
9540017,0.6528554149966627 
9550031,0.650559327025419 
9560046,0.6273532545621137 
9570026,0.6387798426063732 
9580010,0.6438363659309123 
9590025,0.5873545799235834 
9600036,0.5653519247177277 
9610041,0.6342782298170065 
9620007,0.6429984106251757 
9630011,0.6201527829028424 
9640002,0.5876502515964492 
9650016,0.5841961357684898 
9660006,0.6460856701002438 
9670014,0.6561757963031619 
9680017,0.6682983922769321 
9690004,0.6191955474330036 
9700024,0.613939297829992 
9710030,0.6143056924358145 
9720021,0.6634177428390239 
9730045,0.5894862564501604 
9740001,0.6478572435818717 
9750009,0.652777270082192 
9760040,0.6503475236409308 
9770026,0.5957070655195031 
9780045,0.6057054839505011 
9790012,0.6142717313768326 
9800020,0.6075730530830795 
9810008,0.6612929607544158 
9820041,0.5965739887644826 
9830024,0.6093807286956965 
9840000,0.6395742521696408 
9850049,0.6185894010402571 
9860003,0.6385061964045812 
9870012,0.6105359417249152 
9880007,0.6430006925635583 
9890033,0.6680789577679742 
9900009,0.6533747328966075 
9910013,0.6142234335597901 
9920017,0.6392021995996737 
9930001,0.629882921685754 
9940024,0.6231058567119989 
9950033,0.6840628572626333 
9960011,0.6053495469056583 
9970018,0.6141785670876275 
9980036,0.6327329504631823 
9990034,0.6157681417232119 
10000017,0.6624310330192683 
10010017,0.6574251993104935 
10020035,0.642110205657929 
10030023,0.6346623345728512 
10040048,0.6641343317388999 
10050031,0.600848890012493 
10060001,0.6917488383663012 
10070026,0.6095236307429563 
10080009,0.6396155857133402 
10090010,0.6426620046620046 
10100030,0.6569031998467483 
10110008,0.6439750184264387 
10120045,0.609878406088875 
10130018,0.6935965320018337 
10140046,0.6378225511505373 
10150010,0.6101979421603537 
10160026,0.6427637915836841 
10170024,0.6416430552473282 
10180011,0.6675335619907528 
10190009,0.6462920140077187 
10200046,0.6436918458218768 
10210000,0.6139967533192866 
10220020,0.6196823557571561 
10230026,0.6818287098724856 
10240046,0.6542014445650668 
10250013,0.6813310530688068 
10260036,0.6728155934328918 
10270014,0.657480491734622 
10280022,0.6465682221299031 
10290002,0.6570310308824794 
10300031,0.6867694422777496 
10310046,0.6594038433502639 
10320041,0.6980819858427553 
10330008,0.6839756225608898 
10340027,0.6745852799161622 
10350007,0.6613620656373792 
10360024,0.6478192254254174 
10370028,0.6013381659418746 
10380023,0.6541349422103898 
10390007,0.6621371867317916 
10400024,0.652092073337739 
10410024,0.6579750458004328 
10420036,0.6960389480054322 
10430042,0.6492185222550958 
10440030,0.6664342374378134 
10450006,0.6399849011059285 
10460013,0.6914570117637673 
10470024,0.6713935393209828 
10480026,0.6990346490387467 
10490003,0.6865128366942788 
10500000,0.6655618046328873 
10510001,0.6819305472305472 
10520027,0.6778981467617418 
10530019,0.6416568704794164 
10540016,0.7041114587331175 
10550002,0.6777290089359839 
10560006,0.6619964487506139 
10570040,0.6774409182967343 
10580015,0.6678088498227378 
10590014,0.6847071792578076 
10600019,0.6283158038452219 
10610036,0.6512976317115312 
10620033,0.6661555963472372 
10630043,0.6703389528818744 
10640026,0.637146758959668 
10650010,0.7258388642444665 
10660031,0.6818549477327477 
10670035,0.6191144024984139 
10680004,0.6556285550617919 
10690036,0.6808915565139015 
10700020,0.6279475266454794 
10710049,0.683865831421001 
10720035,0.692598943679058 
10730025,0.6805377124419505 
10740027,0.6468348605953648 
10750010,0.6928979185858625 
10760008,0.6602647134143197 
10770026,0.6698395705346533 
10780027,0.5574707975376602 
10790005,0.6971234813871072 
10800041,0.6805058873180747 
10810029,0.673075529612135 
10820036,0.674353056487872 
10830019,0.6304678347407819 
10840041,0.6736633735468244 
10850021,0.6442950737796489 
10860038,0.6309583749015613 
10870039,0.6458013751079641 
10880019,0.6692605517505354 
10890018,0.638243717673694 
10900024,0.6648286214309685 
10910004,0.6775733626238046 
10920031,0.6585384471240269 
10930002,0.6804965564768963 
10940030,0.6588870040024103 
10950022,0.6801971281118799 
10960003,0.6574671570259806 
10970014,0.6620915184391891 
10980040,0.6792090141870443 
10990034,0.6820942990386608 
11000033,0.6645235783168679 
11010044,0.6660633126077208 
11020045,0.6628667879080574 
11030048,0.6873730427738995 
11040016,0.6774667854874474 
11050012,0.668212677398618 
11060013,0.7202287256446607 
11070021,0.6654324414644331 
11080028,0.6629691567932304 
11090010,0.6745898409432244 
11100015,0.6682289179013526 
11110027,0.6743680218038997 
11120031,0.7013731471786285 
11130004,0.7147263972737369 
11140031,0.6454638917088311 
11150012,0.64181286748102 
11160012,0.6708257814287755 
11170007,0.6621907938963566 
11180008,0.7148959883037094 
11190047,0.6965235192274893 
11200024,0.6766384279513616 
11210027,0.6965874210236402 
11220046,0.7111330126904178 
11230034,0.7052466523054758 
11240013,0.6727413113017753 
11250028,0.6761518297697237 
11260003,0.6760326985195552 
11270018,0.6523056762280269 
11280043,0.6892758362375426 
11290037,0.708096233831528 
11300043,0.6866237784239615 
11310004,0.6710260502897661 
11320034,0.6472324694751928 
11330032,0.6828991816165634 
11340030,0.715824883008449 
11350020,0.6747711419666039 
11360008,0.6732139236745555 
11370000,0.7065334924869794 
11380016,0.6901097698148606 
11390024,0.6319040207528053 
11400017,0.6931546115977784 
11410042,0.6884624890249539 
11420033,0.7218064152325793 
11430026,0.662243353432178 
11440032,0.6926672417643482 
11450037,0.6947707037648636 
11460023,0.6937737607687664 
11470035,0.6943224390749099 
11480028,0.7247448509332599 
11490046,0.6776897462324265 
11500018,0.7002357079998703 
11510012,0.6911518378012362 
11520019,0.651791193710103 
11530006,0.6906427104394021 
11540024,0.7192237317650404 
11550007,0.6818497222891194 
11560002,0.6948136185647412 
11570011,0.6390470782363045 
11580016,0.7123886883407297 
11590039,0.7095668744346456 
11600014,0.6845480786162191 
11610018,0.7246764588930729 
11620036,0.6989912398406454 
11630010,0.6986482750089916 
11640009,0.7219169279222853 
11650011,0.6639293561475684 
11660017,0.6928349180319751 
11670041,0.6986436201980133 
11680000,0.7095448241069647 
11690011,0.6738463208237679 
11700034,0.6982671925729796 
11710002,0.7045354791116738 
11720004,0.6659876328532027 
11730027,0.7027040274866002 
11740037,0.6478923223930225 
11750004,0.6819768261723077 
11760001,0.6998553110091771 
11770036,0.6673082410753796 
11780033,0.678331472384523 
11790048,0.6836054710649502 
11800011,0.6528427164088006 
11810040,0.6923993112977096 
11820030,0.6519024563314545 
11830028,0.6906234036507993 
11840039,0.6823924435744042 
11850008,0.7219343178482998 
11860018,0.6853155713048062 
11870047,0.7146052815279169 
11880001,0.7082085429838247 
11890014,0.6900251126971438 
11900001,0.6771399319110509 
11910030,0.7340112101000273 
11920005,0.674240461591105 
11930009,0.7010286899908909 
11940026,0.7270078919471024 
11950025,0.745926668307183 
11960012,0.692345485479565 
11970006,0.6877654720586951 
11980007,0.7368190925449204 
11990021,0.6890808795948483 
12000007,0.7009628044428337 
12010019,0.6978253992314661 
12020015,0.64948005737129 
12030039,0.7037110532069234 
12040017,0.6636083008333054 
12050011,0.7314084926335449 
12060028,0.7082559567066598 
12070009,0.7178636952879544 
12080017,0.729095593343602 
12090012,0.7188331289171626 
12100000,0.6929534792724864 
12110015,0.7843005140426721 
12120004,0.6920643883433681 
12130029,0.7166262101663096 
12140011,0.7233743086492923 
12150026,0.7208619448922785 
12160013,0.7092583344898051 
12170019,0.7243604950753167 
12180013,0.7381111961848278 
12190038,0.6577376500800451 
12200018,0.703141043840571 
12210044,0.6820554275208913 
12220047,0.703561908960076 
12230007,0.7141903772769905 
12240003,0.6835010273070323 
12250014,0.6897247612506179 
12260026,0.723747991914835 
12270010,0.7155538447756811 
12280042,0.6931442668189111 
12290022,0.6791666753736592 
12300008,0.726012868118988 
12310005,0.7324128261404663 
12320029,0.7144824759241549 
12330010,0.715915581160022 
12340028,0.6901028292881572 
12350026,0.7255439370406993 
12360002,0.6747582709592513 
12370024,0.7258965672248597 
12380002,0.6982522483269787 
12390048,0.7569557321255115 
12400042,0.7026342612609334 
12410028,0.728554490713652 
12420033,0.7376342363565753 
12430027,0.7175687109965679 
12440015,0.681158873624889 
12450015,0.7257248053258808 
12460012,0.7121749268582462 
12470030,0.6592800360494219 
12480041,0.7358509254330279 
12490037,0.6987961153919826 
12500014,0.7199804227829134 
12510016,0.726225253039301 
12520021,0.7163164749167144 
12530039,0.7545148832196645 
12540013,0.6779360234621277 
12550035,0.7322133002589658 
12560027,0.7018731123093686 
12570004,0.6968726979811677 
12580017,0.7111892561043777 
12590007,0.7135252525111473 
12600007,0.6985445579651683 
12610029,0.7312363457741529 
12620007,0.7368793279064063 
12630044,0.7358185146721438 
12640012,0.728790936109005 
12650026,0.7206467398639004 
12660028,0.7254641473122886 
12670011,0.7188126287855835 
12680015,0.7614407533233892 
12690000,0.7429091488783612 
12700044,0.6983863910864989 
12710040,0.7042547015314341 
12720042,0.7291014254169625 
12730006,0.7583873630650275 
12740014,0.747303341355312 
12750018,0.7402403457335216 
12760047,0.7131753848637971 
12770009,0.6862353505920461 
12780020,0.7351773379456278 
12790015,0.7567634864537207 
12800047,0.694408113675031 
12810034,0.716819148825792 
12820013,0.7114316276275211 
12830048,0.7072086925000665 
12840048,0.7256197034324673 
12850000,0.7344829252768754 
12860009,0.7195796490386817 
12870030,0.7426479581019415 
12880001,0.7495519799063787 
12890042,0.7346571588929095 
12900027,0.7244334734546757 
12910000,0.7354768080113779 
12920042,0.7520449002745316 
12930011,0.7386875583249255 
12940021,0.7405844811168983 
12950046,0.7157063363500461 
12960028,0.7130208775067368 
12970036,0.7368043500557455 
12980013,0.7408809478742343 
12990025,0.7015722359327778 
13000029,0.7215974751171551 
13010023,0.7595902143271658 
13020002,0.7293921758604827 
13030043,0.73654797499441 
13040040,0.7310718188525676 
13050008,0.7228638699618379 
13060015,0.7408457875114222 
13070042,0.7069092841769121 
13080017,0.7029513628503973 
13090036,0.7099418623101966 
13100032,0.7325768428224795 
13110039,0.7258688277347685 
13120018,0.7454240227899814 
13130017,0.6958554811478594 
13140006,0.7718340847411226 
13150027,0.6967191968570645 
13160002,0.7139419006734985 
13170017,0.7358250559991907 
13180030,0.7493608877730947 
13190009,0.7570525754696878 
13200006,0.7249595016937846 
13210008,0.6925884377087181 
13220015,0.7352754316106141 
13230001,0.7056693285454493 
13240023,0.7423099650866055 
13250004,0.7276312160524148 
13260010,0.7150904512434382 
13270011,0.7395095801405961 
13280001,0.7302340068177172 
13290003,0.7049972736635196 
13300000,0.7410077412189712 
13310017,0.7111698652504839 
13320026,0.7154785468933843 
13330001,0.7226071676791499 
13340042,0.6780584511343555 
13350026,0.7564907330556967 
13360007,0.6936046930758925 
13370011,0.7296640703637608 
13380012,0.7707192442750679 
13390024,0.7126611133964075 
13400000,0.7535301665847204 
13410047,0.7437743568303423 
13420011,0.719768910300339 
13430013,0.7476347680782752 
13440036,0.7589337427926066 
13450002,0.7286349831843628 
13460021,0.7522194033346323 
13470038,0.6899184638279152 
13480009,0.7335397281713079 
13490023,0.7530947412061416 
13500021,0.7094855986261479 
13510004,0.7260430457099741 
13520000,0.7506041926561577 
13530025,0.755900876550568 
13540022,0.7115498711252392 
13550020,0.6996753574175112 
13560045,0.7493447894210432 
13570003,0.7125353511598002 
13580032,0.7466061812712591 
13590026,0.767436435783418 
13600046,0.727013259871966 
13610005,0.7597331537476015 
13620036,0.7535937047258795 
13630022,0.7465026995061381 
13640020,0.719107476042868 
13650040,0.7205592034353588 
13660037,0.7197143197196868 
13670032,0.7642179411471 
13680010,0.7482695108005541 
13690005,0.7421936598193103 
13700036,0.7450440295538429 
13710019,0.7142359112090425 
13720018,0.7436467181492888 
13730000,0.7164951262582143 
13740000,0.7403268288625657 
13750036,0.7242920591478702 
13760017,0.7306416051333108 
13770027,0.7421976015181673 
13780039,0.7379656659266813 
13790020,0.7007297745384082 
13800023,0.7441327105671327 
13810007,0.7393251546413488 
13820015,0.7366860949469682 
13830032,0.7303293211669576 
13840032,0.7157616657352093 
13850007,0.7392212850699935 
13860002,0.7794846383783195 
13870000,0.731200159822508 
13880007,0.7511784594053099 
13890043,0.7452889877927724 
13900036,0.7292131923596048 
13910036,0.712764761737822 
13920004,0.7693200286438395 
13930018,0.7362272618709432 
13940006,0.7921233581875571 
13950019,0.7187765647227357 
13960018,0.7654486049879405 
13970015,0.7691877762867507 
13980042,0.7589898801196348 
13990011,0.742571310855552 
14000008,0.716436391452469 
14010041,0.7609194496492099 
14020035,0.7516073731438208 
14030013,0.758504971393331 
14040003,0.757734299132945 
14050008,0.7327826310142667 
14060008,0.7614951021201021 
14070033,0.7731061114057252 
14080011,0.7544456798570063 
14090021,0.7424799743214064 
14100014,0.7487877889813417 
14110010,0.7577181651817371 
14120031,0.7322469355136194 
14130023,0.7661619168890855 
14140019,0.7372308851994339 
14150036,0.7362415687633754 
14160006,0.7276838005348967 
14170021,0.7325580299596222 
14180010,0.7636118341139315 
14190003,0.7661230541798842 
14200026,0.7840928581644729 
14210040,0.7910528675800935 
14220043,0.7449600653615679 
14230033,0.7669411731050901 
14240028,0.7846640565325954 
14250018,0.7067008463823784 
14260041,0.7630699765132815 
14270022,0.7265820435576263 
14280004,0.7256960875855716 
14290006,0.7320236814394676 
14300002,0.761786433661013 
14310021,0.7285570157644016 
14320030,0.7181943888404562 
14330007,0.7478141895781653 
14340001,0.7504775263090129 
14350012,0.7272996052642485 
14360018,0.7323237377595666 
14370009,0.7384765842011098 
14380026,0.7516504869793174 
14390028,0.7811236207562354 
14400014,0.7278303499655621 
14410049,0.736386366004854 
14420020,0.7204359174974744 
14430024,0.7337738839185871 
14440020,0.7344427347961353 
14450010,0.7534140243397376 
14460049,0.7394029802756583 
14470009,0.7639147284174373 
14480028,0.7325416111191664 
14490035,0.7256287384357843 
14500011,0.7560973356243671 
14510002,0.7568197070336936 
14520040,0.7369440200322552 
14530026,0.706702736265834 
14540003,0.7447311610896478 
14550044,0.7369456602949365 
14560012,0.7604168611235511 
14570027,0.7270525373687691 
14580031,0.7507330441755348 
14590021,0.7143166566470817 
14600019,0.7642000547207881 
14610003,0.7823670674678391 
14620025,0.7808913294745135 
14630022,0.7388206658309859 
14640024,0.7561811251959338 
14650010,0.7278759410428657 
14660000,0.742838486916602 
14670017,0.7632668441797302 
14680011,0.7787726819649345 
14690025,0.7427440326377103 
14700023,0.7261679990343941 
14710036,0.7551655291031737 
14720042,0.7612114380893475 
14730027,0.7608241009058643 
14740009,0.7582937618414218 
14750044,0.7745810724845063 
14760034,0.7370203865040549 
14770031,0.7299185149279748 
14780012,0.725982323242785 
14790017,0.7613849471205741 
14800043,0.740181534351113 
14810041,0.7838073277137733 
14820021,0.7423901173500549 
14830044,0.7382341833933811 
14840010,0.7502177143078038 
14850041,0.8022999956010002 
14860013,0.7332563754251235 
14870014,0.7310111409196741 
14880026,0.7633112028861222 
14890031,0.7443098193604266 
14900013,0.7410939976070173 
14910010,0.7960813412650121 
14920024,0.766143208489936 
14930044,0.7704898363876692 
14940003,0.7557605630100247 
14950032,0.7423555496092358 
14960036,0.7655439021718972 
14970018,0.7524275043822657 
14980001,0.7678535066566258 
14990035,0.7333099611167291 
15000022,0.7101093777828035 
15010029,0.7844275021413689 
15020036,0.7486092053678299 
15030021,0.7577774566030773 
15040009,0.7534699463383902 
15050025,0.771388880985457 
15060036,0.8213326527948518 
15070026,0.7737206338528276 
15080018,0.7231064522618139 
15090043,0.7647699386669975 
15100017,0.7357775899792707 
15110035,0.7427959594763583 
15120025,0.7534910862535177 
15130004,0.7958987178755413 
15140000,0.7685483804049981 
15150027,0.7447987489968241 
15160027,0.796535887852408 
15170016,0.7877457923606628 
15180019,0.7456643294115771 
15190015,0.774518250156226 
15200007,0.7542642970907818 
15210004,0.7369711887583733 
15220031,0.7968389614918306 
15230014,0.7744834534971452 
15240025,0.7535301821795901 
15250010,0.7674769460141257 
15260011,0.7086987004332841 
15270039,0.7550138959598036 
15280023,0.7820591908770171 
15290013,0.773985117983586 
15300041,0.7513896822125935 
15310015,0.7414218892519123 
15320015,0.7703364219456955 
15330017,0.7922296741642717 
15340028,0.797805454779139 
15350036,0.793414393088438 
15360046,0.8037410464018502 
15370025,0.7251223238368816 
15380006,0.7376932461761614 
15390041,0.7943860251220325 
15400008,0.7731239968582171 
15410028,0.7293156206016942 
15420008,0.765301667229886 
15430024,0.7667253599076506 
15440019,0.7776244253211784 
15450045,0.7618556016530551 
15460016,0.7459678222288793 
15470016,0.7732007176482463 
15480014,0.7801461185789423 
15490004,0.764035978650414 
15500040,0.7651059016110432 
15510049,0.7609150554452713 
15520047,0.7595831285660081 
15530004,0.7818871855374052 
15540042,0.7847743670103886 
15550017,0.7552715453996315 
15560046,0.7235879577437755 
15570001,0.7463287372413089 
15580010,0.7620925341982914 
15590013,0.7619245056598918 
15600023,0.7554238245868484 
15610020,0.7744837737460094 
15620022,0.7638849830880363 
15630021,0.7540453146568841 
15640031,0.7789999749550511 
15650003,0.7597288248757225 
15660029,0.7421694547648766 
15670034,0.7642765472655805 
15680019,0.7710440009707383 
15690013,0.7825581939831573 
15700010,0.7560150072889162 
15710024,0.7693768886386165 
15720000,0.7542554218363572 
15730018,0.7617142355716645 
15740008,0.7794130104952216 
15750009,0.7872695386069279 
15760021,0.7427741231369748 
15770017,0.7782320613593967 
15780000,0.8054492053145922 
15790012,0.7410044667625585 
15800023,0.7929956134569924 
15810009,0.7229421456235293 
15820035,0.7855877809432934 
15830002,0.7420533795978635 
15840026,0.7218440107330383 
15850041,0.7469659954001892 
15860025,0.726409821374907 
15870018,0.7747199994330554 
15880007,0.7657262324963728 
15890004,0.7270074171031212 
15900008,0.7662575254183532 
15910044,0.7629954103744341 
15920000,0.775025029931447 
15930023,0.7667667546792769 
15940005,0.7860294171077299 
15950026,0.7641492314106609 
15960022,0.8034922069616731 
15970012,0.7634362935427649 
15980042,0.7360634589272032 
15990006,0.7553215762289458 
16000021,0.7615393686765591 
16010014,0.7360846262797311 
16020007,0.7699337026644645 
16030003,0.7593328339920878 
16040018,0.792886188236754 
16050013,0.7705926243761596 
16060031,0.7337037274575695 
16070020,0.7815791046458431 
16080036,0.7679580260285128 
16090009,0.7569618659603125 
16100015,0.7460728804766238 
16110026,0.7961070099146309 
16120001,0.7777816431278658 
16130010,0.7834727413041392 
16140048,0.7897019322113479 
16150038,0.760270315081016 
16160038,0.7871664221396604 
16170048,0.7494338061990488 
16180002,0.7533524878176028 
16190016,0.7470253831136183 
16200001,0.7956892090930764 
16210043,0.7613845377377918 
16220048,0.7817502341103683 
16230018,0.7454892217091094 
16240023,0.7600589789824462 
16250008,0.7562026510867476 
16260039,0.7593071856718591 
16270031,0.7519905437404728 
16280046,0.771376233893676 
16290010,0.7909312365343873 
16300008,0.8039110872823141 
16310009,0.7766085786691012 
16320008,0.761919987241842 
16330008,0.7337621113395939 
16340036,0.7777861487225449 
16350041,0.7895805883137579 
16360029,0.7552639663091343 
16370009,0.7634983742120129 
16380025,0.7772825402485162 
16390045,0.7828974650072653 
16400021,0.7718035570707649 
16410001,0.7888896855245178 
16420012,0.7646906027448039 
16430015,0.7828221020290427 
16440006,0.7614588804942908 
16450040,0.7768695015630849 
16460017,0.7493037090657412 
16470045,0.7278189926769902 
16480029,0.7797761524029273 
16490013,0.7452851727034917 
16500042,0.7940305820311301 
16510011,0.7501432167367382 
16520022,0.7533644884926121 
16530024,0.7440139588758973 
16540023,0.7614238154070587 
16550001,0.7955631604785458 
16560018,0.7719567373660673 
16570038,0.7685384708789903 
16580011,0.7865334777910842 
16590012,0.7607382941065168 
16600020,0.7436788716757586 
16610004,0.7555859223778022 
16620003,0.7868904657655588 
16630025,0.7526110244912447 
16640009,0.7787716350296748 
16650020,0.8052399103755793 
16660024,0.7369192611860856 
16670048,0.7048762534949399 
16680007,0.7527061513308558 
16690021,0.7677147646558596 
16700022,0.7612320480766501 
16710001,0.791550756952061 
16720022,0.7901310497327241 
16730008,0.7798305002856888 
16740016,0.734997118734342 
16750021,0.7673715505487129 
16760031,0.7759614703179974 
16770010,0.7579885489864056 
16780020,0.7377954128749385 
16790002,0.7659777313291029 
16800036,0.7556297390316007 
16810042,0.7858899370945651 
16820017,0.7316082686130762 
16830002,0.7823090139918187 
16840018,0.7647608884369734 
16850021,0.755620678345919 
16860040,0.7670817711005314 
16870015,0.7697853445294142 
16880004,0.7748407313535612 
16890002,0.7875203763839714 
16900028,0.7749098650125429 
16910028,0.7666827252578754 
16920026,0.8113625190627324 
16930032,0.7538570861885429 
16940042,0.7847598963694046 
16950001,0.7562209381763529 
16960023,0.7685370229861052 
16970043,0.7518307263795946 
16980007,0.7780557988940315 
16990009,0.7783898350134055 
17000016,0.8319918942511498 
17010040,0.7608997360736852 
17020030,0.7614996097263101 
17030023,0.7989351885384718 
17040049,0.7783397534046087 
17050001,0.7757424003244984 
17060004,0.8049307473302814 
17070037,0.7853207362372582 
17080003,0.7562175335519637 
17090007,0.8031082874329907 
17100024,0.7395001779432283 
17110025,0.7610374806154504 
17120019,0.7900931977718159 
17130007,0.7778812610144681 
17140030,0.7711146253050385 
17150022,0.7655385087804724 
17160006,0.7955536311780926 
17170043,0.7840646659017879 
17180049,0.7644411095062964 
17190024,0.8108422678234574 
17200014,0.7774037165678033 
17210000,0.7977804353773971 
17220041,0.8237510140325073 
17230004,0.781719247528071 
17240016,0.7646120747813344 
17250000,0.8194284650765208 
17260021,0.7684596524551655 
17270004,0.8176379973384512 
17280040,0.792649913883273 
17290004,0.7497896056256416 
17300007,0.775452746353401 
17310007,0.8030628708245766 
17320024,0.7684889583431895 
17330020,0.7441377633356513 
17340027,0.7408359653376896 
17350015,0.7696158350959819 
17360013,0.7799329449237257 
17370016,0.7917464341181297 
17380008,0.7781531365548784 
17390023,0.780716016671006 
17400046,0.7592408753275359 
17410014,0.7645731548182708 
17420014,0.7835568203377637 
17430011,0.7832380325374966 
17440005,0.7865331148150776 
17450014,0.7911110409865525 
17460021,0.7736853190877166 
17470000,0.7997858883520066 
17480013,0.7826417334648198 
17490017,0.7673199936945092 
17500001,0.7761462470804631 
17510048,0.8105096321475965 
17520040,0.8056998845714333 
17530008,0.7917914049332632 
17540006,0.7953772185880628 
17550039,0.7912908983349046 
17560010,0.7666449252818093 
17570002,0.7595917873528775 
17580016,0.7459966342250752 
17590022,0.7721140199785381 
17600033,0.7779190181608245 
17610024,0.7589363249267017 
17620046,0.8058744339814108 
17630013,0.7638439994224991 
17640044,0.7944927948217423 
17650002,0.7982667139712852 
17660027,0.795359847469978 
17670011,0.7652856703295764 
17680034,0.7666654424007364 
17690021,0.7999139205656868 
17700001,0.7797621252282146 
17710023,0.7890088070921047 
17720023,0.7753950369860629 
17730004,0.7993694058695833 
17740022,0.7811726635179453 
17750001,0.7956310711575454 
17760019,0.7701141387920287 
17770013,0.7634935505467086 
17780011,0.8087186274279533 
17790048,0.7654336642030141 
17800014,0.782628463543023 
17810016,0.7560657124155022 
17820046,0.7947961193081102 
17830032,0.7748985094131826 
17840003,0.7934235586709641 
17850011,0.7632601283569733 
17860006,0.7858233224967506 
17870008,0.7838485907204548 
17880031,0.7596226446826959 
17890037,0.7817147115589552 
17900023,0.8054648302485673 
17910032,0.7920836254856731 
17920046,0.8050216544073395 
17930024,0.8068808893835409 
17940005,0.7789002371341887 
17950020,0.7925380117123829 
17960016,0.7729423196668579 
17970037,0.7815970936600307 
17980021,0.8000112726070544 
17990012,0.7821057479499031 
18000036,0.7858094382897969 
18010006,0.7745992547512365 
18020005,0.8078781599126377 
18030040,0.7432457481078855 
18040022,0.8149355750566443 
18050015,0.8111241211932494 
18060001,0.7957588643986153 
18070006,0.7580468636369392 
18080013,0.8216448518258228 
18090004,0.8051130187076672 
18100020,0.8137774783090217 
18110036,0.7400259983762859 
18120018,0.7684853694381316 
18130013,0.7377577867837517 
18140027,0.7441449979185548 
18150031,0.7780041818285406 
18160008,0.770552732198286 
18170014,0.800757154386076 
18180023,0.7895472991510251 
18190013,0.7790405534813156 
18200013,0.7652222262643575 
18210042,0.7809872975357078 
18220040,0.7748827737032394 
18230022,0.7761952839371841 
18240037,0.7847167473866661 
18250001,0.8103199507321024 
18260032,0.7699958978151075 
18270025,0.7917171652265547 
18280007,0.8332328666682609 
18290043,0.7906324235158622 
18300023,0.7889661006290065 
18310049,0.7716797230196832 
18320007,0.7916486914799767 
18330020,0.7857122541210109 
18340040,0.7890185925215049 
18350040,0.7734831264508095 
18360012,0.7961300379366122 
18370015,0.7869128959613433 
18380006,0.7640256322214499 
18390014,0.7655899693749615 
18400037,0.8023708272451173 
18410014,0.7983294232174327 
18420003,0.796113534630992 
18430015,0.7713433184127965 
18440022,0.804846106343133 
18450031,0.789260493293318 
18460011,0.8064143668220655 
18470003,0.8045119294716502 
18480030,0.7806627398333613 
18490041,0.7458826096891331 
18500010,0.7942696177611064 
18510033,0.8134821376354392 
18520028,0.7729107349916023 
18530009,0.7988567686800446 
18540038,0.7916613881814814 
18550017,0.7703613890231804 
18560017,0.7889065440478646 
18570027,0.7692845172581696 
18580046,0.7564017673496918 
18590002,0.7857762837360468 
18600005,0.8253756888871666 
18610002,0.7669579439602847 
18620015,0.7696300385450251 
18630009,0.7741969746630062 
18640015,0.7734559650718216 
18650021,0.7877203639676036 
18660015,0.7613986371254949 
18670002,0.7751140783213152 
18680012,0.7556846088119442 
18690018,0.7886485045108966 
18700014,0.806927941393937 
18710019,0.7345322654470348 
18720017,0.7767678988448627 
18730035,0.770690476637462 
18740011,0.7633995768564069 
18750022,0.7831557518448804 
18760046,0.7589426874789761 
18770011,0.7925420690408758 
18780028,0.7830996475772979 
18790008,0.7836836643144693 
18800043,0.8075531039473347 
18810015,0.8329216443429854 
18820043,0.7865665162204191 
18830010,0.79829125497098 
18840007,0.745964220964221 
18850023,0.7988378173248645 
18860044,0.806531898076272 
18870026,0.7621939231110513 
18880018,0.7759294961975207 
18890003,0.7861318987762888 
18900016,0.7967862036197949 
18910014,0.7406424502818074 
18920007,0.797245599451214 
18930010,0.7869614254710516 
18940020,0.8112490037244718 
18950023,0.7973575205883733 
18960002,0.7850928244649553 
18970015,0.7703967608719187 
18980019,0.8208903822020281 
18990008,0.7730056513662953 
19000003,0.7893089171422873 
19010003,0.7780286647566123 
19020038,0.7875764685938754 
19030000,0.785832737102967 
19040039,0.7985134028873561 
19050004,0.7760901842199708 
19060018,0.7965055407748275 
19070016,0.8033079558112692 
19080018,0.7955130781804544 
19090040,0.7938736663922633 
19100025,0.8020242163093368 
19110023,0.8254628370572126 
19120006,0.7857445064395528 
19130007,0.7755916215925661 
19140043,0.8214430224190004 
19150006,0.7701385201772198 
19160047,0.7884771221429957 
19170017,0.7640664870379782 
19180000,0.8287308669552688 
19190018,0.7604348498258757 
19200001,0.7990158261019853 
19210024,0.7730353879619983 
19220018,0.7671722501273252 
19230022,0.8093901928961534 
19240005,0.7717333030202933 
19250049,0.8084166746126829 
19260040,0.7748713963521267 
19270016,0.7736240927897113 
19280010,0.7772580424809369 
19290044,0.7689194217035958 
19300031,0.7856516239503536 
19310048,0.7841619739233125 
19320014,0.8132086462279398 
19330020,0.8017612571342203 
19340009,0.7861809349377573 
19350007,0.7590675555984338 
19360034,0.782291370712907 
19370043,0.7875803065524006 
19380004,0.7911008967069731 
19390039,0.7799301714297643 
19400025,0.8100030172785591 
19410005,0.8235811449855223 
19420008,0.7819000938294709 
19430002,0.7926970927583672 
19440023,0.8294345761124535 
19450043,0.7862583278356841 
19460014,0.8255042803527987 
19470045,0.7977042963668921 
19480011,0.7406450390307693 
19490026,0.8137623298035469 
19500015,0.7912026752954199 
19510008,0.7878364810227979 
19520009,0.7966669072644097 
19530018,0.8054013666095099 
19540025,0.8393217961838818 
19550042,0.7469546179004222 
19560001,0.785079627986508 
19570001,0.830340225799963 
19580006,0.816669149295407 
19590008,0.8018838013091696 
19600036,0.8122298806736757 
19610039,0.7894066938454309 
19620007,0.8215938885502165 
19630022,0.7392099270337344 
19640031,0.8261133959732779 
19650011,0.7939625799819137 
19660034,0.8091814572378581 
19670038,0.8141298690416339 
19680045,0.8141920561268843 
19690042,0.833834749618748 
19700041,0.8362208343444522 
19710024,0.8123673975258668 
19720018,0.777735441502229 
19730042,0.8188248489212325 
19740039,0.8231713355525001 
19750013,0.8293046633562902 
19760021,0.7703491678328732 
19770014,0.7990691469535373 
19780013,0.7880187248264154 
19790036,0.8233906062217375 
19800018,0.8258526843445021 
19810003,0.8360128807625365 
19820000,0.7967397604750492 
19830002,0.777167074676234 
19840040,0.8214163642906069 
19850010,0.7864346681534617 
19860021,0.7952897372981851 
19870045,0.800146617337447 
19880003,0.77783683790577 
19890012,0.7744966235453772 
19900005,0.7978647551805603 
19910031,0.779317861243111 
19920036,0.7723705502730271 
19930028,0.8063853761796369 
19940008,0.7916138199174135 
19950017,0.7970518343442633 
19960016,0.8018480096716015 
19970031,0.8169447797688077 
19980021,0.8080687924041442 
19990014,0.7641223421808399 
20000045,0.8007922263635862 
20010024,0.8139179038540297 
20020011,0.8020099097824439 
20030040,0.817431762983839 
20040014,0.7934077075535901 
20050000,0.7550716692284234 
20060007,0.7818244016861322 
20070000,0.824759113144542 
20080040,0.8110225925813543 
20090028,0.8038208294779553 
20100005,0.7548041601365701 
20110010,0.7918929332976264 
20120008,0.7795992264620815 
20130012,0.8123326004831556 
20140016,0.7740446938071912 
20150044,0.7900419788488886 
20160017,0.8100375057711195 
20170038,0.792654409748103 
20180023,0.7703607514911898 
20190017,0.794773447358264 
20200005,0.7958613320660534 
20210042,0.797311469568629 
20220023,0.8100475967141851 
20230010,0.7476142582262163 
20240030,0.7423045095419385 
20250027,0.795439737398403 
20260006,0.7841767164374343 
