10000,0.08686166039842509 
20000,0.07903007327639681 
30000,0.09074065517815517 
40000,0.10184037591235733 
50000,0.12082928101310454 
60000,0.13306587856587856 
70049,0.1381054445642496 
80049,0.14975303699568404 
90049,0.12565832084582085 
100049,0.15232446148622616 
110049,0.15336818043068043 
120049,0.1564169482478306 
130026,0.15218479967744672 
140048,0.16572300308611015 
150048,0.1720202367077367 
160026,0.16372498049336287 
170046,0.1620467765389442 
180019,0.18678345102609806 
190017,0.17246881670101483 
200020,0.16215368561205165 
210012,0.2073193678658999 
220030,0.20223646017105193 
230032,0.19082898290536568 
240002,0.21020664996767938 
250039,0.1850971456436777 
260048,0.2332171397360159 
270035,0.2187109747469712 
280018,0.2159700526082105 
290040,0.22570081485915408 
300040,0.24792408041104066 
310013,0.2423437841011332 
320009,0.22913118112046074 
330020,0.21535560553469696 
340046,0.2524772722100911 
350010,0.2571227663371243 
360033,0.2654966202379996 
370004,0.24961268714945184 
380008,0.22576152153143567 
390015,0.24267554863758864 
400022,0.2874589098856664 
410009,0.25174763827956836 
420024,0.2790868819193942 
430010,0.2797559042584994 
440009,0.29358164758650196 
450037,0.2864806173737835 
460046,0.287294031831847 
470023,0.30278332393423735 
480006,0.30779195133650156 
490019,0.32932368745488233 
500009,0.30515302638064784 
510015,0.30690119338748695 
520017,0.34749895177471474 
530047,0.2897936269581044 
540013,0.32370862399198125 
550027,0.32131916576797165 
560027,0.2838987419230386 
570028,0.3447022575439205 
580008,0.33380696197885523 
590045,0.28759457236398983 
600003,0.3203797071479824 
610048,0.33612113804340693 
620002,0.3504886027754027 
630020,0.34465227051773634 
640014,0.3613997020719709 
650026,0.3394478453653798 
660045,0.3693854476930677 
670029,0.34326684305827404 
680027,0.29183747109443703 
690011,0.3359833816882716 
700006,0.35357158044083103 
710046,0.36706085309026487 
720015,0.37522634528185805 
730006,0.40321500048149417 
740049,0.39344073545141944 
750023,0.3568793092420079 
760001,0.3872940695395516 
770003,0.3526615446332666 
780009,0.3825914171193171 
790025,0.41818467999617726 
800002,0.39648598442309474 
810024,0.32725905948929884 
820028,0.4496596861895064 
830017,0.3683708125533225 
840018,0.38377635774965674 
850004,0.3965594799916926 
860017,0.3950234316389448 
870030,0.3925556743548284 
880048,0.4138903433680537 
890019,0.3956606817871978 
900015,0.4243702614572881 
910014,0.45297358421514067 
920015,0.45075113295560804 
930032,0.43812997506882956 
940031,0.409414924941983 
950009,0.4262638202670959 
960024,0.4293004149273499 
970032,0.4770757620250072 
980009,0.44242431537392285 
990043,0.43995486185594956 
1000035,0.439061053169553 
1010015,0.4630354899276468 
1020018,0.427140719034516 
1030012,0.4921588322435283 
1040029,0.49316928532199766 
1050005,0.5123604402755945 
1060022,0.45625213287682875 
1070008,0.5069153245332307 
1080026,0.47750595080814723 
1090040,0.47373602560028905 
1100002,0.5183516304028146 
1110038,0.47357896064894484 
1120020,0.5274116677385338 
1130018,0.5164368583979986 
1140039,0.5260620334664109 
1150043,0.4829599913654623 
1160017,0.5131196579094838 
1170030,0.49753868665893647 
1180032,0.49485316789445877 
1190002,0.5091562884401759 
1200033,0.5364967758067305 
1210044,0.4672268312441673 
1220017,0.5135229306244431 
1230031,0.4698755373382234 
1240016,0.5541768646611446 
1250014,0.5084264907442657 
1260010,0.5555360691513681 
1270020,0.5387389704775947 
1280042,0.5250507506017374 
1290020,0.5501004538135366 
1300004,0.5247494660474934 
1310031,0.567942205995946 
1320036,0.589687428331697 
1330003,0.5705943479789555 
1340034,0.5523020440277343 
1350038,0.5268044236050795 
1360038,0.5498416119411114 
1370026,0.5478627332844166 
1380044,0.528191912963018 
1390023,0.5585490195136619 
1400004,0.5656031013420266 
1410045,0.559685655099258 
1420023,0.5491578655615147 
1430033,0.6017544158774432 
1440009,0.600250981669139 
1450029,0.5845579563826863 
1460024,0.6207841349216936 
1470015,0.5725411362480829 
1480030,0.5717529705086266 
1490030,0.5657751483946337 
1500013,0.5649111286274271 
1510032,0.5909717130987292 
1520025,0.594690246782995 
1530040,0.5581503291322502 
1540020,0.6233419345412549 
1550003,0.5733891535859915 
1560035,0.602379281920207 
1570012,0.5841050975834888 
1580048,0.5761936422928721 
1590044,0.6325481636410614 
1600014,0.5992987565192796 
1610000,0.5959231373098033 
1620032,0.6395818682150861 
1630023,0.5806390551942477 
1640020,0.5676149227392734 
1650046,0.599306995549361 
1660003,0.5611142702620275 
1670011,0.650013963986058 
1680022,0.6057284606852461 
1690044,0.6215384177018427 
1700044,0.5986806438263972 
1710019,0.6162886120137007 
1720035,0.5974483855987255 
1730031,0.5887127661112143 
1740039,0.5712688606648294 
1750012,0.6250279597663319 
1760001,0.625430290638797 
1770034,0.6012800351068022 
1780031,0.6937644871468401 
1790012,0.5987542325722782 
1800015,0.6484997228920933 
1810020,0.6691527491991593 
1820035,0.6129417267154644 
1830031,0.6410671664278597 
1840043,0.6430380408321584 
1850049,0.6249768848817202 
1860041,0.6845295199452652 
1870026,0.5879640271577359 
1880023,0.6504152718760643 
1890011,0.6788117632434306 
1900009,0.6719262982772287 
1910005,0.6562784947569812 
1920029,0.6263149072104636 
1930026,0.6590673380174062 
1940040,0.6110125385930766 
1950026,0.647949231045918 
1960012,0.6623645209319233 
1970016,0.6480286723972641 
1980034,0.6416489363788626 
1990024,0.611666188408596 
2000031,0.6862015826434353 
2010039,0.6633943914296171 
2020015,0.6517145008811382 
2030008,0.6958201780846011 
2040012,0.6656395646151521 
2050014,0.7277750177385173 
2060010,0.6578025068235807 
2070035,0.7026931900541526 
2080004,0.6773741646593596 
2090005,0.6696690629507672 
2100006,0.6777831116818416 
2110021,0.6922486213254186 
2120032,0.687097959852943 
2130030,0.6941266615784826 
2140008,0.7164040772322506 
2150019,0.724137719126609 
2160005,0.7264007226221241 
2170004,0.7032187260841782 
2180026,0.665882449890894 
2190030,0.6931530142130655 
2200011,0.6949683306753868 
2210015,0.6616937413988322 
2220022,0.719154535848987 
2230007,0.7127444003587795 
2240011,0.6963370412187921 
2250044,0.7102047122824557 
2260027,0.683471132966291 
2270010,0.7078581875264436 
2280043,0.678825155461764 
2290000,0.6968657306629269 
2300024,0.6709452421621676 
2310041,0.7029284534958136 
2320025,0.7305601754157904 
2330016,0.7140770713795772 
2340019,0.7199699462684443 
2350029,0.7436301095078668 
2360026,0.6699075411837548 
2370003,0.7128641491763229 
2380016,0.6948123889142962 
2390034,0.6994479525881363 
2400011,0.7120943587227382 
2410006,0.6820301861621448 
2420032,0.7398350613983955 
2430032,0.7894428247752473 
2440048,0.7086351238092179 
2450017,0.7280412957433713 
2460000,0.7363593372878534 
2470038,0.7335367635837695 
2480030,0.6938498404151723 
2490014,0.7019513792958768 
2500003,0.7583977515117508 
2510017,0.7029949843720809 
2520020,0.707983727858092 
2530003,0.7131207427997466 
2540002,0.735912467402802 
2550010,0.7056555263969136 
2560000,0.7347218146362636 
2570013,0.7249863682566957 
2580019,0.7068456150829211 
2590040,0.7439883399809064 
2600014,0.7213080206165955 
2610025,0.7103339646802164 
2620036,0.7495655399320813 
2630021,0.7661276889752681 
2640043,0.7436190673626527 
2650006,0.6918165652962203 
2660038,0.7488340966156236 
2670048,0.7136928882794349 
2680009,0.7592289284621407 
2690006,0.7764515582229253 
2700006,0.7381147118884155 
2710025,0.7896323930119927 
2720035,0.7758453521970582 
2730019,0.754421923845109 
2740023,0.7936549792405292 
2750021,0.7774536655196485 
2760047,0.7183534480916304 
2770019,0.7437213216720734 
2780025,0.7183974975122842 
2790027,0.7524706474808146 
2800011,0.7264428176769935 
2810025,0.730021576131716 
2820014,0.7545013257293607 
2830002,0.7522373311437468 
2840043,0.8002970904756619 
2850003,0.753526609744909 
2860005,0.7521462474698787 
2870011,0.7707013302072988 
2880001,0.756892472133297 
2890014,0.7448237274737695 
2900011,0.8046792850887377 
2910014,0.7760685513144691 
2920023,0.7692442301630907 
2930006,0.8111487454895949 
2940008,0.7715658998765065 
2950020,0.7741558833534656 
2960048,0.7672967557318482 
2970033,0.7521548398204853 
2980002,0.7778150940859283 
2990022,0.807348269567019 
3000007,0.7667001293802015 
3010011,0.7590003760274335 
3020029,0.7771912843328947 
3030022,0.800085210806825 
3040035,0.7605077782465991 
3050037,0.7939764371281347 
3060006,0.7812489475608672 
3070048,0.788686096936293 
3080014,0.7731746967918534 
3090029,0.8066444543522419 
3100017,0.774265219453558 
3110042,0.7732678406845569 
3120008,0.7733940695385639 
3130006,0.7744002054701334 
3140005,0.8032770521714199 
3150011,0.8075112375570428 
3160043,0.8022489833963451 
3170019,0.8007603419731172 
3180002,0.7732898825317556 
3190011,0.7924775181088543 
3200027,0.7529864584100587 
3210023,0.82548325947729 
3220012,0.814874444575896 
3230026,0.7930532139802612 
3240030,0.7430267799474574 
3250030,0.7881206776073044 
3260038,0.7728041768747487 
3270008,0.7709868772820269 
3280030,0.7805431276890256 
3290028,0.8184603191979852 
3300039,0.7922985494970738 
3310011,0.7738269305680542 
3320022,0.8177578015216229 
3330019,0.7987525428252683 
3340018,0.7907256981121367 
3350013,0.8210785372281874 
3360046,0.789852359061301 
3370021,0.8146151575676811 
3380033,0.7693712974164956 
3390019,0.7667004462840162 
3400030,0.7793594185227388 
3410015,0.7743300450972664 
3420031,0.8138232279561539 
3430001,0.7469442143695562 
3440005,0.8141320393050496 
3450019,0.7718645838455291 
3460045,0.81168696679267 
3470023,0.7696984743424372 
3480024,0.8386449162506955 
3490015,0.805343331332729 
3500034,0.7964910487794733 
3510024,0.7918368637692086 
3520005,0.7617740623699041 
3530021,0.7602583946805845 
3540016,0.8347105579598284 
3550019,0.801887458819525 
3560019,0.7863369773672079 
3570015,0.7933901479214736 
3580008,0.8056955875306357 
3590007,0.8265567829404347 
3600018,0.8261491476561422 
3610000,0.8029608951627185 
3620017,0.8263773530095766 
3630033,0.7986412600565612 
3640022,0.7931957054376663 
3650040,0.7935175666802894 
3660007,0.8051590812986689 
3670016,0.7849150436850765 
3680017,0.7891896594441893 
3690045,0.8300814695631858 
3700035,0.7730302024492473 
3710009,0.8040400406295728 
3720043,0.811718548421115 
3730001,0.807369217041752 
3740009,0.808275974192639 
3750000,0.8416919635932769 
3760005,0.8282321424763842 
3770005,0.7981864716927111 
3780048,0.8147673892959902 
3790017,0.8071581196245368 
3800004,0.7723178068193023 
3810039,0.8073686771339964 
3820009,0.7945331532259304 
3830012,0.799975205393162 
3840020,0.7587557260188784 
3850002,0.8133190236356042 
3860021,0.8094984829950063 
3870014,0.8222232355984729 
3880019,0.8148817193741692 
3890007,0.7883363288165807 
3900012,0.8045991679564585 
3910005,0.8333462533867393 
3920001,0.7941701703582508 
3930022,0.793172070652168 
3940024,0.8378731891889788 
3950012,0.7846443883916794 
3960017,0.824383523657633 
3970025,0.8160866928788337 
3980026,0.8296557404098595 
3990019,0.8286633297151581 
4000046,0.8167298371227134 
4010017,0.8230877586133253 
4020023,0.8187834074737047 
4030015,0.7821649450858514 
4040007,0.8378690725675515 
4050007,0.8012200965501691 
4060005,0.8227915565968147 
4070036,0.8008523825473057 
4080000,0.8087306039301279 
4090019,0.8210245536394989 
4100029,0.8169363784294469 
4110045,0.8012773985380675 
4120008,0.855560378282124 
4130011,0.8126752019145043 
4140003,0.8054709678636195 
4150015,0.8453781490459663 
4160001,0.8244286304211934 
4170006,0.8062527533559678 
4180031,0.8686126096064912 
4190004,0.8130720587423769 
4200020,0.8235915713263735 
4210008,0.813942162130085 
4220016,0.8237143791270927 
4230008,0.7997633175268524 
4240016,0.7856105020004371 
4250018,0.8016153441390164 
4260040,0.8159161572995502 
4270006,0.8170757085532997 
4280034,0.8097894925492704 
4290016,0.8199823900396904 
4300012,0.8015625842332375 
4310005,0.7862359204868014 
4320006,0.8138088816109864 
4330010,0.8088113090397376 
4340028,0.8530649288163576 
4350008,0.8402409198068952 
4360011,0.83106858515304 
4370014,0.820639641194044 
4380005,0.8587109191123669 
4390019,0.85309081844967 
4400003,0.8032253230275164 
4410005,0.8452912934446426 
4420008,0.8197614283721095 
4430027,0.841366695529575 
4440003,0.8346894870433249 
4450013,0.823329881961015 
4460010,0.8103564552437013 
4470018,0.8107437767494715 
4480022,0.849411970209681 
4490039,0.8334993254257692 
4500033,0.8165783203419877 
4510018,0.8237597759135298 
4520029,0.8384563458718858 
4530041,0.8329139194278933 
4540015,0.8277331083585148 
4550027,0.8538340115916675 
4560002,0.8245479354523922 
4570005,0.8618793920959692 
4580003,0.8656187193636955 
4590017,0.8366334278401544 
4600014,0.8452992157630056 
4610026,0.7906937818850075 
4620048,0.7948106212076308 
4630010,0.8267406795661186 
4640047,0.8498550023681772 
4650005,0.8232226355965853 
4660045,0.797004017559333 
4670027,0.8253688656925052 
4680041,0.8371209266274872 
4690048,0.8338828553869834 
4700043,0.829628584336438 
4710006,0.868074890275067 
4720038,0.8189912652606626 
4730008,0.8439417925374264 
4740014,0.8190409642882852 
4750010,0.8347966032355354 
4760045,0.8726076481861359 
4770020,0.8573034839570162 
4780024,0.8210019178910583 
4790013,0.8506383146635587 
4800012,0.8357341009132261 
4810046,0.8489963872719148 
4820000,0.8450656520706467 
4830000,0.8489225340920606 
4840005,0.8377967894732116 
4850002,0.8143245159374899 
4860001,0.8002511666845532 
4870012,0.8638143225088919 
4880044,0.8473546795091615 
4890013,0.8236346585230004 
4900011,0.8407249996357791 
4910026,0.8319068068913746 
4920008,0.8156407749886853 
4930001,0.8709311534898913 
4940013,0.8601126382989128 
4950003,0.8522371320487935 
4960019,0.8138145500993075 
4970017,0.8506209406587519 
4980015,0.843893413605531 
4990048,0.8419694986022684 
5000026,0.8431889745726645 
5010028,0.8291786518493104 
5020013,0.8134110862746216 
5030007,0.828059437029464 
5040043,0.8413297149478876 
5050024,0.8452641572247213 
5060024,0.8550516860403512 
5070004,0.8523983326482731 
5080046,0.8529152639802706 
5090014,0.8222436975171752 
5100001,0.8600248944934187 
5110028,0.8285823593881388 
5120010,0.8442668371194739 
5130003,0.8591471773937358 
5140030,0.8772040499536801 
5150023,0.880951577228823 
5160018,0.8314606202540364 
5170016,0.8674808320764202 
5180030,0.854525398285872 
5190019,0.846199042407893 
5200003,0.8559302679140536 
5210037,0.8676948229661043 
5220045,0.8475034044764065 
5230027,0.8456541656652097 
5240014,0.8546090082010431 
5250007,0.8168931643338897 
5260014,0.852109337805694 
5270009,0.8686424728868468 
5280007,0.831174315289873 
5290020,0.8583539467956393 
5300033,0.8649192317381625 
5310006,0.8574655333357564 
5320049,0.8682271102258919 
5330003,0.8201673433324442 
5340010,0.8164049230871949 
5350010,0.8575030990201508 
5360043,0.8320746895808273 
5370001,0.8282596259552679 
5380036,0.8442989227302952 
5390042,0.8057249090275729 
5400040,0.8221609264383283 
5410024,0.8483316432740263 
5420028,0.8282703032521961 
5430022,0.8445788895433342 
5440020,0.8882038131667213 
5450048,0.8410272565310496 
5460020,0.8595753424821507 
5470025,0.8490135991251246 
5480013,0.8536469237701937 
5490009,0.8376123951230557 
5500013,0.8660642785566767 
5510032,0.8503437198591138 
5520013,0.842740597195854 
5530037,0.815895760196868 
5540004,0.8788803032253593 
5550013,0.8399684332602073 
5560010,0.8983876010044584 
5570030,0.8611787182145273 
5580001,0.8618786701238343 
5590001,0.8606859418450147 
5600009,0.8617640851517122 
5610014,0.848744926883013 
5620016,0.8316280346156414 
5630007,0.8752134280299937 
5640007,0.8678173382332759 
5650012,0.8706519540307192 
5660014,0.8536640780934018 
5670009,0.8553851371464597 
5680043,0.8757837052124434 
5690047,0.8698072513353842 
5700031,0.8267326265991425 
5710015,0.8273659033051423 
5720011,0.8679439686535382 
5730012,0.8428560001272303 
5740016,0.8592443890818504 
5750006,0.8585986632555259 
5760024,0.8640313298572533 
5770034,0.8491713417205065 
5780009,0.9010255822950436 
5790004,0.8600554026218958 
5800015,0.8055579935973629 
5810013,0.842404405201103 
5820004,0.8355643378283812 
5830047,0.8632079861155926 
5840044,0.8312207688750822 
5850011,0.8508180064239331 
5860029,0.8523840036293165 
5870021,0.8695863784385659 
5880009,0.8651938225447822 
5890009,0.8338769545824338 
5900029,0.8528030425546924 
5910039,0.8532637925171861 
5920020,0.8682131830782517 
5930004,0.8561966229515157 
5940028,0.8622081598373983 
5950014,0.8845295309632601 
5960000,0.8353333835392805 
5970020,0.8665841796470737 
5980026,0.8572829526179446 
5990029,0.8676643791167475 
6000013,0.8536719896874265 
6010005,0.8477692861647411 
6020023,0.8514545699779335 
6030039,0.8588420196036526 
6040016,0.8732638821985065 
6050006,0.8453014166187816 
6060042,0.857957679518737 
6070017,0.8671322188384 
6080018,0.8841574073323389 
6090008,0.8557035820053414 
6100019,0.8852397083893866 
6110014,0.8655222827538457 
6120045,0.8900232313389104 
6130029,0.8548492266267722 
6140009,0.8479120506359312 
6150011,0.8560195241994744 
6160000,0.9136520759631664 
6170019,0.8722270669951365 
6180049,0.8502640616657872 
6190012,0.8587789040157596 
6200028,0.8787682944840282 
6210000,0.8594368342201623 
6220017,0.8369276839309269 
6230003,0.8758417908033429 
6240025,0.8432925404038849 
6250031,0.8736289553871733 
6260002,0.8529501841732134 
6270031,0.8687207081390415 
6280028,0.8662072927964624 
6290006,0.8643193868847824 
6300015,0.858925865588624 
6310018,0.8626035858352377 
6320018,0.8732658425564606 
6330029,0.8832881330152785 
6340001,0.8721583412891187 
6350029,0.8395221281382412 
6360027,0.8850421616078308 
6370014,0.8655316477005954 
6380016,0.8741306218438828 
6390027,0.8834712885541036 
6400016,0.8860770097913802 
6410037,0.8540987961204218 
6420002,0.8662180841747406 
6430007,0.8486204206641752 
6440007,0.890281531131583 
6450025,0.8540671952846156 
6460011,0.8561277149968962 
6470011,0.8669572266044087 
6480017,0.8540777160205109 
6490004,0.8698551187364869 
6500004,0.8896479079444853 
6510029,0.9016189413018219 
6520021,0.885506220874303 
6530001,0.8497072585839142 
6540007,0.8547956729969539 
6550008,0.8360624511637486 
6560043,0.9023602533713264 
6570014,0.8881286635114207 
6580003,0.8795618457694085 
6590042,0.8897214004605646 
6600013,0.8830353391118635 
6610002,0.8987568232347111 
6620005,0.8816062656004101 
6630013,0.8561434104102251 
6640001,0.8926640021807803 
6650015,0.8964334664117681 
6660029,0.8755231371749876 
6670020,0.877347907249189 
6680032,0.865883621225963 
6690019,0.8956180673786308 
6700038,0.877199641772556 
6710017,0.8785114794222415 
6720012,0.863589590813085 
6730010,0.8399596479034502 
6740006,0.869777371128311 
6750046,0.8830810832491505 
6760047,0.8701433867261473 
6770001,0.8772104265400114 
6780035,0.8880012865988226 
6790004,0.8786022637615958 
6800024,0.8653514504958466 
6810016,0.8789657500467982 
6820026,0.8742906650553574 
6830010,0.8719287442692971 
6840001,0.8756140434122625 
6850039,0.8984140049803047 
6860009,0.867624743519315 
6870012,0.8822972474465685 
6880005,0.8732351131845177 
6890012,0.8711572705826495 
6900009,0.8689256895638887 
6910004,0.9040849400480245 
6920020,0.8910087889411669 
6930019,0.8821271332775396 
6940005,0.8527693330016431 
6950009,0.8622935148407512 
6960023,0.8731434633749012 
6970003,0.8857632188912692 
6980004,0.8797722406791595 
6990012,0.8542463460936115 
7000018,0.8771273840234011 
7010015,0.8674565519383126 
7020011,0.8650483870485818 
7030022,0.8912577962238442 
7040004,0.8339262810698868 
7050003,0.8645076330010809 
7060001,0.9044299495394016 
7070006,0.8908525652170564 
7080029,0.8909343545062813 
7090035,0.8842384360587631 
7100013,0.877344553524215 
7110036,0.9070287337199102 
7120000,0.877098520522313 
7130005,0.8820223758992003 
7140002,0.866414706531998 
7150016,0.8594257694746351 
7160024,0.849612512533026 
7170041,0.9062099705512441 
7180024,0.8778844945968328 
7190002,0.8829488869956734 
7200049,0.882159031600021 
7210008,0.8782325020298781 
7220018,0.9028688168454818 
7230023,0.8969121346216951 
7240006,0.9008834342369603 
7250004,0.8822352491827368 
7260016,0.8837993555229697 
7270007,0.8472120139475048 
7280009,0.8647845470026598 
7290035,0.8850101137968784 
7300016,0.8992771269977152 
7310005,0.8662568014640698 
7320015,0.9004633067146322 
7330000,0.8796253708381717 
7340001,0.8995538396053465 
7350014,0.8969092161342882 
7360037,0.8889988614066252 
7370043,0.8760450499075436 
7380015,0.8804685777074732 
7390004,0.8669876201850114 
7400042,0.8624619260455174 
7410007,0.890093738707347 
7420011,0.8863393914297353 
7430016,0.8569766666967783 
7440043,0.8673916645739906 
7450021,0.8688152832960643 
7460020,0.8500766186071059 
7470005,0.8705024201542365 
7480005,0.8638704255424531 
7490030,0.8657072885909203 
7500009,0.8841433020671061 
7510016,0.9043087210229582 
7520006,0.8833038831993608 
7530026,0.8885702471584259 
7540019,0.8938384870060566 
7550031,0.8706094113104034 
7560003,0.8848003875679032 
7570014,0.8821437827517354 
7580027,0.8781140078408985 
7590007,0.8688679751166092 
7600028,0.8965450026773845 
7610014,0.8821248209550128 
7620024,0.8781828606001901 
7630033,0.8883672755789956 
7640026,0.8900265786314054 
7650008,0.866973530933763 
7660021,0.8708969115217418 
7670046,0.9005635445708975 
7680030,0.870891920574182 
7690008,0.8908846673407431 
7700017,0.8709225459075214 
7710000,0.8652436188742609 
7720006,0.8778501555938645 
7730006,0.8903101612718947 
7740038,0.9115613229308515 
7750002,0.8995386627368095 
7760011,0.903831957541779 
7770018,0.8659449438939953 
7780011,0.8608724678001695 
7790012,0.9077911656484822 
7800012,0.8674567184425421 
7810027,0.872820189386712 
7820013,0.8852423266379107 
7830007,0.9079338021166276 
7840009,0.9021487692060712 
7850013,0.8818379891280976 
7860016,0.8835773041353667 
7870046,0.8778943456109327 
7880044,0.8723552335859269 
7890006,0.8387029962068661 
7900024,0.8845511751195233 
7910044,0.8731801842052589 
7920011,0.8763455513748464 
7930018,0.8771252045045721 
7940019,0.8831508072598567 
7950008,0.873759126601379 
7960004,0.8928372395379269 
7970042,0.850733311288476 
7980004,0.8621006692584601 
7990022,0.8834076455754369 
8000004,0.8802782556341122 
8010030,0.8918500181798414 
8020004,0.8618095378788774 
8030006,0.8797863417882646 
8040022,0.8999161166542289 
8050022,0.8937273376900755 
8060013,0.8894467580495496 
8070001,0.8903840333641742 
8080003,0.865978519514054 
8090015,0.8934085053018878 
8100031,0.8786254491317388 
8110048,0.8888854952975093 
8120006,0.8707549238452702 
8130002,0.8813649292476922 
8140013,0.8768705081237618 
8150014,0.8447333275510202 
8160045,0.8840070934652303 
8170047,0.882414071070345 
8180010,0.9000007891037368 
8190019,0.8693700379696713 
8200024,0.8682825911885445 
8210010,0.8690643400918057 
8220025,0.8728801891338334 
8230015,0.902596910534217 
8240041,0.8851920521715414 
8250002,0.8580046044899996 
8260028,0.8721335301831776 
8270031,0.8648202185289389 
8280010,0.8795027697834732 
8290007,0.9017487925052966 
8300012,0.8587134692726107 
8310029,0.8914481437471234 
8320037,0.9009457006615436 
8330004,0.8922680880907916 
8340021,0.870796857481965 
8350032,0.8855501735995339 
8360018,0.8873037274019991 
8370025,0.9061575312276546 
8380046,0.9128713729996942 
8390002,0.8780790448627527 
8400024,0.9066757002404795 
8410020,0.8690858820157777 
8420002,0.870206587977372 
8430021,0.8718532197712414 
8440002,0.8878300493372168 
8450018,0.88937430095395 
8460029,0.8852222597818367 
8470000,0.8800861260833618 
8480016,0.9053892756462586 
8490011,0.866027616302129 
8500047,0.8765301986332503 
8510038,0.884626753173552 
8520011,0.8964946673160602 
8530007,0.8873300379942944 
8540012,0.8906185498560684 
8550009,0.8663574703842871 
8560015,0.875844896282645 
8570032,0.8968361012697922 
8580018,0.8913361346263513 
8590000,0.8734571913038589 
8600008,0.8743907194971211 
8610038,0.8891520905873586 
8620001,0.8539201839114402 
8630005,0.9023875126185957 
8640017,0.8768627357094626 
8650009,0.8777659455672406 
8660008,0.889499827023935 
8670014,0.8974837623088185 
8680009,0.8768902615577118 
8690042,0.8956922396679879 
8700017,0.8888475583489586 
8710001,0.8905531466931669 
8720011,0.8826891596381973 
8730047,0.8914932066897225 
8740013,0.8975516304777366 
8750020,0.8598437386378606 
8760018,0.8755358705538643 
8770004,0.9036258657503827 
8780022,0.9011820357990169 
8790019,0.856566122664307 
8800031,0.8750750432831942 
8810004,0.8962791413639556 
8820011,0.9149408440508788 
8830004,0.8580712477551927 
8840002,0.8821232058498916 
8850014,0.9006509234503184 
8860042,0.8920184811580293 
8870044,0.8996446926414271 
8880003,0.8692650107745633 
8890019,0.8724187518156407 
8900015,0.8992378729570379 
8910029,0.8920930780290202 
8920034,0.8836499463426774 
8930029,0.8911258260877352 
8940017,0.8816787342344619 
8950039,0.9020360853109461 
8960013,0.8733507262269545 
8970013,0.8850346789650064 
8980012,0.8917152439329841 
8990033,0.8726707101194054 
9000011,0.9148268694140019 
9010019,0.8930772867990061 
9020036,0.8901354701360689 
9030014,0.8956138815657853 
9040045,0.8968881794127967 
9050025,0.9101003794245891 
9060000,0.8950997405785082 
9070005,0.8675268966237715 
9080016,0.9225957770995589 
9090002,0.882227550948444 
9100007,0.9043552645716502 
9110047,0.8921696360604862 
9120002,0.9011212927652138 
9130007,0.8763543790376302 
9140013,0.8821135336386839 
9150014,0.8978914179394437 
9160007,0.8822432329046753 
9170001,0.908740893838417 
9180013,0.8961590193489734 
9190000,0.8812932467538276 
9200014,0.8732325591368055 
9210006,0.8959225757666149 
9220009,0.8907829119227525 
9230005,0.8853985612257975 
9240044,0.8968151836887127 
9250011,0.8908564914359087 
9260005,0.8806203960626597 
9270020,0.8763977116504041 
9280006,0.9058078568887156 
9290021,0.8686040477545067 
9300024,0.865686075859477 
9310035,0.889805858550994 
9320013,0.9100082009848635 
9330006,0.9122799622357735 
9340016,0.9084494999274586 
9350024,0.8910329722818081 
9360019,0.891290996657717 
9370001,0.8757741045546091 
9380020,0.8739693670178251 
9390046,0.907982139573342 
9400006,0.8860171896781803 
9410039,0.8718568874372031 
9420035,0.8814387048247373 
9430044,0.9249372717714532 
9440021,0.8849198575167644 
9450035,0.8920785552070208 
9460018,0.8654915408615999 
9470023,0.8909456561513113 
9480034,0.8930610322459323 
9490023,0.920839084839563 
9500013,0.8986086858628535 
9510035,0.8274782369709003 
9520005,0.8918336196654135 
9530015,0.8870182189685957 
9540002,0.9074610381228028 
9550021,0.8710770771746701 
9560017,0.8676581530529575 
9570019,0.8853514661661498 
9580008,0.8859185360847507 
9590025,0.8970509552559071 
9600017,0.8862666499678071 
9610000,0.9299586991321886 
9620000,0.8797794513138104 
9630028,0.8588958352464314 
9640035,0.9033429102769261 
9650013,0.8925268857384411 
9660017,0.9023988305438753 
9670008,0.9259073317500461 
9680009,0.8913961421644543 
9690022,0.8865466871850122 
9700045,0.8885905026310104 
9710018,0.897745183344574 
9720002,0.8859940695436274 
9730047,0.8861846858652495 
9740010,0.8866898086235189 
9750016,0.8978227672071313 
9760001,0.8869062756129319 
9770031,0.8743527243721307 
9780005,0.9052835927776629 
9790039,0.8804613162609556 
9800026,0.9011946126832892 
9810005,0.9071590147369315 
9820020,0.9070592706300306 
9830009,0.8915957820103323 
9840026,0.9114313046049667 
9850007,0.8806879676457467 
9860044,0.8910374686083571 
9870010,0.8949651502785744 
9880010,0.8792586538111749 
9890030,0.9053701988106534 
9900029,0.875857249375397 
9910009,0.8821319498070403 
9920027,0.8994359958905208 
9930013,0.8979150747639448 
9940026,0.8767108426877118 
9950000,0.8744666658818938 
9960007,0.9016790970696063 
9970012,0.8968894323270394 
9980014,0.8741260522661919 
9990017,0.8982911360087951 
10000019,0.9043722005501554 
10010006,0.8762805775042507 
10020015,0.882125481626263 
10030034,0.9069814030649944 
10040008,0.8918878358014788 
10050002,0.8878018797197718 
10060002,0.8978381447641027 
10070003,0.9114946746232074 
10080005,0.8948920505186974 
10090022,0.9078323673853552 
10100027,0.8900167019339238 
10110012,0.916165685519992 
10120023,0.8839371736081941 
10130005,0.8866910013715013 
10140017,0.884363908567896 
10150033,0.8954351368057419 
10160000,0.9028936728222208 
10170031,0.8914229377154435 
10180006,0.8940051381583128 
10190013,0.9077176059754695 
10200010,0.9117286711094761 
10210026,0.8722430432615667 
10220012,0.9052337624601855 
10230015,0.8798464840152278 
10240013,0.8908538817886967 
10250017,0.8760387786770927 
10260012,0.8959333525996142 
10270017,0.8797651675668622 
10280018,0.9016516880963571 
10290015,0.8974965929879137 
10300005,0.9001165852481643 
10310020,0.905226437504293 
10320012,0.8956246842895024 
10330011,0.9087126186693759 
10340029,0.8841394702155588 
10350016,0.9144165260377672 
10360024,0.901828811723806 
10370004,0.8941876562867698 
10380009,0.8886913070906317 
10390046,0.8912275496322932 
10400037,0.8990139624181375 
10410019,0.9055411265619244 
10420006,0.8930320763810369 
10430020,0.8715929166126893 
10440001,0.9039338380721864 
10450009,0.8733167146347277 
10460036,0.8838927416934002 
10470012,0.8766166503920104 
10480018,0.8918361642148546 
10490008,0.893416177766023 
10500019,0.8775806149898562 
10510003,0.8984646354963691 
10520022,0.8925534803722608 
10530013,0.8973668033849295 
10540005,0.883894696990574 
10550021,0.8980341343887788 
10560019,0.8839966963352633 
10570003,0.8774986435467601 
10580033,0.8764193474903863 
10590013,0.8774881631560156 
10600021,0.8923035979543925 
10610047,0.8752656452807459 
10620032,0.8875718954002899 
10630019,0.8928347157850574 
10640004,0.8834286904492913 
10650007,0.8914737670003775 
10660000,0.8911253994412415 
10670016,0.8739570510913334 
10680022,0.9058086102143806 
10690028,0.8980981752877685 
10700001,0.8772328529972818 
10710017,0.8900328269465748 
10720002,0.9051061715603204 
10730003,0.9025868552998 
10740003,0.8963110681544119 
10750019,0.8789228955488779 
10760012,0.8924722066913044 
10770026,0.8784934933482711 
10780019,0.8781155174413602 
10790022,0.9041697862006461 
10800007,0.8794916198391893 
10810026,0.9050844821582192 
10820041,0.9020226492893242 
10830015,0.8885578161477767 
10840007,0.8909286938596862 
10850014,0.9042650016877272 
10860016,0.9059875946596878 
10870008,0.8979015968360654 
10880036,0.8852337989631409 
10890002,0.9006945318710904 
10900000,0.9081371476959712 
10910008,0.8598079584122409 
10920003,0.8927833545087047 
10930005,0.8962495116897207 
10940005,0.9147056901563544 
10950002,0.9211426211068906 
10960037,0.9004890948313942 
10970014,0.9094436010330799 
10980023,0.9039817156119243 
10990028,0.900664766047625 
11000031,0.903485167116759 
11010010,0.8975609346257477 
11020010,0.9178471129451522 
11030016,0.8888725081703974 
11040004,0.9024284570468334 
11050006,0.9083737927460964 
11060045,0.8902447833625112 
11070029,0.8982757753970289 
11080030,0.8954427525647609 
11090028,0.8931384487002375 
11100006,0.9127512306979799 
11110042,0.8986561087296381 
11120005,0.9065114980206016 
11130020,0.9153672238321496 
11140020,0.9085714687587667 
11150029,0.9114449395068894 
11160015,0.8926309506933511 
11170001,0.8680928015333061 
11180001,0.881673345053002 
11190018,0.8940780546340579 
11200000,0.897800674975341 
11210029,0.8858580925685333 
11220007,0.9050484049801298 
11230011,0.8958603547894287 
11240001,0.9031569122014764 
11250008,0.905619968336428 
11260014,0.8997185281183876 
11270020,0.872227492113697 
11280006,0.9157425726435016 
11290006,0.8911995217357388 
11300026,0.9039136511708105 
11310019,0.9016880857971047 
11320007,0.8926300569389587 
11330008,0.9101841420063899 
11340001,0.8719741963539918 
11350027,0.897957656464849 
11360020,0.9067877965162536 
11370042,0.9034015153200735 
11380000,0.8913984125708644 
11390029,0.8664482133287907 
11400047,0.8890854185932983 
11410016,0.8584683268148007 
11420019,0.891804598498972 
11430005,0.878949678328559 
11440004,0.889153939292732 
11450007,0.9115341795518661 
11460044,0.8735290979978003 
11470005,0.88534640063846 
11480035,0.87780903833318 
11490012,0.9195184963475443 
11500014,0.9144722355729856 
11510014,0.9163279242931944 
11520006,0.8798237304999059 
11530031,0.888550102337031 
11540000,0.8886624070731034 
11550032,0.8751149841247223 
11560010,0.8777969311301232 
11570006,0.8808154352782326 
11580021,0.8872366944523271 
11590035,0.9254298841559985 
11600040,0.9088131978277012 
11610039,0.9079387781861996 
11620016,0.8689587164134676 
11630012,0.8984318104569632 
11640025,0.9092679949437461 
11650024,0.8796070821071477 
11660019,0.8893471177144305 
11670014,0.9062421016392248 
11680018,0.8968325711134374 
11690034,0.8972823960235782 
11700009,0.8833318576526993 
11710012,0.9103094505261048 
11720007,0.9017008164977128 
11730038,0.9042718601541044 
11740016,0.8846954607810198 
11750024,0.8944133632105767 
11760001,0.8718526063106585 
11770037,0.8790872998567251 
11780007,0.8980534818045544 
11790016,0.8862604600580853 
11800002,0.9143960505539465 
11810040,0.8602214960563315 
11820013,0.8951436689074052 
11830019,0.8878684980694338 
11840010,0.8674062730301907 
11850014,0.9095137664657414 
11860003,0.890445653552695 
11870005,0.8925467004945674 
11880018,0.8974100446778466 
11890029,0.9092590107835473 
11900003,0.8695596627613106 
11910002,0.8804886639884242 
11920039,0.8881786402162442 
11930016,0.8911650762344998 
11940012,0.9001259945787936 
11950002,0.9091916160413562 
11960010,0.9107197574644559 
11970005,0.9172743424067836 
11980015,0.8691363597355506 
11990012,0.9014107183927692 
12000031,0.9088931272956714 
12010006,0.9028319890514662 
12020011,0.9155708456770492 
12030034,0.9046211622290844 
12040002,0.9159044867339903 
12050028,0.8733455658934777 
12060007,0.9262817161193785 
12070004,0.8952058513629192 
12080015,0.8965252246869894 
12090003,0.8908570610526053 
12100004,0.9092415089059699 
12110015,0.8900750986991841 
12120003,0.915918634855818 
12130011,0.9058414740234744 
12140024,0.906553877781125 
12150006,0.8948809917937239 
12160034,0.8956467462365977 
12170037,0.8977808873944614 
12180022,0.9155800924865178 
12190005,0.8946078285368038 
12200011,0.8901551649917308 
12210014,0.9096647462164473 
12220023,0.8952967252543593 
12230027,0.9040217318430027 
12240027,0.8809314061105954 
12250007,0.8845347745704037 
12260028,0.8650695822206204 
12270042,0.8927067752796881 
12280008,0.9005021475205173 
12290001,0.8802914639860202 
12300030,0.9025527634390178 
12310014,0.8997463049687263 
12320018,0.8984943191208229 
12330015,0.890247291764209 
12340043,0.9023535283756678 
12350020,0.8737626886376788 
12360009,0.8945956502664668 
12370044,0.8980001926448475 
12380000,0.902525822828835 
12390004,0.9030265068317026 
12400006,0.8854159501091936 
12410004,0.9030674919916406 
12420036,0.9012376730437359 
12430010,0.9165111525062934 
12440008,0.9222097551993983 
12450015,0.9253274881338439 
12460029,0.8809066074909594 
12470024,0.8969615860203718 
12480005,0.8967817239270599 
12490040,0.8960481680189201 
12500027,0.9121500243005576 
12510003,0.9107714979559937 
12520008,0.884023761924 
12530002,0.8933125000847333 
12540002,0.925228974839595 
12550003,0.9025697720128145 
12560004,0.8863988421245274 
12570022,0.8861054781706518 
12580008,0.8935394603168119 
12590008,0.911426318847626 
12600015,0.9055814261020718 
12610008,0.9141151951649321 
12620018,0.9132779624657876 
12630007,0.9041995728493906 
12640037,0.9008210055023993 
12650015,0.9174850922246911 
12660012,0.8986751544188334 
12670007,0.9057137112392591 
12680000,0.8946656878774146 
12690007,0.8909864886226602 
12700008,0.9024877421895621 
12710012,0.8825869991429088 
12720008,0.918126275293316 
12730002,0.8915773216517375 
12740003,0.8964987957033732 
12750001,0.8679668324349095 
12760011,0.9036104551588579 
12770014,0.856428582376894 
12780013,0.9043398596266148 
12790007,0.9102693604137196 
12800007,0.8960488047259619 
12810001,0.898688567704575 
12820015,0.9021559711910622 
12830023,0.8983456138378477 
12840012,0.9106437390821576 
12850024,0.8854376877162915 
12860020,0.8961827391240215 
12870038,0.8835887480417571 
12880020,0.9146510207514613 
12890024,0.9102649548490701 
12900046,0.9240225179662651 
12910011,0.8966414018429824 
12920001,0.871986663242842 
12930043,0.8947688139944626 
12940035,0.9001343457001034 
12950003,0.9016073893705472 
12960029,0.8799994999477188 
12970010,0.8802059528318109 
12980008,0.8914937842697859 
12990016,0.9125328052135836 
13000045,0.8948665758216502 
13010034,0.8949990706726372 
13020000,0.8928198216246124 
13030021,0.8971112775278882 
13040038,0.9004127851921969 
13050039,0.8889132868582147 
13060042,0.9020392728057387 
13070007,0.9009474427757372 
13080006,0.9142027696969689 
13090016,0.9186128738734238 
13100007,0.9067239708178557 
13110005,0.913322617099707 
13120003,0.9014647928926586 
13130002,0.8937277292416441 
13140001,0.9152066271763789 
13150002,0.9108859401051278 
13160018,0.8706067532976495 
13170002,0.8967272132589734 
13180041,0.9063477867989725 
13190008,0.8991811236916047 
13200013,0.907066930373583 
13210010,0.9175896231574381 
13220000,0.8956543559357851 
13230009,0.9340507384322384 
13240004,0.914354936422159 
13250015,0.893644413443502 
13260007,0.9017993888465401 
13270008,0.8748643813064696 
13280015,0.9162060468270217 
13290014,0.8858876842770482 
13300004,0.8937919842582204 
13310046,0.893295177449271 
13320027,0.8997773063972109 
13330014,0.9182213293968247 
13340002,0.8878934350008729 
13350020,0.9185242295517164 
13360012,0.8576670340148356 
13370011,0.8922279253282809 
13380004,0.920971774363302 
13390032,0.9162959541392578 
13400016,0.9014489129930306 
13410025,0.9058468619676915 
13420020,0.9200430666639107 
13430000,0.9093482518412686 
13440002,0.9313887669788637 
13450019,0.8925934288398127 
13460012,0.9052672278549811 
13470020,0.9086328196783211 
13480008,0.9158168564497389 
13490038,0.9284312516711287 
13500012,0.9086923101992741 
13510000,0.9089244102222986 
13520015,0.8864132860998185 
13530015,0.8907872741637448 
13540013,0.8804621149739223 
13550013,0.8887008989135837 
13560000,0.9058982745250683 
13570005,0.8961946506548661 
13580033,0.9102211380856395 
13590003,0.904929150385153 
13600048,0.9040103077339045 
13610027,0.9014827580942946 
13620005,0.8941334402163775 
13630002,0.9247179127300789 
13640004,0.9111698979403934 
13650003,0.8898051598375076 
13660006,0.9112058091547256 
13670000,0.9069505222892399 
13680027,0.89416830203529 
13690009,0.9128783595876205 
13700032,0.885503703318663 
13710021,0.9044903746942857 
13720002,0.9168155973950253 
13730006,0.8925518773518297 
13740020,0.9094069010818697 
13750005,0.9238760681230885 
13760012,0.9023760353754533 
13770001,0.9092977058250677 
13780001,0.8970919377721537 
13790016,0.8961844359262536 
13800010,0.9097567162664809 
13810009,0.9143269967505262 
13820018,0.9176702600444705 
13830006,0.9004792921323306 
13840007,0.9292923135726228 
13850014,0.9270851028691922 
13860008,0.8936585281706342 
13870009,0.894817733784671 
13880007,0.9092085716729271 
13890002,0.8747518902517836 
13900012,0.8957112454187018 
13910017,0.9096972232658438 
13920008,0.9172039573564219 
13930009,0.9272663001870901 
13940010,0.8950745960129352 
13950003,0.910236190142241 
13960038,0.8925021389642893 
13970010,0.8987449019524739 
13980001,0.8780665919055111 
13990026,0.876095897796395 
14000022,0.9081299730213714 
14010001,0.9042021126872054 
14020008,0.8980552192909741 
14030010,0.8944796900602281 
14040008,0.9209867800899558 
14050007,0.8949652918898596 
14060022,0.8846593098268594 
14070018,0.9165734402017857 
14080040,0.8940859653750362 
14090021,0.9036066093156415 
14100009,0.8840391649614934 
14110027,0.9152120085101094 
14120048,0.9063455504072513 
14130014,0.8953369973990614 
14140011,0.9105849098069231 
14150033,0.8993098005214469 
14160011,0.9159388685504768 
14170019,0.904672063442081 
14180000,0.916846828282889 
14190014,0.8959947855125618 
14200010,0.898915217394477 
14210015,0.9085566313066419 
14220004,0.9040206208578255 
14230031,0.9015805029776147 
14240000,0.8816604206818959 
14250006,0.9053430130607464 
14260006,0.8992907508193886 
14270011,0.8902639094751433 
14280022,0.9172204699978933 
14290035,0.9178786595103797 
14300023,0.8972916834410217 
14310014,0.8751986594392732 
14320008,0.9014832200964917 
14330000,0.9246250631494245 
14340021,0.9133208852731828 
14350011,0.8714770865633668 
14360006,0.9040114550434469 
14370035,0.8598433582236845 
14380014,0.8955546535711072 
14390004,0.8937566456179215 
14400011,0.9123860133388765 
14410001,0.9027222949165674 
14420021,0.8797766056391477 
14430001,0.9142376515516635 
14440008,0.8709759386879234 
14450013,0.8957483693259118 
14460015,0.8978914878695474 
14470025,0.9185930355903418 
14480047,0.9029052706348818 
14490043,0.8828176673378981 
14500032,0.9069850963498405 
14510049,0.9189996516867037 
14520042,0.9354563927247901 
14530010,0.8925539032882694 
14540023,0.8743629217833871 
14550019,0.8958693983900526 
14560016,0.9004112894024758 
14570036,0.9231781069700843 
14580022,0.9071734083442842 
14590002,0.8907356793445502 
14600003,0.9008418023620248 
14610001,0.8964427844940165 
14620037,0.9026051696208124 
14630001,0.9099885503860337 
14640040,0.9120642165820665 
14650034,0.9147387136184487 
14660008,0.9040100855610054 
14670006,0.914042782699772 
14680019,0.9082037567448314 
14690020,0.8934513732117532 
14700027,0.9132169594644002 
14710017,0.9111829888354781 
14720049,0.8926710670687251 
14730013,0.8984442283572462 
14740011,0.8881102782595636 
14750011,0.9091296933552002 
14760017,0.8856331905855651 
14770008,0.9114622282888537 
14780018,0.9101246550260772 
14790008,0.9097322220607946 
14800019,0.8814678353096591 
14810000,0.8997954564311071 
14820046,0.9303737460658033 
14830027,0.9023175707257234 
14840005,0.8984897076469326 
14850018,0.888247907781603 
14860045,0.882106046099896 
14870008,0.9164659943549571 
14880016,0.8942052689893714 
14890012,0.9135002846692223 
14900013,0.9070565641300874 
14910025,0.9187190906774794 
14920004,0.8867981888157327 
14930013,0.894738123975423 
14940008,0.9117233835059892 
14950009,0.900654557196564 
14960015,0.8780770709866956 
14970006,0.9066625487811348 
14980008,0.919490845088489 
14990025,0.9034352068988292 
15000001,0.905327813797157 
15010029,0.915589643323566 
15020008,0.9322647662606574 
15030012,0.9223406882823652 
15040007,0.905737611544301 
15050015,0.908369939312142 
15060011,0.9188790240998916 
15070012,0.8817402257704795 
15080021,0.9054667841201615 
15090012,0.9187723997252744 
15100007,0.8950382684656626 
15110033,0.8985570779218351 
15120005,0.9152328218097106 
15130001,0.901514121622543 
15140013,0.9041469660237353 
15150003,0.9026746705307077 
15160045,0.922454684723096 
15170014,0.9102773926791843 
15180008,0.9064839368793715 
15190025,0.9399899522284363 
15200029,0.8966361980243723 
