10000,0.0 
10000,0.005 
20000,0.00875 
20000,0.0075 
30000,0.00625 
30000,0.00375 
40000,0.005 
40000,0.00125 
50000,0.0025 
50000,0.00375 
60000,0.0025 
60000,0.01 
70000,0.00125 
70000,0.01 
80000,0.00875 
80000,0.00375 
90000,0.0125 
90000,0.00125 
100000,0.00625 
100000,0.00125 
110000,0.005 
110000,0.00375 
120000,0.00375 
120000,0.0025 
130000,0.00375 
130000,0.0075 
140000,0.01 
140000,0.00125 
150000,0.005 
150000,0.01 
160000,0.00125 
160000,0.0025 
170000,0.00625 
170000,0.005 
180000,0.00875 
180000,0.0025 
190000,0.0025 
190000,0.0025 
200000,0.0075 
200000,0.00625 
210000,0.00625 
210000,0.01125 
220000,0.005 
220000,0.00625 
230000,0.00375 
230000,0.0025 
240000,0.00625 
240000,0.00125 
250000,0.0075 
250000,0.00625 
260000,0.00625 
260000,0.00625 
270000,0.00875 
270000,0.0075 
280000,0.00625 
280000,0.00625 
290000,0.00375 
290000,0.00625 
300000,0.00875 
300000,0.01 
310000,0.00625 
310000,0.00625 
320000,0.00875 
320000,0.0075 
330000,0.0025 
330000,0.00125 
340000,0.00125 
340000,0.005 
350000,0.01125 
350000,0.0025 
360000,0.00625 
360000,0.00625 
370000,0.0025 
370000,0.0075 
380000,0.0125 
380000,0.00625 
390000,0.01125 
390000,0.00625 
400000,0.00875 
400000,0.00875 
410000,0.0075 
410000,0.01125 
420000,0.00625 
420000,0.01375 
430000,0.00625 
430000,0.00875 
440000,0.01 
440000,0.0075 
450000,0.0025 
450000,0.005 
460000,0.01125 
460000,0.00875 
470000,0.02125 
470000,0.0075 
480000,0.005 
480000,0.01375 
490000,0.01125 
490000,0.0075 
500000,0.00875 
500000,0.00875 
510000,0.0075 
510000,0.01125 
520000,0.00375 
520000,0.00625 
530000,0.00625 
530000,0.01125 
540000,0.005 
540000,0.005 
550000,0.005 
550000,0.00625 
560000,0.0075 
560000,0.01125 
570000,0.01375 
570000,0.015 
580000,0.0075 
580000,0.01 
590000,0.01 
590000,0.005 
600000,0.00875 
600000,0.015 
610000,0.00875 
610000,0.00625 
620000,0.0075 
620000,0.0075 
630000,0.00875 
630000,0.01125 
640000,0.0075 
640000,0.01 
650000,0.00875 
650000,0.00625 
660000,0.00625 
660000,0.00875 
670000,0.01 
670000,0.01 
680000,0.01 
680000,0.00875 
690000,0.00375 
690000,0.0075 
700000,0.00625 
700000,0.0125 
710000,0.0075 
710000,0.01125 
720000,0.0025 
720000,0.0125 
730000,0.005 
730000,0.0075 
740000,0.01 
740000,0.0125 
750000,0.00875 
750000,0.0075 
760000,0.015 
760000,0.02 
770000,0.015 
770000,0.0125 
780000,0.0225 
780000,0.01125 
790000,0.00875 
790000,0.0075 
800000,0.005 
800000,0.01 
810000,0.01125 
810000,0.01 
820000,0.005 
820000,0.01375 
830000,0.01375 
830000,0.01375 
840000,0.0125 
840000,0.01375 
850000,0.00875 
850000,0.0175 
860000,0.00625 
860000,0.00875 
870000,0.00625 
870000,0.0125 
880000,0.01375 
880000,0.01 
890000,0.01 
890000,0.01625 
900000,0.01375 
900000,0.0125 
910000,0.00875 
910000,0.00875 
920000,0.01 
920000,0.01125 
930000,0.01 
930000,0.01125 
940000,0.0125 
940000,0.0125 
950000,0.00875 
950000,0.01625 
960000,0.015 
960000,0.01625 
970000,0.01375 
970000,0.01375 
980000,0.01 
980000,0.01625 
990000,0.0125 
990000,0.0075 
1000000,0.0075 
1000000,0.015 
1010000,0.00875 
1010000,0.01875 
1020000,0.01125 
1020000,0.01375 
1030000,0.01625 
1030000,0.0125 
1040000,0.01 
1040000,0.01 
1050000,0.01 
1050000,0.015 
1060000,0.01125 
1060000,0.00875 
1070000,0.0075 
1070000,0.01625 
1080000,0.01 
1080000,0.01 
1090000,0.01 
1090000,0.02125 
1100000,0.00375 
1100000,0.01375 
1110000,0.0175 
1110000,0.015 
1120000,0.01125 
1120000,0.00375 
1130000,0.0175 
1130000,0.01625 
1140000,0.015 
1140000,0.02375 
1150000,0.015 
1150000,0.01375 
1160000,0.00375 
1160000,0.01375 
1170000,0.01625 
1170000,0.015 
1180000,0.01625 
1180000,0.01375 
1190000,0.01 
1190000,0.02375 
1200000,0.01125 
1200000,0.0125 
1210000,0.015 
1210000,0.01875 
1220000,0.0175 
1220000,0.01 
1230000,0.01875 
1230000,0.0175 
1240000,0.01875 
1240000,0.01625 
1250000,0.01375 
1250000,0.01 
1260000,0.015 
1260000,0.0175 
1270000,0.01375 
1270000,0.02 
1280000,0.01625 
1280000,0.02125 
1290000,0.0125 
1290000,0.01625 
1300000,0.01125 
1300000,0.02 
1310000,0.02 
1310000,0.01125 
1320000,0.01125 
1320000,0.01875 
1330000,0.0125 
1330000,0.02125 
1340000,0.02375 
1340000,0.0175 
1350000,0.01125 
1350000,0.0275 
1360000,0.02 
1360000,0.00625 
1370000,0.02 
1370000,0.01375 
1380000,0.01875 
1380000,0.01875 
1390000,0.015 
1390000,0.02375 
1400000,0.0175 
1400000,0.03125 
1410000,0.01625 
1410000,0.015 
1420000,0.01125 
1420000,0.03 
1430000,0.0175 
1430000,0.02375 
1440000,0.01375 
1440000,0.0225 
1450000,0.02 
1450000,0.02625 
1460000,0.0175 
1460000,0.025 
1470000,0.0175 
1470000,0.02125 
1480000,0.02 
1480000,0.02625 
1490000,0.02125 
1490000,0.01875 
1500000,0.0075 
1500000,0.02375 
1510000,0.02625 
1510000,0.02875 
1520000,0.025 
1520000,0.01375 
1530000,0.02 
1530000,0.02875 
1540000,0.02375 
1540000,0.02 
1550000,0.02 
1550000,0.01625 
1560000,0.02125 
1560000,0.0175 
1570000,0.01875 
1570000,0.03375 
1580000,0.015 
1580000,0.01625 
1590000,0.02125 
1590000,0.02125 
1600000,0.0225 
1600000,0.03 
1610000,0.015 
1610000,0.02 
1620000,0.02375 
1620000,0.02375 
1630000,0.02625 
1630000,0.01625 
1640000,0.02875 
1640000,0.0275 
1650000,0.0325 
1650000,0.0275 
1660000,0.02 
1660000,0.01625 
1670000,0.01875 
1670000,0.025 
1680000,0.015 
1680000,0.02 
1690000,0.01875 
1690000,0.02375 
1700000,0.02 
1700000,0.01375 
1710000,0.01875 
1710000,0.03 
1720000,0.01875 
1720000,0.0225 
1730000,0.0225 
1730000,0.02 
1740000,0.0175 
1740000,0.02625 
1750000,0.02125 
1750000,0.02125 
1760000,0.02125 
1760000,0.02125 
1770000,0.01 
1770000,0.01875 
1780000,0.01625 
1780000,0.02125 
1790000,0.01875 
1790000,0.02625 
1800000,0.02375 
1800000,0.01875 
1810000,0.02375 
1810000,0.03375 
1820000,0.03 
1820000,0.0375 
1830000,0.02125 
1830000,0.02 
1840000,0.01875 
1840000,0.0275 
1850000,0.02375 
1850000,0.01875 
1860000,0.01875 
1860000,0.03125 
1870000,0.03 
1870000,0.02875 
1880000,0.02375 
1880000,0.015 
1890000,0.01875 
1890000,0.02 
1900000,0.02375 
1900000,0.02875 
1910000,0.02625 
1910000,0.025 
1920000,0.02375 
1920000,0.02375 
1930000,0.02 
1930000,0.02 
1940000,0.0225 
1940000,0.02 
1950000,0.01625 
1950000,0.0125 
1960000,0.03 
1960000,0.01875 
1970000,0.025 
1970000,0.01375 
1980000,0.0175 
1980000,0.01875 
1990000,0.0275 
1990000,0.02375 
2000000,0.025 
2000000,0.02375 
2010000,0.02375 
2010000,0.025 
2020000,0.02375 
2020000,0.025 
2030000,0.0175 
2030000,0.0175 
2040000,0.035 
2040000,0.03 
2050000,0.02125 
2050000,0.02375 
2060000,0.0225 
2060000,0.02375 
2070000,0.02 
2070000,0.02625 
2080000,0.0125 
2080000,0.02625 
2090000,0.02625 
2090000,0.025 
2100000,0.0275 
2100000,0.0175 
2110000,0.015 
2110000,0.03125 
2120000,0.0275 
2120000,0.0225 
2130000,0.0325 
2130000,0.02375 
2140000,0.02625 
2140000,0.0275 
2150000,0.025 
2150000,0.0175 
2160000,0.0175 
2160000,0.02375 
2170000,0.02375 
2170000,0.02 
2180000,0.0275 
2180000,0.03 
2190000,0.03125 
2190000,0.0225 
2200000,0.02125 
2200000,0.01625 
2210000,0.0175 
2210000,0.0225 
2220000,0.02125 
2220000,0.01625 
2230000,0.01125 
2230000,0.0275 
2240000,0.02125 
2240000,0.025 
2250000,0.01875 
2250000,0.02875 
2260000,0.01875 
2260000,0.03 
2270000,0.02125 
2270000,0.03 
2280000,0.0175 
2280000,0.02625 
2290000,0.02125 
2290000,0.02125 
2300000,0.02375 
2300000,0.025 
2310000,0.01875 
2310000,0.03 
2320000,0.0275 
2320000,0.02375 
2330000,0.02875 
2330000,0.02125 
2340000,0.02875 
2340000,0.02625 
2350000,0.02125 
2350000,0.0225 
2360000,0.0175 
2360000,0.02 
2370000,0.01875 
2370000,0.01625 
2380000,0.02 
2380000,0.01875 
2390000,0.02875 
2390000,0.025 
2400000,0.025 
2400000,0.03375 
2410000,0.0275 
2410000,0.03375 
2420000,0.03625 
2420000,0.02125 
2430000,0.02375 
2430000,0.03 
2440000,0.02375 
2440000,0.02375 
2450000,0.00875 
2450000,0.02 
2460000,0.02125 
2460000,0.01875 
2470000,0.02875 
2470000,0.02375 
2480000,0.0225 
2480000,0.0225 
2490000,0.0225 
2490000,0.0325 
2500000,0.02625 
2500000,0.025 
2510000,0.02625 
2510000,0.02125 
2520000,0.02375 
2520000,0.01875 
2530000,0.0325 
2530000,0.0275 
2540000,0.02375 
2540000,0.0225 
2550000,0.02375 
2550000,0.02 
2560000,0.04125 
2560000,0.02375 
2570000,0.02125 
2570000,0.02625 
2580000,0.025 
2580000,0.01875 
2590000,0.03 
2590000,0.03 
2600000,0.02375 
2600000,0.035 
2610000,0.02375 
2610000,0.02 
2620000,0.025 
2620000,0.0325 
2630000,0.01125 
2630000,0.01875 
2640000,0.03 
2640000,0.03125 
2650000,0.02625 
2650000,0.0225 
2660000,0.025 
2660000,0.025 
2670000,0.02375 
2670000,0.02125 
2680000,0.02875 
2680000,0.02625 
2690000,0.0275 
2690000,0.025 
2700000,0.01875 
2700000,0.02125 
2710000,0.02875 
2710000,0.0225 
2720000,0.02875 
2720000,0.03 
2730000,0.025 
2730000,0.02625 
2740000,0.02625 
2740000,0.02125 
2750000,0.01875 
2750000,0.0325 
2760000,0.0225 
2760000,0.0225 
2770000,0.025 
2770000,0.0275 
2780000,0.02 
2780000,0.025 
2790000,0.02875 
2790000,0.03125 
2800000,0.03 
2800000,0.035 
2810000,0.02625 
2810000,0.03 
2820000,0.02875 
2820000,0.0175 
2830000,0.03125 
2830000,0.02625 
2840000,0.02125 
2840000,0.02875 
2850000,0.025 
2850000,0.02625 
2860000,0.025 
2860000,0.02625 
2870000,0.02125 
2870000,0.03375 
2880000,0.0225 
2880000,0.0275 
2890000,0.0225 
2890000,0.03125 
2900000,0.025 
2900000,0.025 
2910000,0.03375 
2910000,0.02375 
2920000,0.02625 
2920000,0.035 
2930000,0.03375 
2930000,0.015 
2940000,0.0225 
2940000,0.02625 
2950000,0.0225 
2950000,0.03125 
2960000,0.02375 
2960000,0.0275 
2970000,0.03 
2970000,0.02625 
2980000,0.03375 
2980000,0.0275 
2990000,0.03 
2990000,0.02625 
3000000,0.01875 
3000000,0.0225 
3010000,0.02625 
3010000,0.0325 
3020000,0.02375 
3020000,0.0275 
3030000,0.02 
3030000,0.045 
3040000,0.02375 
3040000,0.03375 
3050000,0.02125 
3050000,0.02625 
3060000,0.015 
3060000,0.025 
3070000,0.02 
3070000,0.025 
3080000,0.0225 
3080000,0.03375 
3090000,0.02625 
3090000,0.02375 
3100000,0.0225 
3100000,0.02125 
3110000,0.03375 
3110000,0.03 
3120000,0.03375 
3120000,0.025 
3130000,0.01625 
3130000,0.035 
3140000,0.0125 
3140000,0.03125 
3150000,0.02875 
3150000,0.025 
3160000,0.02 
3160000,0.035 
3170000,0.02125 
3170000,0.0325 
3180000,0.01625 
3180000,0.0275 
3190000,0.0125 
3190000,0.0325 
3200000,0.02625 
3200000,0.0325 
3210000,0.0225 
3210000,0.03125 
3220000,0.03 
3220000,0.0425 
3230000,0.02 
3230000,0.03125 
3240000,0.02875 
3240000,0.02625 
3250000,0.0175 
3250000,0.0225 
3260000,0.03125 
3260000,0.03125 
3270000,0.02125 
3270000,0.025 
3280000,0.02625 
3280000,0.0375 
3290000,0.01875 
3290000,0.0275 
3300000,0.02 
3300000,0.02625 
3310000,0.025 
3310000,0.0225 
3320000,0.02125 
3320000,0.03625 
3330000,0.0275 
3330000,0.03125 
3340000,0.0225 
3340000,0.03875 
3350000,0.025 
3350000,0.03625 
3360000,0.02875 
3360000,0.0225 
3370000,0.0225 
3370000,0.0375 
3380000,0.02 
3380000,0.03375 
3390000,0.0275 
3390000,0.04125 
3400000,0.03375 
3400000,0.0375 
3410000,0.01875 
3410000,0.035 
3420000,0.0225 
3420000,0.02625 
3430000,0.0275 
3430000,0.03625 
3440000,0.03 
3440000,0.035 
3450000,0.02625 
3450000,0.03375 
3460000,0.02625 
3460000,0.02125 
3470000,0.025 
3470000,0.03125 
3480000,0.01625 
3480000,0.04 
3490000,0.02125 
3490000,0.0325 
3500000,0.02625 
3500000,0.035 
3510000,0.02125 
3510000,0.035 
3520000,0.02375 
3520000,0.03 
3530000,0.03125 
3530000,0.03875 
3540000,0.01875 
3540000,0.0425 
3550000,0.02125 
3550000,0.03125 
3560000,0.0225 
3560000,0.04875 
3570000,0.0225 
3570000,0.03125 
3580000,0.02875 
3580000,0.0375 
3590000,0.0275 
3590000,0.0275 
3600000,0.0275 
3600000,0.03125 
3610000,0.03125 
3610000,0.03375 
3620000,0.03 
3620000,0.04875 
3630000,0.0225 
3630000,0.0275 
3640000,0.0225 
3640000,0.03625 
3650000,0.0325 
3650000,0.02625 
3660000,0.0225 
3660000,0.04125 
3670000,0.0275 
3670000,0.0325 
3680000,0.035 
3680000,0.0425 
3690000,0.03125 
3690000,0.03375 
3700000,0.02625 
3700000,0.0475 
3710000,0.03 
3710000,0.045 
3720000,0.03625 
3720000,0.03375 
3730000,0.0325 
3730000,0.035 
3740000,0.03125 
3740000,0.02375 
3750000,0.0175 
3750000,0.03375 
3760000,0.0225 
3760000,0.03875 
3770000,0.0275 
3770000,0.04 
3780000,0.015 
3780000,0.03125 
3790000,0.02875 
3790000,0.04 
3800000,0.0225 
3800000,0.03875 
3810000,0.03125 
3810000,0.0375 
3820000,0.02375 
3820000,0.0325 
3830000,0.02875 
3830000,0.0325 
3840000,0.035 
3840000,0.0375 
3850000,0.02625 
3850000,0.03 
3860000,0.03375 
3860000,0.0525 
3870000,0.03625 
3870000,0.05 
3880000,0.0275 
3880000,0.0575 
3890000,0.04125 
3890000,0.04125 
3900000,0.0325 
3900000,0.0325 
3910000,0.035 
3910000,0.03625 
3920000,0.02125 
3920000,0.03125 
3930000,0.025 
3930000,0.03125 
3940000,0.025 
3940000,0.0275 
3950000,0.02 
3950000,0.04 
3960000,0.0325 
3960000,0.03875 
3970000,0.025 
3970000,0.04 
3980000,0.02125 
3980000,0.04625 
3990000,0.02 
3990000,0.0425 
4000000,0.02625 
4000000,0.0325 
4010000,0.0275 
4010000,0.03375 
4020000,0.0275 
4020000,0.03875 
4030000,0.035 
4030000,0.045 
4040000,0.0225 
4040000,0.04375 
4050000,0.02875 
4050000,0.05375 
4060000,0.0175 
4060000,0.06 
4070000,0.03125 
4070000,0.0425 
4080000,0.03 
4080000,0.045 
4090000,0.0375 
4090000,0.02625 
4100000,0.02875 
4100000,0.0425 
4110000,0.025 
4110000,0.04375 
4120000,0.03 
4120000,0.035 
4130000,0.02125 
4130000,0.055 
4140000,0.025 
4140000,0.0475 
4150000,0.02625 
4150000,0.04125 
4160000,0.02625 
4160000,0.0475 
4170000,0.03375 
4170000,0.0425 
4180000,0.03375 
4180000,0.03125 
4190000,0.035 
4190000,0.045 
4200000,0.03625 
4200000,0.04125 
4210000,0.025 
4210000,0.05125 
4220000,0.02125 
4220000,0.0475 
4230000,0.04 
4230000,0.045 
4240000,0.02625 
4240000,0.06625 
4250000,0.0275 
4250000,0.04625 
4260000,0.02 
4260000,0.05375 
4270000,0.02625 
4270000,0.0575 
4280000,0.03875 
4280000,0.05625 
4290000,0.025 
4290000,0.0525 
4300000,0.03375 
4300000,0.05125 
4310000,0.02375 
4310000,0.06875 
4320000,0.02875 
4320000,0.06 
4330000,0.02875 
4330000,0.07875 
4340000,0.02625 
4340000,0.06625 
4350000,0.025 
4350000,0.06125 
4360000,0.03625 
4360000,0.06125 
4370000,0.03125 
4370000,0.06 
4380000,0.03 
4380000,0.0725 
4390000,0.03375 
4390000,0.06 
4400000,0.03125 
4400000,0.07125 
4410000,0.0225 
4410000,0.06625 
4420000,0.0225 
4420000,0.06625 
4430000,0.0275 
4430000,0.0575 
4440000,0.0375 
4440000,0.08375 
4450000,0.02125 
4450000,0.06375 
4460000,0.02875 
4460000,0.07375 
4470000,0.02625 
4470000,0.0675 
4480000,0.03625 
4480000,0.075 
4490000,0.035 
4490000,0.07375 
4500000,0.02625 
4500000,0.09 
4510000,0.02875 
4510000,0.08625 
4520000,0.02875 
4520000,0.0775 
4530000,0.02 
4530000,0.08625 
4540000,0.03625 
4540000,0.08375 
4550000,0.015 
4550000,0.08 
4560000,0.02625 
4560000,0.0675 
4570000,0.02625 
4570000,0.08375 
4580000,0.02625 
4580000,0.0825 
4590000,0.0425 
4590000,0.08 
4600000,0.03375 
4600000,0.10625 
4610000,0.0275 
4610000,0.1025 
4620000,0.02375 
4620000,0.095 
4630000,0.02375 
4630000,0.08875 
4640000,0.01625 
4640000,0.09375 
4650000,0.04 
4650000,0.10625 
4660000,0.03375 
4660000,0.10625 
4670000,0.0375 
4670000,0.1075 
4680000,0.03125 
4680000,0.10125 
4690000,0.02875 
4690000,0.12625 
4700000,0.03125 
4700000,0.11125 
4710000,0.0325 
4710000,0.11375 
4720000,0.035 
4720000,0.1325 
4730000,0.04 
4730000,0.13625 
4740000,0.04125 
4740000,0.1425 
4750000,0.0275 
4750000,0.13875 
4760000,0.03375 
4760000,0.125 
4770000,0.0325 
4770000,0.145 
4780000,0.01875 
4780000,0.155 
4790000,0.0075 
4790000,0.15 
4800000,0.0275 
4800000,0.14 
4810000,0.03125 
4810000,0.14875 
4820000,0.0275 
4820000,0.16375 
4830000,0.025 
4830000,0.16125 
4840000,0.02375 
4840000,0.1625 
4850000,0.035 
4850000,0.17 
4860000,0.03625 
4860000,0.1575 
4870000,0.02375 
4870000,0.1675 
4880000,0.04125 
4880000,0.185 
4890000,0.03125 
4890000,0.18625 
4900000,0.0275 
4900000,0.17 
4910000,0.035 
4910000,0.17375 
4920000,0.01875 
4920000,0.17875 
4930000,0.02875 
4930000,0.1675 
4940000,0.03 
4950000,0.02625 
4940000,0.19625 
4950000,0.17875 
4960000,0.03125 
4970000,0.03 
4960000,0.1975 
4980000,0.0325 
4970000,0.18 
4990000,0.0225 
4980000,0.19 
5000000,0.03875 
4990000,0.19 
5000000,0.18625 
5010000,0.02625 
5010000,0.185 
5020000,0.0275 
5030000,0.03125 
5020000,0.19625 
5030000,0.1925 
5040000,0.02875 
5050000,0.02875 
5040000,0.185 
5050000,0.18625 
5060000,0.025 
5070000,0.02125 
5060000,0.19625 
5080000,0.03125 
5070000,0.1875 
5090000,0.025 
5080000,0.19625 
5100000,0.02875 
5090000,0.18625 
5110000,0.03 
5100000,0.195 
5120000,0.0275 
5110000,0.1975 
5130000,0.03 
5120000,0.1925 
5140000,0.0425 
5130000,0.1925 
5150000,0.03375 
5140000,0.18875 
5160000,0.025 
5150000,0.19 
5170000,0.02375 
5160000,0.19 
5180000,0.02625 
5170000,0.18875 
5190000,0.03125 
5180000,0.19125 
5200000,0.02875 
5190000,0.19375 
5210000,0.025 
5200000,0.20375 
5220000,0.02625 
5210000,0.195 
5230000,0.02625 
5220000,0.195 
5240000,0.03375 
5230000,0.20375 
5250000,0.02875 
5240000,0.19375 
5260000,0.02375 
5250000,0.1875 
5270000,0.02125 
5260000,0.19 
5280000,0.03375 
5270000,0.205 
5290000,0.0325 
5280000,0.1925 
5300000,0.04625 
5290000,0.19625 
5310000,0.02875 
5300000,0.19125 
5320000,0.03 
5310000,0.195 
5330000,0.02375 
5320000,0.18625 
5340000,0.03125 
5330000,0.18375 
5350000,0.01875 
5340000,0.18875 
5360000,0.03 
5350000,0.195 
5370000,0.035 
5360000,0.1925 
5380000,0.02875 
5370000,0.19 
5390000,0.0175 
5380000,0.1975 
5400000,0.0375 
5390000,0.1925 
5410000,0.04 
5400000,0.19125 
5420000,0.02375 
5410000,0.18375 
5430000,0.0275 
5420000,0.19875 
5440000,0.03875 
5430000,0.195 
5450000,0.03125 
5440000,0.20375 
5460000,0.02625 
5450000,0.19375 
5470000,0.03875 
5460000,0.18875 
5480000,0.04 
5470000,0.19375 
5490000,0.03125 
5480000,0.17625 
5500000,0.0325 
5490000,0.195 
5510000,0.0325 
5500000,0.19375 
5520000,0.02125 
5510000,0.18375 
5530000,0.0375 
5520000,0.17875 
5540000,0.04125 
5530000,0.1775 
5550000,0.04 
5540000,0.19875 
5560000,0.02875 
5550000,0.19375 
5570000,0.04625 
5560000,0.18375 
5580000,0.04375 
5570000,0.17625 
5590000,0.035 
5580000,0.185 
5600000,0.0475 
5590000,0.18375 
5610000,0.04625 
5600000,0.1925 
5620000,0.0475 
5610000,0.18125 
5630000,0.04125 
5620000,0.20375 
5640000,0.04 
5630000,0.16875 
5650000,0.04375 
5640000,0.1975 
5660000,0.035 
5650000,0.19125 
5670000,0.0375 
5660000,0.17875 
5680000,0.05125 
5670000,0.1925 
5690000,0.035 
5680000,0.17875 
5700000,0.0475 
5690000,0.1975 
5710000,0.04875 
5700000,0.19 
5720000,0.0425 
5710000,0.19 
5730000,0.0325 
5720000,0.1925 
5740000,0.0325 
5730000,0.1675 
5750000,0.05125 
5740000,0.18125 
5760000,0.035 
5750000,0.1825 
5770000,0.0425 
5760000,0.16125 
5780000,0.04375 
5770000,0.18625 
5790000,0.0425 
5780000,0.185 
5800000,0.0375 
5790000,0.1775 
5810000,0.03875 
5800000,0.18875 
5820000,0.04125 
5810000,0.1725 
5830000,0.05125 
5820000,0.1825 
5840000,0.05125 
5830000,0.18625 
5850000,0.05625 
5840000,0.19875 
5860000,0.05375 
5850000,0.18375 
5870000,0.0425 
5860000,0.1725 
5880000,0.03625 
5870000,0.18125 
5890000,0.04875 
5880000,0.17625 
5900000,0.03375 
5890000,0.1675 
5910000,0.045 
5900000,0.1725 
5920000,0.04125 
5910000,0.17875 
5930000,0.0425 
5920000,0.15875 
5940000,0.04375 
5930000,0.175 
5950000,0.045 
5940000,0.19 
5960000,0.0475 
5950000,0.175 
5970000,0.03125 
5960000,0.19625 
5980000,0.04625 
5970000,0.17875 
5990000,0.03875 
5980000,0.17125 
6000000,0.05875 
5990000,0.18125 
6010000,0.04 
6000000,0.17625 
6020000,0.04875 
6010000,0.1775 
6030000,0.04625 
6020000,0.16875 
6040000,0.05625 
6030000,0.18625 
6050000,0.065 
6040000,0.16125 
6060000,0.05875 
6050000,0.17 
6070000,0.04125 
6060000,0.17875 
6080000,0.0475 
6070000,0.17625 
6090000,0.06125 
6080000,0.17625 
6100000,0.0625 
6090000,0.195 
6110000,0.07125 
6100000,0.1825 
6120000,0.07375 
6110000,0.18375 
6130000,0.0525 
6120000,0.17625 
6140000,0.055 
6130000,0.1775 
6150000,0.0675 
6140000,0.185 
6160000,0.06625 
6150000,0.18625 
6170000,0.05625 
6160000,0.19125 
6180000,0.0825 
6170000,0.2 
6190000,0.05375 
6180000,0.19625 
6200000,0.05625 
6190000,0.1675 
6210000,0.07375 
6200000,0.19 
6220000,0.06625 
6210000,0.18625 
6230000,0.065 
6220000,0.17125 
6240000,0.0775 
6230000,0.1775 
6250000,0.06875 
6240000,0.1925 
6260000,0.07125 
6250000,0.1825 
6270000,0.08625 
6260000,0.18875 
6280000,0.065 
6270000,0.19 
6290000,0.08125 
6280000,0.19 
6300000,0.075 
6290000,0.18375 
6310000,0.07375 
6300000,0.18125 
6320000,0.07625 
6310000,0.18125 
6330000,0.0925 
6320000,0.18 
6340000,0.07125 
6330000,0.18375 
6350000,0.075 
6340000,0.195 
6360000,0.08125 
6350000,0.1975 
6370000,0.09125 
6360000,0.19 
6380000,0.0875 
6370000,0.19125 
6390000,0.09125 
6380000,0.19625 
6400000,0.08875 
6390000,0.19125 
6410000,0.085 
6400000,0.18875 
6420000,0.08875 
6410000,0.195 
6430000,0.095 
6420000,0.19375 
6440000,0.085 
6430000,0.19875 
6450000,0.09125 
6440000,0.1925 
6460000,0.08125 
6450000,0.2025 
6470000,0.09625 
6460000,0.18125 
6480000,0.12375 
6470000,0.1975 
6490000,0.08875 
6480000,0.185 
6500000,0.0925 
6490000,0.185 
6510000,0.1075 
6500000,0.2075 
6520000,0.12125 
6510000,0.1925 
6530000,0.105 
6520000,0.19375 
6540000,0.115 
6530000,0.19875 
6550000,0.115 
6540000,0.18375 
6560000,0.12125 
6550000,0.19625 
6570000,0.125 
6560000,0.18125 
6580000,0.11875 
6570000,0.19 
6590000,0.1125 
6580000,0.20625 
6600000,0.115 
6590000,0.195 
6610000,0.11875 
6600000,0.19625 
6620000,0.1275 
6610000,0.205 
6630000,0.125 
6620000,0.1975 
6640000,0.13 
6630000,0.1975 
6650000,0.13625 
6640000,0.19375 
6660000,0.15125 
6650000,0.20125 
6670000,0.15125 
6660000,0.1925 
6680000,0.155 
6670000,0.19125 
6690000,0.1475 
6680000,0.205 
6700000,0.14875 
6690000,0.19375 
6710000,0.14875 
6700000,0.18875 
6720000,0.1325 
6710000,0.19875 
6730000,0.1575 
6720000,0.18625 
6740000,0.1475 
6730000,0.185 
6750000,0.15875 
6740000,0.19875 
6760000,0.1525 
6750000,0.17625 
6770000,0.1525 
6760000,0.1875 
6780000,0.17125 
6770000,0.2 
6790000,0.17 
6780000,0.19125 
6800000,0.16875 
6790000,0.2025 
6810000,0.16875 
6800000,0.20125 
6820000,0.17125 
6810000,0.21 
6830000,0.1825 
6820000,0.2 
6840000,0.19375 
6830000,0.2025 
6850000,0.19375 
6840000,0.20125 
6860000,0.19 
6850000,0.195 
6870000,0.19375 
6860000,0.205 
6880000,0.2 
6870000,0.20875 
6890000,0.18625 
6880000,0.19 
6900000,0.19 
6890000,0.19875 
6910000,0.20125 
6900000,0.1825 
6920000,0.205 
6910000,0.19 
6930000,0.1975 
6920000,0.21 
6940000,0.19875 
6930000,0.195 
6950000,0.19 
6940000,0.1825 
6960000,0.17625 
6950000,0.20625 
6970000,0.195 
6960000,0.19875 
6980000,0.185 
6970000,0.1875 
6990000,0.17875 
6980000,0.20125 
7000000,0.18875 
6990000,0.2025 
7010000,0.19625 
7000000,0.2 
7020000,0.19875 
7010000,0.17875 
7030000,0.185 
7020000,0.195 
7040000,0.1875 
7030000,0.21 
7050000,0.20125 
7040000,0.195 
7060000,0.20625 
7050000,0.19 
7070000,0.1825 
7060000,0.20125 
7080000,0.19625 
7070000,0.21125 
7090000,0.19375 
7080000,0.2025 
7100000,0.19375 
7090000,0.195 
7110000,0.18625 
7100000,0.18375 
7120000,0.18875 
7110000,0.20125 
7130000,0.19 
7120000,0.20875 
7140000,0.19125 
7130000,0.20125 
7150000,0.19375 
7140000,0.195 
7160000,0.205 
7150000,0.205 
7170000,0.2 
7160000,0.205 
7180000,0.1775 
7170000,0.2025 
7190000,0.20125 
7180000,0.18625 
7200000,0.18125 
7190000,0.1825 
7210000,0.195 
7200000,0.1975 
7220000,0.17375 
7210000,0.19625 
7230000,0.195 
7220000,0.19875 
7240000,0.185 
7230000,0.2 
7250000,0.19125 
7240000,0.195 
7260000,0.2 
7250000,0.19625 
7270000,0.1875 
7260000,0.1975 
7280000,0.20125 
7270000,0.2075 
7290000,0.1925 
7280000,0.18375 
7300000,0.19625 
7290000,0.18625 
7310000,0.19625 
7300000,0.19125 
7320000,0.19 
7310000,0.1875 
7330000,0.18375 
7320000,0.185 
7340000,0.19 
7330000,0.185 
7350000,0.19875 
7340000,0.2025 
7360000,0.1925 
7350000,0.205 
7370000,0.19875 
7360000,0.195 
7380000,0.18625 
7370000,0.19875 
7390000,0.19125 
7380000,0.185 
7400000,0.2 
7390000,0.1975 
7410000,0.20625 
7400000,0.185 
7420000,0.19125 
7410000,0.20875 
7430000,0.19875 
7420000,0.205 
7440000,0.1825 
7430000,0.195 
7450000,0.195 
7440000,0.2 
7460000,0.1875 
7450000,0.1875 
7470000,0.1975 
7460000,0.19375 
7480000,0.20125 
7470000,0.18875 
7490000,0.18875 
7480000,0.2025 
7500000,0.2075 
7490000,0.185 
7510000,0.21125 
7500000,0.1925 
7520000,0.1875 
7510000,0.185 
7530000,0.18375 
7520000,0.19875 
7540000,0.19875 
7530000,0.21 
7550000,0.19375 
7540000,0.185 
7560000,0.2025 
7550000,0.2025 
7570000,0.18625 
7560000,0.20125 
7580000,0.18875 
7570000,0.1975 
7590000,0.21125 
7580000,0.18625 
7600000,0.18625 
7590000,0.1875 
7610000,0.18875 
7600000,0.18625 
7620000,0.195 
7610000,0.19625 
7630000,0.20375 
7620000,0.18 
7640000,0.20875 
7630000,0.18375 
7650000,0.18375 
7640000,0.19625 
7660000,0.19875 
7650000,0.18625 
7670000,0.205 
7660000,0.20625 
7680000,0.2 
7670000,0.20875 
7690000,0.1875 
7680000,0.19625 
7700000,0.195 
7690000,0.195 
7710000,0.19 
7700000,0.2 
7720000,0.2025 
7710000,0.18875 
7730000,0.18625 
7720000,0.17875 
7740000,0.19125 
7730000,0.1925 
7750000,0.19 
7740000,0.18625 
7760000,0.19375 
7750000,0.1875 
7770000,0.19375 
7760000,0.195 
7780000,0.18625 
7770000,0.17875 
7790000,0.1875 
7780000,0.20625 
7800000,0.19875 
7790000,0.1775 
7810000,0.2 
7800000,0.20375 
7820000,0.18 
7810000,0.19375 
7830000,0.19625 
7820000,0.19125 
7840000,0.2 
7830000,0.18875 
7850000,0.19125 
7840000,0.185 
7860000,0.185 
7850000,0.2 
7870000,0.205 
7860000,0.18375 
7880000,0.19 
7870000,0.19125 
7890000,0.18125 
7880000,0.18375 
7900000,0.19625 
7890000,0.18625 
7910000,0.185 
7900000,0.17875 
7920000,0.1925 
7910000,0.185 
7930000,0.19125 
7920000,0.1875 
7940000,0.19375 
7930000,0.1875 
7950000,0.17625 
7940000,0.2 
7960000,0.18125 
7950000,0.1875 
7970000,0.16375 
7960000,0.1825 
7980000,0.185 
7970000,0.18625 
7990000,0.18875 
7980000,0.185 
8000000,0.2 
7990000,0.20875 
8010000,0.1825 
8000000,0.18875 
8020000,0.19375 
8010000,0.18375 
8030000,0.1875 
8020000,0.19625 
8040000,0.1875 
8030000,0.1875 
8050000,0.18375 
8040000,0.2025 
8060000,0.1875 
8050000,0.18375 
8070000,0.18 
8060000,0.2025 
8080000,0.1825 
8070000,0.20125 
8090000,0.19625 
8080000,0.1825 
8100000,0.1875 
8090000,0.20375 
8110000,0.17625 
8100000,0.19 
8120000,0.19125 
8110000,0.19 
8130000,0.19375 
8120000,0.2 
8140000,0.19625 
8130000,0.19625 
8150000,0.17 
8140000,0.1925 
8160000,0.20625 
8150000,0.18125 
8170000,0.185 
8160000,0.195 
8180000,0.19375 
8170000,0.20625 
8190000,0.2 
8180000,0.2075 
8200000,0.19375 
8190000,0.17875 
8210000,0.19375 
8200000,0.18625 
8220000,0.20375 
8210000,0.2 
8230000,0.205 
8220000,0.20125 
8240000,0.19125 
8230000,0.19125 
8250000,0.19125 
8240000,0.18625 
8260000,0.1925 
8250000,0.19625 
8270000,0.1825 
8260000,0.21125 
8280000,0.18875 
8270000,0.19375 
8290000,0.20625 
8280000,0.19875 
8300000,0.17375 
8290000,0.19125 
8310000,0.195 
8300000,0.195 
8320000,0.19375 
8310000,0.1725 
8330000,0.1825 
8320000,0.1925 
8340000,0.215 
8330000,0.18875 
8350000,0.21 
8340000,0.195 
8360000,0.185 
8350000,0.2 
8370000,0.20125 
8360000,0.19125 
8380000,0.20125 
8370000,0.18875 
8390000,0.18625 
8380000,0.18625 
8400000,0.1875 
8390000,0.185 
8410000,0.195 
8400000,0.1825 
8420000,0.18 
8410000,0.18375 
8430000,0.195 
8420000,0.18375 
8440000,0.2025 
8430000,0.185 
8450000,0.19875 
8440000,0.18625 
8460000,0.18875 
8450000,0.17625 
8470000,0.18125 
8460000,0.19625 
8480000,0.2075 
8470000,0.19 
8490000,0.18625 
8480000,0.185 
8500000,0.20375 
8490000,0.19375 
8510000,0.19125 
8500000,0.19125 
8520000,0.19625 
8510000,0.18875 
8530000,0.20375 
8520000,0.18875 
8540000,0.1925 
8530000,0.19875 
8550000,0.20125 
8540000,0.19875 
8560000,0.2 
8550000,0.20375 
8570000,0.185 
8560000,0.1875 
8580000,0.19625 
8570000,0.18875 
8590000,0.1975 
8580000,0.1825 
8600000,0.20125 
8590000,0.1925 
8610000,0.20375 
8600000,0.19375 
8620000,0.19375 
8610000,0.18125 
8630000,0.19375 
8620000,0.195 
8640000,0.19625 
8630000,0.18125 
8650000,0.19 
8640000,0.2 
8660000,0.19375 
8650000,0.18375 
8670000,0.19625 
8660000,0.2 
8680000,0.2 
8670000,0.19 
8690000,0.21 
8680000,0.20375 
8700000,0.19625 
8690000,0.19375 
8710000,0.195 
8700000,0.1725 
8720000,0.1975 
8710000,0.19625 
8730000,0.18375 
8720000,0.195 
8740000,0.22375 
8730000,0.19 
8750000,0.19625 
8740000,0.1875 
8760000,0.195 
8750000,0.19 
8770000,0.18875 
8760000,0.18625 
8780000,0.19625 
8770000,0.2 
8790000,0.20625 
8780000,0.19125 
8800000,0.2075 
8790000,0.1875 
8810000,0.2025 
8800000,0.185 
8820000,0.205 
8810000,0.205 
8830000,0.19375 
8820000,0.17375 
8840000,0.1975 
8830000,0.19375 
8850000,0.205 
8840000,0.185 
8860000,0.19875 
8850000,0.1825 
8870000,0.19875 
8860000,0.20125 
8880000,0.2075 
8870000,0.2 
8890000,0.2 
8880000,0.18125 
8900000,0.21 
8890000,0.19 
8910000,0.21 
8900000,0.18875 
8920000,0.20875 
8910000,0.1775 
8930000,0.215 
8920000,0.17125 
8940000,0.2075 
8930000,0.20625 
8950000,0.20125 
8940000,0.185 
8960000,0.2 
8950000,0.19 
8970000,0.2075 
8960000,0.195 
8980000,0.20125 
8970000,0.20125 
8990000,0.2 
8980000,0.185 
9000000,0.2025 
8990000,0.20625 
9010000,0.205 
9000000,0.1875 
9020000,0.19375 
9010000,0.19 
9030000,0.2025 
9020000,0.18 
9040000,0.20125 
9030000,0.18625 
9050000,0.1925 
9040000,0.195 
9060000,0.2125 
9050000,0.2075 
9070000,0.21 
9060000,0.1825 
9080000,0.19125 
9070000,0.18125 
9090000,0.20125 
9080000,0.19375 
9100000,0.2125 
9090000,0.2 
9110000,0.20625 
9100000,0.19875 
9120000,0.2 
9110000,0.17625 
9130000,0.20125 
9120000,0.19 
9140000,0.20875 
9130000,0.1925 
9150000,0.20125 
9140000,0.20375 
9160000,0.195 
9150000,0.18875 
9170000,0.21 
9160000,0.19625 
9180000,0.21 
9170000,0.195 
9190000,0.20375 
9180000,0.18625 
9200000,0.1975 
9190000,0.19125 
9210000,0.19875 
9200000,0.19625 
9220000,0.2 
9210000,0.195 
9230000,0.20125 
9220000,0.18875 
9240000,0.20125 
9230000,0.19125 
9250000,0.19625 
9240000,0.1875 
9260000,0.205 
9250000,0.21125 
9270000,0.1925 
9260000,0.195 
9280000,0.195 
9270000,0.18875 
9290000,0.19375 
9280000,0.1775 
9300000,0.185 
9290000,0.18875 
9310000,0.20375 
9300000,0.20125 
9320000,0.21125 
9310000,0.1975 
9330000,0.18125 
9320000,0.18625 
9340000,0.1825 
9330000,0.19875 
9350000,0.20125 
9340000,0.20375 
9360000,0.22 
9350000,0.2 
9370000,0.1975 
9360000,0.18875 
9380000,0.19875 
9370000,0.2025 
9390000,0.1975 
9380000,0.1775 
9400000,0.2175 
9390000,0.17625 
9410000,0.195 
9400000,0.1825 
9420000,0.2075 
9410000,0.1975 
9430000,0.2075 
9420000,0.19 
9440000,0.2 
9430000,0.19375 
9450000,0.20875 
9440000,0.1975 
9460000,0.18125 
9450000,0.1975 
9470000,0.1925 
9460000,0.1925 
9480000,0.2 
9470000,0.2025 
9490000,0.195 
9480000,0.205 
9500000,0.19 
9490000,0.185 
9510000,0.2025 
9500000,0.195 
9520000,0.18625 
9510000,0.195 
9530000,0.1925 
9520000,0.20125 
9540000,0.1875 
9530000,0.1975 
9550000,0.20875 
9540000,0.1775 
9560000,0.2 
9550000,0.1775 
9570000,0.19125 
9560000,0.16875 
9580000,0.1975 
9570000,0.18375 
9590000,0.18875 
9580000,0.205 
9600000,0.20125 
9590000,0.20375 
9610000,0.2 
9600000,0.19375 
9620000,0.19375 
9610000,0.1875 
9630000,0.1925 
9620000,0.20125 
9640000,0.19375 
9630000,0.18625 
9650000,0.19375 
9640000,0.195 
9660000,0.20125 
9650000,0.205 
9670000,0.205 
9660000,0.185 
9680000,0.1825 
9670000,0.20125 
9690000,0.1875 
9680000,0.195 
9700000,0.19625 
9690000,0.185 
9710000,0.1975 
9700000,0.21125 
9720000,0.21125 
9710000,0.21125 
9730000,0.2025 
9720000,0.19 
9740000,0.18625 
9730000,0.1875 
9750000,0.18875 
9740000,0.18625 
9760000,0.1975 
9750000,0.19875 
9770000,0.195 
9760000,0.18375 
9780000,0.21125 
9770000,0.2 
9790000,0.2025 
9780000,0.185 
9800000,0.2 
9790000,0.18875 
9810000,0.19 
9800000,0.19375 
9820000,0.2025 
9810000,0.20125 
9830000,0.20375 
9820000,0.18875 
9840000,0.20125 
9830000,0.2075 
9850000,0.20375 
9840000,0.1975 
9860000,0.185 
9850000,0.1975 
9870000,0.195 
9860000,0.19125 
9880000,0.1925 
9870000,0.19 
9890000,0.20625 
9880000,0.20375 
9900000,0.19125 
9890000,0.17625 
9910000,0.2 
9900000,0.19125 
9920000,0.205 
9910000,0.1925 
9930000,0.20125 
9920000,0.1725 
9940000,0.19625 
9930000,0.1875 
9950000,0.20375 
9940000,0.19375 
9960000,0.19375 
9950000,0.19625 
9970000,0.20125 
9960000,0.20125 
9980000,0.2025 
9970000,0.18375 
9990000,0.1925 
9980000,0.1875 
10000000,0.2 
9990000,0.17 
10010000,0.19875 
10000000,0.1975 
10020000,0.19 
10010000,0.19875 
10030000,0.19375 
10020000,0.19 
10040000,0.2 
10030000,0.17375 
10050000,0.19875 
10040000,0.2 
10060000,0.20375 
10050000,0.1825 
10070000,0.19875 
10060000,0.1875 
10080000,0.20875 
10070000,0.1825 
10090000,0.19625 
10080000,0.1675 
10100000,0.19375 
10090000,0.18125 
10110000,0.20375 
10100000,0.19 
10120000,0.20625 
10110000,0.1775 
10130000,0.2 
10120000,0.17125 
10140000,0.2 
10130000,0.19 
10150000,0.20375 
10140000,0.195 
10160000,0.1925 
10150000,0.17875 
10170000,0.18 
10160000,0.1975 
10180000,0.20125 
10170000,0.1925 
10190000,0.1975 
10180000,0.18625 
10200000,0.195 
10190000,0.18625 
10210000,0.19875 
10200000,0.18125 
10220000,0.185 
10210000,0.185 
10230000,0.20875 
10220000,0.19375 
10240000,0.19875 
10230000,0.19 
10250000,0.1925 
10240000,0.1775 
10260000,0.195 
10250000,0.18 
10270000,0.20125 
10260000,0.18375 
10280000,0.19375 
10270000,0.205 
10290000,0.2025 
10280000,0.18375 
10300000,0.18875 
10290000,0.18875 
10310000,0.18875 
10300000,0.1925 
10320000,0.2 
10310000,0.19 
10330000,0.20625 
10320000,0.18375 
10340000,0.2075 
10330000,0.19125 
10350000,0.1975 
10340000,0.20125 
10360000,0.1875 
10350000,0.2 
10370000,0.19 
10380000,0.1825 
10360000,0.18375 
10390000,0.1925 
10370000,0.1975 
10400000,0.20125 
10380000,0.18375 
10410000,0.1925 
10390000,0.18875 
10420000,0.2 
10400000,0.17375 
10430000,0.1975 
10410000,0.18375 
10440000,0.21875 
10420000,0.18 
10450000,0.19625 
10430000,0.18 
10460000,0.19625 
10440000,0.2 
10470000,0.2025 
10450000,0.1925 
10480000,0.19625 
10460000,0.18875 
10490000,0.21125 
10470000,0.1825 
10500000,0.19875 
10480000,0.18125 
10510000,0.19 
10490000,0.1675 
10520000,0.21125 
10500000,0.18625 
10530000,0.20125 
10510000,0.19 
10540000,0.20375 
10520000,0.1925 
10550000,0.2025 
10530000,0.18875 
10560000,0.195 
10540000,0.19625 
10570000,0.22125 
10550000,0.19 
10580000,0.20125 
10560000,0.185 
10590000,0.20375 
10570000,0.1825 
10600000,0.1975 
10580000,0.185 
10610000,0.21125 
10590000,0.19375 
10620000,0.20625 
10600000,0.17875 
10630000,0.19 
10610000,0.185 
10640000,0.2075 
10620000,0.185 
10650000,0.2075 
10630000,0.18625 
10660000,0.205 
10640000,0.20125 
10670000,0.2025 
10650000,0.1875 
10680000,0.2025 
10660000,0.20125 
10690000,0.20375 
10670000,0.19125 
10700000,0.2125 
10680000,0.19625 
10710000,0.19625 
10690000,0.2025 
10720000,0.205 
10700000,0.1925 
10730000,0.21125 
10710000,0.185 
10740000,0.19875 
10720000,0.1775 
10750000,0.20375 
10730000,0.18875 
10760000,0.20875 
10740000,0.2 
10770000,0.19375 
10750000,0.18625 
10780000,0.1975 
10760000,0.19125 
10790000,0.19875 
10770000,0.19 
10800000,0.2025 
10780000,0.19875 
10810000,0.19625 
10790000,0.19 
10820000,0.2125 
10800000,0.20375 
10830000,0.21 
10810000,0.19625 
10840000,0.20375 
10820000,0.19 
10850000,0.20625 
10830000,0.18375 
10860000,0.205 
10840000,0.18125 
10870000,0.20625 
10850000,0.18625 
10880000,0.215 
10860000,0.1775 
10890000,0.20125 
10870000,0.20375 
10900000,0.1975 
10880000,0.1975 
10910000,0.18875 
10890000,0.18875 
10920000,0.19625 
10900000,0.18625 
10930000,0.2075 
10910000,0.19 
10940000,0.205 
10920000,0.18125 
10950000,0.21125 
10930000,0.18375 
10960000,0.2075 
10940000,0.185 
10970000,0.20625 
10950000,0.1875 
10980000,0.2 
10960000,0.18375 
10990000,0.21125 
10970000,0.18375 
11000000,0.21125 
10980000,0.1775 
11010000,0.20375 
10990000,0.18875 
11020000,0.2025 
11000000,0.19625 
11030000,0.2 
11010000,0.1875 
11040000,0.19625 
11020000,0.185 
11050000,0.21625 
11030000,0.17875 
11060000,0.21125 
11040000,0.1925 
11070000,0.215 
11050000,0.19375 
11080000,0.19125 
11060000,0.18 
11090000,0.2075 
11070000,0.19625 
11100000,0.20875 
11080000,0.20625 
11110000,0.2025 
11090000,0.17875 
11120000,0.20875 
11100000,0.19125 
11130000,0.185 
11110000,0.1775 
11140000,0.19625 
11120000,0.19 
11150000,0.19375 
11130000,0.19375 
11160000,0.2025 
11140000,0.1925 
11170000,0.21 
11150000,0.18625 
11180000,0.20625 
11160000,0.1825 
11190000,0.21 
11170000,0.17375 
11200000,0.205 
11180000,0.20125 
11210000,0.2 
11190000,0.19 
11220000,0.19125 
11200000,0.18 
11230000,0.2 
11210000,0.1975 
11240000,0.19375 
11220000,0.19125 
11250000,0.21625 
11230000,0.1925 
11260000,0.215 
11240000,0.19625 
11270000,0.1975 
11250000,0.20125 
11280000,0.19875 
11260000,0.19 
11290000,0.19 
11270000,0.19375 
11300000,0.19875 
11280000,0.1925 
11310000,0.20625 
11290000,0.185 
11320000,0.19375 
11300000,0.17875 
11330000,0.20875 
11310000,0.21125 
11340000,0.1925 
11320000,0.19125 
11350000,0.2 
11330000,0.1925 
11360000,0.215 
11340000,0.1825 
11370000,0.2025 
11350000,0.185 
11380000,0.2075 
11360000,0.175 
11390000,0.19 
11370000,0.19375 
11400000,0.215 
11380000,0.19125 
11410000,0.1975 
11390000,0.17 
11420000,0.1975 
11400000,0.1925 
11430000,0.20125 
11410000,0.1975 
11440000,0.20625 
11420000,0.19125 
11450000,0.195 
11430000,0.1925 
11460000,0.205 
11440000,0.19 
11470000,0.19875 
11450000,0.19125 
11480000,0.20125 
11460000,0.18875 
11490000,0.18625 
11470000,0.19 
11500000,0.205 
11480000,0.18 
11510000,0.185 
11490000,0.18375 
11520000,0.19 
11500000,0.19375 
11530000,0.19625 
11510000,0.19375 
11540000,0.19625 
11520000,0.17875 
11550000,0.2025 
11530000,0.185 
11560000,0.21125 
11540000,0.195 
11570000,0.20125 
11550000,0.20375 
11580000,0.21125 
11560000,0.18875 
11590000,0.205 
11570000,0.19125 
11600000,0.20125 
11580000,0.18375 
11610000,0.1875 
11590000,0.185 
11620000,0.20125 
11600000,0.18 
11630000,0.19375 
11610000,0.2 
11640000,0.19 
11620000,0.20375 
11650000,0.20125 
11630000,0.17625 
11660000,0.19625 
11640000,0.185 
11670000,0.21 
11650000,0.1875 
11680000,0.19875 
11660000,0.19125 
11690000,0.1975 
11670000,0.1925 
11700000,0.19375 
11680000,0.19 
11710000,0.21375 
11690000,0.1875 
11720000,0.22125 
11700000,0.16875 
11730000,0.19125 
11710000,0.18 
11740000,0.20125 
11720000,0.1925 
11750000,0.20625 
11730000,0.1775 
11760000,0.19875 
11740000,0.18375 
11770000,0.21375 
11750000,0.20875 
11780000,0.21 
11760000,0.19625 
11790000,0.21375 
11770000,0.1825 
11800000,0.2075 
11780000,0.17875 
11810000,0.2175 
11790000,0.18 
11820000,0.2025 
11800000,0.19375 
11830000,0.2 
11810000,0.19 
11840000,0.1975 
11820000,0.17625 
11850000,0.19375 
11830000,0.19 
11860000,0.19875 
11840000,0.18875 
11870000,0.1925 
11850000,0.19375 
11880000,0.195 
11860000,0.18625 
11890000,0.2025 
11870000,0.2 
11900000,0.1975 
11880000,0.18 
11910000,0.21125 
11890000,0.185 
11920000,0.20875 
11900000,0.18625 
11930000,0.20375 
11910000,0.185 
11940000,0.19875 
11920000,0.195 
11950000,0.1975 
11930000,0.185 
11960000,0.205 
11940000,0.1875 
11970000,0.205 
11950000,0.19375 
11980000,0.195 
11960000,0.18125 
11990000,0.2025 
11970000,0.18125 
12000000,0.1925 
11980000,0.1825 
12010000,0.20875 
11990000,0.19 
12020000,0.20875 
12000000,0.19125 
12030000,0.205 
12010000,0.1875 
12040000,0.2 
12020000,0.1925 
12050000,0.1875 
12030000,0.19 
12060000,0.2075 
12040000,0.19625 
12070000,0.1975 
12050000,0.19125 
12080000,0.20875 
12060000,0.1825 
12090000,0.20375 
12070000,0.185 
12100000,0.2025 
12080000,0.185 
12110000,0.2025 
12090000,0.18625 
12120000,0.20125 
12100000,0.19 
12130000,0.20875 
12110000,0.19875 
12140000,0.21 
12120000,0.1875 
12150000,0.19625 
12130000,0.1825 
12160000,0.2 
12140000,0.18875 
12170000,0.2 
12150000,0.195 
12180000,0.215 
12160000,0.19875 
12190000,0.21 
12170000,0.1825 
12200000,0.19875 
12180000,0.18875 
12210000,0.1925 
12190000,0.195 
12220000,0.18875 
12200000,0.19 
12230000,0.2075 
12210000,0.175 
12240000,0.195 
12220000,0.1875 
12250000,0.2075 
12230000,0.1825 
12260000,0.1925 
12240000,0.1925 
12270000,0.2125 
12250000,0.18625 
12280000,0.21125 
12260000,0.18 
12290000,0.2075 
12270000,0.1875 
12300000,0.21 
12280000,0.185 
12310000,0.20125 
12290000,0.19 
12320000,0.20625 
12300000,0.19125 
12330000,0.19125 
12310000,0.18125 
12340000,0.20875 
12320000,0.19375 
12350000,0.2025 
12330000,0.1775 
12360000,0.205 
12340000,0.2025 
12370000,0.20375 
12350000,0.1925 
12380000,0.20625 
12360000,0.1875 
12390000,0.2075 
12370000,0.18625 
12400000,0.21 
12380000,0.1875 
12410000,0.205 
12390000,0.18375 
12420000,0.215 
12400000,0.17625 
12430000,0.205 
12410000,0.1775 
12440000,0.20875 
12420000,0.2025 
12450000,0.20625 
12430000,0.1825 
12460000,0.2125 
12440000,0.205 
12470000,0.195 
12450000,0.18875 
12480000,0.21125 
12460000,0.1875 
12490000,0.18625 
12470000,0.1875 
12500000,0.2 
12480000,0.1775 
12510000,0.20375 
12490000,0.19125 
12520000,0.19 
12500000,0.18625 
12530000,0.2075 
12510000,0.17625 
12540000,0.19875 
12520000,0.19 
12550000,0.195 
12530000,0.1925 
12560000,0.19875 
12540000,0.18625 
12570000,0.215 
12550000,0.17625 
12580000,0.2075 
12560000,0.19875 
12590000,0.19875 
12570000,0.20875 
12600000,0.20375 
12580000,0.1825 
12610000,0.20875 
12590000,0.20625 
12620000,0.20625 
12600000,0.185 
12630000,0.1925 
12610000,0.18875 
12640000,0.21625 
12620000,0.1975 
12650000,0.20375 
12630000,0.185 
12660000,0.2125 
12640000,0.185 
12670000,0.195 
12650000,0.1925 
12680000,0.19625 
12660000,0.19125 
12690000,0.195 
12670000,0.1875 
12700000,0.21125 
12680000,0.19375 
12710000,0.19 
12690000,0.17625 
12720000,0.20375 
12700000,0.18375 
12730000,0.205 
12710000,0.18125 
12740000,0.19625 
12720000,0.18125 
12750000,0.20125 
12730000,0.16625 
12760000,0.21125 
12740000,0.18875 
12770000,0.2025 
12750000,0.185 
12780000,0.2125 
12760000,0.18875 
12790000,0.2025 
12770000,0.17625 
12800000,0.2025 
12780000,0.19125 
12810000,0.21125 
12790000,0.1675 
12820000,0.205 
12800000,0.175 
12830000,0.21375 
12810000,0.175 
12840000,0.20125 
12820000,0.175 
12850000,0.205 
12830000,0.19 
12860000,0.1975 
12840000,0.1925 
12870000,0.2 
12850000,0.19625 
12880000,0.20875 
12860000,0.17375 
12890000,0.2025 
12870000,0.185 
12900000,0.20125 
12880000,0.175 
12910000,0.20875 
12890000,0.18125 
12920000,0.20375 
12900000,0.16875 
12930000,0.205 
12910000,0.17875 
12940000,0.2175 
12920000,0.18 
12950000,0.2025 
12930000,0.1875 
12960000,0.2025 
12940000,0.18625 
12970000,0.20125 
12950000,0.20375 
12980000,0.20125 
12960000,0.185 
12990000,0.2125 
12970000,0.1625 
13000000,0.20625 
12980000,0.18125 
13010000,0.2125 
12990000,0.20125 
13020000,0.2 
13000000,0.175 
13030000,0.205 
13010000,0.17125 
13040000,0.21625 
13020000,0.17875 
13050000,0.205 
13030000,0.18625 
13060000,0.20625 
13040000,0.17875 
13070000,0.20375 
13050000,0.18 
13080000,0.21125 
13060000,0.17875 
13090000,0.1975 
13070000,0.18 
13100000,0.19 
13080000,0.18375 
13110000,0.20125 
13090000,0.17875 
13120000,0.21375 
13100000,0.19375 
13130000,0.21125 
13110000,0.185 
13140000,0.2 
13120000,0.18875 
13150000,0.195 
13130000,0.18 
13160000,0.2 
13140000,0.19 
13170000,0.1975 
13150000,0.19375 
13180000,0.20625 
13160000,0.19875 
13190000,0.21125 
13170000,0.18875 
13200000,0.21 
13180000,0.18375 
13210000,0.19625 
13190000,0.19875 
13220000,0.195 
13200000,0.17375 
13230000,0.205 
13210000,0.195 
13240000,0.20875 
13220000,0.18625 
13250000,0.2 
13230000,0.18375 
13260000,0.20625 
13240000,0.17875 
13270000,0.19875 
13250000,0.17375 
13280000,0.1975 
13260000,0.18 
13290000,0.19875 
13270000,0.19375 
13300000,0.2075 
13280000,0.1825 
13310000,0.20875 
13290000,0.1975 
13320000,0.20375 
13300000,0.19125 
13330000,0.2125 
13310000,0.17125 
13340000,0.22375 
13320000,0.18 
13350000,0.2125 
13330000,0.18875 
13360000,0.19375 
13340000,0.18 
13370000,0.20875 
13350000,0.205 
13380000,0.19 
13360000,0.1775 
13390000,0.2025 
13370000,0.19375 
13400000,0.2125 
13380000,0.18125 
13410000,0.2175 
13390000,0.1925 
13420000,0.20875 
13400000,0.1875 
13430000,0.2075 
13410000,0.18875 
13440000,0.20375 
13420000,0.1875 
13450000,0.1875 
13430000,0.19875 
13460000,0.195 
13440000,0.165 
13470000,0.2 
13450000,0.1875 
13480000,0.21125 
13460000,0.19 
13490000,0.20875 
13470000,0.20375 
13500000,0.19875 
13480000,0.18375 
13510000,0.21125 
13490000,0.19375 
13520000,0.2075 
13500000,0.18125 
13530000,0.19875 
13510000,0.1925 
13540000,0.20375 
13520000,0.1975 
13550000,0.2025 
13530000,0.17125 
13560000,0.2 
13540000,0.18625 
13570000,0.20625 
13550000,0.195 
13580000,0.21 
13560000,0.20375 
13590000,0.20875 
13570000,0.17625 
13600000,0.20125 
13580000,0.19 
13610000,0.20125 
13590000,0.185 
13620000,0.20375 
13600000,0.19125 
13630000,0.21 
13610000,0.19125 
13640000,0.20125 
13620000,0.1875 
13650000,0.21375 
13630000,0.19375 
13660000,0.1925 
13640000,0.1875 
13670000,0.2 
13650000,0.20375 
13680000,0.20625 
13660000,0.1975 
13690000,0.215 
13670000,0.1925 
13700000,0.205 
13680000,0.1925 
13710000,0.21125 
13690000,0.1825 
13720000,0.2075 
13700000,0.1975 
13730000,0.19375 
13710000,0.2 
13740000,0.20875 
13720000,0.195 
13750000,0.19625 
13730000,0.2 
13760000,0.20375 
13740000,0.19125 
13770000,0.19875 
13750000,0.2025 
13780000,0.1975 
13760000,0.20625 
13790000,0.205 
13770000,0.18375 
13800000,0.19875 
13780000,0.20875 
13810000,0.2025 
13790000,0.20125 
13820000,0.2025 
13800000,0.19125 
13830000,0.21 
13810000,0.1875 
13840000,0.19625 
13820000,0.19875 
13850000,0.1975 
13830000,0.175 
13860000,0.21125 
13840000,0.18875 
13870000,0.20125 
13850000,0.1875 
13880000,0.21375 
13860000,0.185 
13890000,0.21 
13870000,0.18125 
13900000,0.20375 
13880000,0.1925 
13910000,0.20375 
13890000,0.19125 
13920000,0.2075 
13900000,0.19125 
13930000,0.2025 
13910000,0.2075 
13940000,0.2075 
13920000,0.1875 
13950000,0.2025 
13930000,0.19 
13960000,0.19875 
13940000,0.18625 
13970000,0.20625 
13950000,0.1675 
13980000,0.215 
13960000,0.19375 
13990000,0.19875 
13970000,0.17625 
14000000,0.20875 
13980000,0.1925 
14010000,0.19375 
13990000,0.195 
14020000,0.20125 
14000000,0.16875 
14030000,0.19875 
14010000,0.18625 
14040000,0.19 
14020000,0.1775 
14050000,0.1975 
14030000,0.1875 
14060000,0.2075 
14040000,0.19625 
14070000,0.2125 
14050000,0.18875 
14080000,0.20125 
14060000,0.18375 
14090000,0.2025 
14070000,0.18875 
14100000,0.2025 
14080000,0.1825 
14110000,0.19875 
14090000,0.18625 
14120000,0.19875 
14100000,0.1675 
14130000,0.20875 
14110000,0.1825 
14140000,0.205 
14120000,0.195 
14150000,0.21625 
14130000,0.19375 
14160000,0.21 
14140000,0.18625 
14170000,0.21375 
14150000,0.1725 
14180000,0.20125 
14160000,0.17625 
14190000,0.2075 
14170000,0.1825 
14200000,0.2 
14180000,0.17875 
14210000,0.205 
14190000,0.19 
14220000,0.19625 
14200000,0.1875 
14230000,0.2125 
14210000,0.18875 
14240000,0.21 
14220000,0.1775 
14250000,0.205 
14230000,0.2 
14260000,0.2175 
14240000,0.19125 
14270000,0.20375 
14250000,0.19 
14280000,0.21125 
14260000,0.185 
14290000,0.2075 
14270000,0.18375 
14300000,0.20375 
14280000,0.195 
14310000,0.20125 
14290000,0.1975 
14320000,0.21125 
14300000,0.18375 
14330000,0.21375 
14310000,0.20375 
14340000,0.2175 
14320000,0.17375 
14350000,0.20625 
14330000,0.1975 
14360000,0.20625 
14340000,0.1925 
14370000,0.20625 
14350000,0.18 
14380000,0.19375 
14360000,0.19 
14390000,0.2125 
14370000,0.20625 
14400000,0.2025 
14380000,0.1775 
14410000,0.2 
14390000,0.17875 
14420000,0.20875 
14400000,0.1925 
14430000,0.2 
14410000,0.2 
14440000,0.20875 
14420000,0.2 
14450000,0.2075 
14430000,0.2025 
14460000,0.2075 
14440000,0.195 
14470000,0.2025 
14450000,0.205 
14480000,0.21875 
14460000,0.18125 
14490000,0.2075 
14470000,0.2 
14500000,0.1975 
14480000,0.1825 
14510000,0.20625 
14490000,0.19375 
14520000,0.20375 
14500000,0.1875 
14530000,0.20875 
14510000,0.18375 
14540000,0.1975 
14520000,0.1625 
14550000,0.19375 
14530000,0.195 
14560000,0.205 
14540000,0.1825 
14570000,0.2075 
14550000,0.19875 
14580000,0.1975 
14560000,0.18375 
14590000,0.2075 
14570000,0.195 
14600000,0.21 
14580000,0.19625 
14610000,0.205 
14590000,0.18 
14620000,0.2125 
14600000,0.19125 
14630000,0.215 
14610000,0.18125 
14640000,0.205 
14620000,0.19 
14650000,0.195 
14630000,0.18625 
14660000,0.20875 
14640000,0.1875 
14670000,0.2075 
14650000,0.175 
14680000,0.20375 
14660000,0.1875 
14690000,0.205 
14670000,0.18875 
14700000,0.2025 
14680000,0.1875 
14710000,0.2 
14690000,0.2025 
14720000,0.2075 
14700000,0.20375 
14730000,0.20375 
14710000,0.20125 
14740000,0.19875 
14720000,0.19 
14750000,0.205 
14730000,0.1975 
14760000,0.21375 
14740000,0.19625 
14770000,0.20375 
14750000,0.18625 
14780000,0.205 
14760000,0.19875 
14790000,0.1925 
14770000,0.19375 
14800000,0.195 
14780000,0.1775 
14810000,0.21 
14790000,0.2 
14820000,0.19875 
14800000,0.1875 
14830000,0.21125 
14810000,0.17875 
14840000,0.20125 
14820000,0.1875 
14850000,0.21625 
14830000,0.18375 
14860000,0.19125 
14840000,0.18125 
14870000,0.20125 
14850000,0.1925 
14880000,0.2075 
14860000,0.1925 
14890000,0.21 
14870000,0.18625 
14900000,0.20125 
14880000,0.19125 
14910000,0.19625 
14890000,0.1975 
14920000,0.2125 
14900000,0.20125 
14930000,0.19875 
14910000,0.1975 
14940000,0.2025 
14920000,0.2075 
14950000,0.2075 
14930000,0.1825 
14960000,0.19375 
14940000,0.19625 
14970000,0.2025 
14950000,0.19875 
14980000,0.205 
14960000,0.19 
14990000,0.21375 
14970000,0.19 
15000000,0.20375 
14980000,0.2075 
15010000,0.2 
14990000,0.17625 
15020000,0.20375 
15000000,0.2025 
15030000,0.21625 
15010000,0.18125 
15040000,0.19375 
15020000,0.18 
15050000,0.195 
15030000,0.18375 
15060000,0.205 
15040000,0.18625 
15070000,0.20125 
15050000,0.1925 
15080000,0.19625 
15060000,0.1925 
15090000,0.2 
15070000,0.1775 
15100000,0.21875 
15080000,0.18625 
15110000,0.2 
15090000,0.18375 
15120000,0.2 
15100000,0.18 
15130000,0.205 
15110000,0.185 
15140000,0.2075 
15120000,0.19125 
15150000,0.2 
15130000,0.18375 
15160000,0.19625 
15140000,0.20625 
15170000,0.2025 
15150000,0.20375 
15180000,0.1975 
15160000,0.185 
15190000,0.20125 
15170000,0.19125 
15200000,0.19375 
15180000,0.19125 
15210000,0.19375 
15190000,0.18625 
15220000,0.19125 
15200000,0.1775 
15230000,0.20875 
15210000,0.175 
15240000,0.20375 
15220000,0.1875 
15250000,0.18375 
15230000,0.17375 
15260000,0.2125 
15240000,0.1775 
15270000,0.2 
15250000,0.19625 
15280000,0.2075 
15260000,0.18375 
15290000,0.1925 
15270000,0.195 
15300000,0.19875 
15280000,0.18125 
15310000,0.2 
15290000,0.185 
15320000,0.19375 
15300000,0.185 
15330000,0.2075 
15310000,0.1925 
15340000,0.20125 
15320000,0.175 
15350000,0.195 
15330000,0.20125 
15360000,0.20875 
15340000,0.1775 
15370000,0.1975 
15350000,0.17875 
15380000,0.21375 
15360000,0.19125 
15390000,0.19875 
15370000,0.1725 
15400000,0.20125 
15380000,0.1925 
15410000,0.205 
15390000,0.18625 
15420000,0.195 
15400000,0.1875 
15430000,0.21 
15410000,0.1875 
15440000,0.2075 
15420000,0.175 
15450000,0.1975 
15430000,0.18 
15460000,0.20625 
15440000,0.19125 
15470000,0.1975 
15450000,0.17125 
15480000,0.2 
15460000,0.18125 
15490000,0.20625 
15470000,0.18375 
15500000,0.205 
15480000,0.16375 
15510000,0.20625 
15490000,0.19375 
15520000,0.19875 
15500000,0.19125 
15530000,0.19875 
15510000,0.19 
15540000,0.2 
15520000,0.1825 
15550000,0.2175 
15530000,0.19875 
15560000,0.19625 
15540000,0.17875 
15570000,0.21375 
15550000,0.18125 
15580000,0.2025 
15560000,0.18375 
15590000,0.2075 
15570000,0.19375 
15600000,0.21125 
15580000,0.19875 
15610000,0.205 
15590000,0.19375 
15620000,0.20875 
15600000,0.18 
15630000,0.215 
15610000,0.18375 
15640000,0.22 
15620000,0.1875 
15650000,0.21375 
15630000,0.18125 
15660000,0.20125 
15640000,0.18625 
15670000,0.20875 
15650000,0.1925 
15680000,0.20625 
15660000,0.1925 
15690000,0.21375 
15670000,0.18625 
15700000,0.20125 
15680000,0.16875 
15710000,0.2025 
15690000,0.17625 
15720000,0.205 
15700000,0.185 
15730000,0.20375 
15710000,0.18875 
15740000,0.2 
15720000,0.16875 
15750000,0.195 
15730000,0.175 
15760000,0.2025 
15740000,0.1775 
15770000,0.21625 
15750000,0.19 
15780000,0.19625 
15760000,0.18875 
15790000,0.2125 
15770000,0.19125 
15800000,0.21125 
15780000,0.19 
15810000,0.20125 
15790000,0.19 
15820000,0.20625 
15800000,0.205 
15830000,0.21375 
15810000,0.1825 
15840000,0.20625 
15820000,0.20375 
15850000,0.195 
15830000,0.20875 
15860000,0.20875 
15840000,0.185 
15870000,0.1925 
15850000,0.20375 
15880000,0.205 
15860000,0.1925 
15890000,0.205 
15870000,0.1975 
15900000,0.2125 
15880000,0.17875 
15910000,0.195 
15890000,0.18375 
15920000,0.19875 
15900000,0.1925 
15930000,0.20125 
15910000,0.1875 
15940000,0.205 
15920000,0.195 
15950000,0.19625 
15930000,0.17625 
15960000,0.2175 
15940000,0.1875 
15970000,0.20375 
15950000,0.205 
15980000,0.2125 
15960000,0.19125 
15990000,0.19 
15970000,0.19125 
16000000,0.20875 
15980000,0.17375 
16010000,0.2175 
15990000,0.19375 
16020000,0.185 
16000000,0.175 
16030000,0.21125 
16010000,0.18875 
16040000,0.205 
16020000,0.195 
16050000,0.20125 
16030000,0.19875 
16060000,0.21125 
16040000,0.195 
16070000,0.2 
16050000,0.2 
16080000,0.19375 
16060000,0.18875 
16090000,0.19 
16070000,0.19375 
16100000,0.21125 
16080000,0.18375 
16110000,0.2 
16090000,0.195 
16120000,0.2025 
16100000,0.1925 
16130000,0.2125 
16110000,0.2 
16140000,0.20625 
16120000,0.18875 
16150000,0.20625 
16130000,0.2 
16160000,0.215 
16140000,0.19 
16170000,0.195 
16150000,0.20625 
16180000,0.19625 
16160000,0.1975 
16190000,0.2 
16170000,0.1825 
16200000,0.20625 
16180000,0.2 
16210000,0.21 
16190000,0.17375 
16220000,0.19625 
16200000,0.19125 
16230000,0.20625 
16210000,0.17875 
16240000,0.2025 
16220000,0.1825 
16250000,0.18625 
16230000,0.1875 
16260000,0.205 
16240000,0.1925 
16270000,0.20125 
16250000,0.195 
16280000,0.21125 
16260000,0.19 
16290000,0.2 
16270000,0.19125 
16300000,0.19625 
16280000,0.18875 
16310000,0.2 
16290000,0.1825 
16320000,0.20625 
16300000,0.17875 
16330000,0.1875 
16310000,0.19375 
16340000,0.19375 
16320000,0.17125 
16350000,0.19375 
16330000,0.19 
16360000,0.20375 
16340000,0.1875 
16370000,0.21 
16350000,0.18625 
16380000,0.19625 
16360000,0.19625 
16390000,0.1975 
16370000,0.2 
16400000,0.20375 
16380000,0.18375 
16410000,0.1825 
16390000,0.18875 
16420000,0.195 
16400000,0.1875 
16430000,0.18875 
16410000,0.18625 
16440000,0.19 
16420000,0.18625 
16450000,0.19875 
16430000,0.18875 
16460000,0.19875 
16440000,0.195 
16470000,0.195 
16450000,0.175 
16480000,0.19625 
16460000,0.20375 
16490000,0.19625 
16470000,0.18375 
16500000,0.19625 
16480000,0.18625 
16510000,0.20125 
16490000,0.18875 
16520000,0.2125 
16500000,0.19375 
16530000,0.2 
16510000,0.19375 
16540000,0.205 
16520000,0.1925 
16550000,0.2075 
16530000,0.20125 
16560000,0.19 
16540000,0.18625 
16570000,0.21 
16550000,0.19 
16580000,0.19375 
16560000,0.1875 
16590000,0.1975 
16570000,0.1925 
16600000,0.19125 
16580000,0.19125 
16610000,0.1775 
16590000,0.1925 
16620000,0.19375 
16600000,0.19375 
16630000,0.19875 
16610000,0.18875 
16640000,0.19875 
16620000,0.185 
16650000,0.195 
16630000,0.18 
16660000,0.19625 
16640000,0.19375 
16670000,0.20125 
16650000,0.19125 
16680000,0.2 
16660000,0.18125 
16690000,0.20375 
16670000,0.1825 
16700000,0.1925 
16680000,0.19625 
16710000,0.20375 
16690000,0.19375 
16720000,0.19875 
16700000,0.18625 
16730000,0.19375 
16710000,0.18625 
16740000,0.1925 
16720000,0.18875 
16750000,0.2075 
16730000,0.18625 
16760000,0.1875 
16740000,0.1825 
16770000,0.1775 
16750000,0.185 
16780000,0.20375 
16760000,0.17375 
16790000,0.20625 
16770000,0.1875 
16800000,0.1925 
16780000,0.18375 
16810000,0.1875 
16790000,0.19375 
16820000,0.2 
16800000,0.19 
16830000,0.21375 
16810000,0.1775 
16840000,0.20375 
16820000,0.185 
16850000,0.2 
16830000,0.2 
16860000,0.1925 
16840000,0.195 
16870000,0.195 
16850000,0.19625 
16880000,0.19875 
16860000,0.19125 
16890000,0.19625 
16870000,0.19375 
16900000,0.18875 
16880000,0.18375 
16910000,0.20625 
16890000,0.18875 
16920000,0.20125 
16900000,0.18375 
16930000,0.20375 
16910000,0.19 
16940000,0.20125 
16920000,0.19125 
16950000,0.2075 
16930000,0.19125 
16960000,0.19625 
16940000,0.18 
16970000,0.1925 
16950000,0.19375 
16980000,0.20125 
16960000,0.195 
16990000,0.20375 
16970000,0.19 
17000000,0.20625 
16980000,0.18875 
17010000,0.1875 
16990000,0.18 
17020000,0.20625 
17000000,0.1925 
17030000,0.205 
17010000,0.18375 
17040000,0.1975 
17020000,0.19 
17050000,0.20875 
17030000,0.1925 
17060000,0.185 
17040000,0.19 
17070000,0.18875 
17050000,0.1825 
17080000,0.2075 
17060000,0.205 
17090000,0.2175 
17070000,0.19875 
17100000,0.2075 
17080000,0.1725 
17110000,0.20125 
17090000,0.18 
17120000,0.21 
17100000,0.1975 
17130000,0.205 
17110000,0.18 
17140000,0.215 
17120000,0.19375 
17150000,0.20875 
17130000,0.185 
17160000,0.20375 
17140000,0.19375 
17170000,0.19875 
17150000,0.18375 
17180000,0.20375 
17160000,0.20125 
17190000,0.2075 
17170000,0.19625 
17200000,0.20375 
17180000,0.1825 
17210000,0.18875 
17190000,0.19 
17220000,0.1975 
17200000,0.205 
17230000,0.195 
17210000,0.18625 
17240000,0.18375 
17220000,0.1925 
17250000,0.20125 
17230000,0.18375 
17260000,0.2125 
17240000,0.1875 
17270000,0.20875 
17250000,0.17875 
17280000,0.205 
17260000,0.1925 
17290000,0.19875 
17270000,0.18 
17300000,0.205 
17280000,0.18625 
17310000,0.19625 
17290000,0.185 
17320000,0.21125 
17300000,0.18125 
17330000,0.19875 
17310000,0.19125 
17340000,0.20875 
17320000,0.19 
17350000,0.2 
17330000,0.195 
17360000,0.19375 
17340000,0.175 
17370000,0.195 
17350000,0.18625 
17380000,0.19625 
17360000,0.19 
17390000,0.20125 
17370000,0.1925 
17400000,0.20625 
17380000,0.1875 
17410000,0.20375 
17390000,0.18875 
17420000,0.21125 
17400000,0.19 
17430000,0.2 
17410000,0.17625 
17440000,0.20375 
17420000,0.19625 
17450000,0.21625 
17430000,0.19375 
17460000,0.19875 
17440000,0.1825 
17470000,0.20125 
17450000,0.18125 
17480000,0.20875 
17460000,0.16875 
17490000,0.18375 
17470000,0.18875 
17500000,0.2 
17480000,0.20625 
17510000,0.2025 
17490000,0.1825 
17520000,0.2025 
17500000,0.18625 
17530000,0.18875 
17510000,0.18875 
17540000,0.2025 
17520000,0.17875 
17550000,0.195 
17530000,0.1875 
17560000,0.2025 
17540000,0.17875 
17570000,0.20875 
17550000,0.19125 
17580000,0.205 
17560000,0.18 
17590000,0.19625 
17570000,0.19375 
17600000,0.20625 
17580000,0.1875 
17610000,0.20875 
17590000,0.19375 
17620000,0.20375 
17600000,0.18625 
17630000,0.19875 
17610000,0.1875 
17640000,0.2025 
17620000,0.1775 
17650000,0.20875 
17630000,0.19125 
17660000,0.19875 
17640000,0.1925 
17670000,0.19375 
17650000,0.1975 
17680000,0.195 
17660000,0.185 
17690000,0.20625 
17670000,0.1975 
17700000,0.21375 
17680000,0.18375 
17710000,0.195 
17690000,0.1875 
17720000,0.195 
17700000,0.19625 
17730000,0.19375 
17710000,0.195 
17740000,0.2 
17720000,0.1975 
17750000,0.2 
17730000,0.18375 
17760000,0.2025 
17740000,0.21 
17770000,0.20625 
17750000,0.1775 
17780000,0.2025 
17760000,0.21 
17790000,0.1975 
17770000,0.19125 
17800000,0.19125 
17780000,0.20125 
17810000,0.19375 
17790000,0.195 
17820000,0.19375 
17800000,0.2025 
17830000,0.2025 
17810000,0.19625 
17840000,0.2025 
17820000,0.19625 
17850000,0.205 
17830000,0.2 
17860000,0.19 
17840000,0.19125 
17870000,0.1975 
17850000,0.185 
17880000,0.205 
17860000,0.17625 
17890000,0.19875 
17870000,0.1875 
17900000,0.195 
17880000,0.175 
17910000,0.21625 
17890000,0.19625 
17920000,0.18875 
17900000,0.18375 
17930000,0.19625 
17910000,0.205 
17940000,0.2125 
17920000,0.18375 
17950000,0.2025 
17930000,0.1875 
17960000,0.20375 
17940000,0.20125 
17970000,0.185 
17950000,0.1775 
17980000,0.20875 
17960000,0.2 
17990000,0.19875 
17970000,0.1975 
18000000,0.21 
17980000,0.19125 
18010000,0.19625 
17990000,0.18125 
18020000,0.19125 
18000000,0.20375 
18030000,0.2125 
18010000,0.18375 
18040000,0.205 
18020000,0.2 
18050000,0.215 
18030000,0.195 
18060000,0.20375 
18040000,0.1725 
18070000,0.2075 
18050000,0.1725 
18080000,0.20375 
18060000,0.18625 
18090000,0.2 
18070000,0.1875 
18100000,0.18875 
18080000,0.18625 
18110000,0.2 
18090000,0.18125 
18120000,0.1925 
18100000,0.185 
18130000,0.205 
18110000,0.18125 
18140000,0.2125 
18120000,0.18 
18150000,0.20875 
18130000,0.19625 
18160000,0.2 
18140000,0.195 
18170000,0.20125 
18150000,0.18 
18180000,0.1875 
18160000,0.185 
18190000,0.20375 
18170000,0.18 
18200000,0.20125 
18180000,0.17125 
18210000,0.1975 
18190000,0.19125 
18220000,0.20625 
18200000,0.1925 
18230000,0.19875 
18210000,0.17875 
18240000,0.19875 
18220000,0.17625 
18250000,0.20625 
18230000,0.1925 
18260000,0.2125 
18240000,0.19 
18270000,0.1925 
18250000,0.195 
18280000,0.1975 
18260000,0.17 
18290000,0.195 
18270000,0.1925 
18300000,0.2025 
18280000,0.185 
18310000,0.20875 
18290000,0.18875 
18320000,0.20375 
18300000,0.18625 
18330000,0.19625 
18310000,0.18625 
18340000,0.1925 
18320000,0.1875 
18350000,0.195 
18330000,0.16875 
18360000,0.2025 
18340000,0.18 
18370000,0.19375 
18350000,0.185 
18380000,0.185 
18360000,0.18 
18390000,0.19375 
18370000,0.175 
18400000,0.2025 
18380000,0.18625 
18410000,0.20125 
18390000,0.18125 
18420000,0.18625 
18400000,0.205 
18430000,0.2025 
18410000,0.2 
18440000,0.21 
18420000,0.1825 
18450000,0.205 
18430000,0.19125 
18460000,0.1975 
18440000,0.17625 
18470000,0.20125 
18450000,0.19 
18480000,0.2125 
18460000,0.19125 
18490000,0.20375 
18470000,0.1925 
18500000,0.20125 
18480000,0.2 
18510000,0.19375 
18490000,0.20625 
18520000,0.1975 
18500000,0.19125 
18530000,0.20875 
18510000,0.17875 
18540000,0.20375 
18520000,0.19625 
18550000,0.20125 
18530000,0.19125 
18560000,0.195 
18540000,0.1925 
18570000,0.20375 
18550000,0.19 
18580000,0.2075 
18560000,0.1925 
18590000,0.20625 
18570000,0.1875 
18600000,0.2075 
18580000,0.19 
18610000,0.19875 
18590000,0.1875 
18620000,0.1975 
18600000,0.18625 
18630000,0.20125 
18610000,0.175 
18640000,0.19375 
18620000,0.20125 
18650000,0.215 
18630000,0.19875 
18660000,0.18625 
18640000,0.17875 
18670000,0.20625 
18650000,0.195 
18680000,0.19625 
18660000,0.1925 
18690000,0.20875 
18670000,0.185 
18700000,0.2 
18680000,0.19125 
18710000,0.19125 
18690000,0.18375 
18720000,0.20375 
18700000,0.19875 
18730000,0.19125 
18710000,0.185 
18740000,0.18875 
18720000,0.19 
18750000,0.2 
18730000,0.18375 
18760000,0.19625 
18740000,0.175 
18770000,0.20875 
18750000,0.185 
18780000,0.215 
18760000,0.1775 
18790000,0.2025 
18770000,0.18875 
18800000,0.205 
18780000,0.19625 
18810000,0.2025 
18790000,0.1775 
18820000,0.19875 
18800000,0.18875 
18830000,0.2 
18810000,0.19375 
18840000,0.20625 
18820000,0.1875 
18850000,0.20625 
18830000,0.1725 
18860000,0.19875 
18840000,0.2 
18870000,0.20625 
18850000,0.18375 
18880000,0.20375 
18860000,0.185 
18890000,0.20375 
18870000,0.18875 
18900000,0.20125 
18880000,0.19 
18910000,0.19875 
18890000,0.2025 
18920000,0.2025 
18900000,0.18875 
18930000,0.205 
18910000,0.185 
18940000,0.2075 
18920000,0.19125 
18950000,0.20125 
18930000,0.18625 
18960000,0.19875 
18940000,0.1925 
18970000,0.215 
18950000,0.1825 
18980000,0.21375 
18960000,0.17625 
18990000,0.2 
18970000,0.1775 
19000000,0.205 
18980000,0.17625 
19010000,0.195 
18990000,0.17125 
19020000,0.205 
19000000,0.17375 
19030000,0.19125 
19010000,0.195 
19040000,0.2075 
19020000,0.18625 
19050000,0.205 
19030000,0.19125 
19060000,0.19875 
19040000,0.18 
19070000,0.1975 
19050000,0.18125 
19080000,0.19375 
19060000,0.18 
19090000,0.1875 
19070000,0.18 
19100000,0.20375 
19080000,0.185 
19110000,0.19625 
19090000,0.185 
19120000,0.20375 
19100000,0.1725 
19130000,0.18625 
19110000,0.18375 
19140000,0.2025 
19120000,0.18625 
19150000,0.2 
19130000,0.18125 
19160000,0.20375 
19140000,0.18125 
19170000,0.2 
19150000,0.1875 
19180000,0.205 
19160000,0.19625 
19190000,0.21 
19170000,0.18875 
19200000,0.21125 
19180000,0.17625 
19210000,0.195 
19190000,0.19125 
19220000,0.18125 
19200000,0.19 
19230000,0.2025 
19210000,0.19875 
19240000,0.2 
19220000,0.19 
19250000,0.19625 
19230000,0.19125 
19260000,0.20625 
19240000,0.18 
19270000,0.1975 
19250000,0.18625 
19280000,0.2 
19260000,0.1825 
19290000,0.19125 
19270000,0.2 
19300000,0.2 
19280000,0.19 
19310000,0.1925 
19290000,0.18625 
19320000,0.19125 
19300000,0.19 
19330000,0.19875 
19310000,0.2 
19340000,0.20375 
19320000,0.19625 
19350000,0.2 
19330000,0.18625 
19360000,0.2075 
19340000,0.185 
19370000,0.2075 
19350000,0.18125 
19380000,0.2025 
19360000,0.18125 
19390000,0.205 
19370000,0.2 
19400000,0.21625 
19380000,0.19125 
19410000,0.20375 
19390000,0.1875 
19420000,0.17625 
19400000,0.185 
19430000,0.2125 
19410000,0.19875 
19440000,0.20375 
19420000,0.20125 
19450000,0.18875 
19430000,0.1775 
19460000,0.18875 
19440000,0.185 
19470000,0.20125 
19450000,0.185 
19480000,0.2 
19460000,0.2 
19490000,0.20625 
19470000,0.2 
19500000,0.2025 
19480000,0.185 
19510000,0.18875 
19490000,0.185 
19520000,0.21 
19500000,0.19625 
19530000,0.19625 
19510000,0.18375 
19540000,0.20375 
19520000,0.19125 
19550000,0.20375 
19530000,0.205 
19560000,0.1925 
19540000,0.1875 
19570000,0.19875 
19550000,0.2025 
19580000,0.20625 
19560000,0.17625 
19590000,0.2075 
19570000,0.19 
19600000,0.20125 
19580000,0.19 
19610000,0.18875 
19590000,0.18625 
19620000,0.20625 
19600000,0.185 
19630000,0.195 
19610000,0.18625 
19640000,0.21875 
19620000,0.18625 
19650000,0.2025 
19630000,0.2 
19660000,0.22125 
19640000,0.18375 
19670000,0.20625 
19650000,0.2 
19680000,0.1975 
19660000,0.195 
19690000,0.1975 
19670000,0.195 
19700000,0.2125 
19680000,0.21 
19710000,0.195 
19690000,0.195 
19720000,0.19375 
19700000,0.19625 
19730000,0.195 
19710000,0.20125 
19740000,0.19875 
19720000,0.20125 
19750000,0.21125 
19730000,0.19625 
19760000,0.2 
19740000,0.1825 
19770000,0.195 
19750000,0.18125 
19780000,0.19875 
19760000,0.20875 
19790000,0.2 
19770000,0.1775 
19800000,0.1925 
19780000,0.18125 
19810000,0.19375 
19790000,0.19875 
19820000,0.1975 
19800000,0.19125 
19830000,0.2025 
19810000,0.19 
19840000,0.20875 
19820000,0.19875 
19850000,0.20125 
19830000,0.195 
19860000,0.2075 
19840000,0.18875 
19870000,0.205 
19850000,0.19875 
19880000,0.2 
19860000,0.20125 
19890000,0.2 
19870000,0.185 
19900000,0.18875 
19880000,0.1925 
19910000,0.205 
19890000,0.195 
19920000,0.2075 
19900000,0.18125 
19930000,0.2 
19910000,0.195 
19940000,0.2025 
19920000,0.20625 
19950000,0.20125 
19930000,0.195 
19960000,0.20125 
19940000,0.18 
19970000,0.2 
19950000,0.20625 
19980000,0.19875 
19960000,0.18125 
19990000,0.205 
19970000,0.19875 
20000000,0.20125 
19980000,0.1925 
20010000,0.19625 
19990000,0.2 
20020000,0.20625 
20000000,0.19375 
20030000,0.1975 
20010000,0.19125 
20040000,0.21625 
20020000,0.19 
20050000,0.1975 
20030000,0.19 
20060000,0.2125 
20040000,0.19625 
20070000,0.20625 
20050000,0.18625 
20080000,0.1975 
20060000,0.2 
20090000,0.21125 
20070000,0.19875 
20100000,0.2 
20080000,0.18625 
20110000,0.21125 
20090000,0.195 
20120000,0.2075 
20100000,0.18 
20130000,0.20625 
20110000,0.20375 
20140000,0.2025 
20120000,0.19375 
20150000,0.21625 
20130000,0.19125 
20160000,0.205 
20140000,0.18625 
20170000,0.205 
20150000,0.18125 
20180000,0.19 
20160000,0.195 
20190000,0.19375 
20170000,0.18 
20200000,0.21 
20180000,0.1925 
20210000,0.20625 
20190000,0.185 
20220000,0.20375 
20200000,0.18375 
20230000,0.20625 
20210000,0.18875 
20240000,0.1975 
20220000,0.18875 
20250000,0.20375 
20230000,0.19125 
20260000,0.2025 
20240000,0.18875 
20270000,0.19625 
20250000,0.1925 
20280000,0.20375 
20260000,0.17875 
20290000,0.2 
20270000,0.19375 
20300000,0.1925 
20280000,0.2025 
20310000,0.20875 
20290000,0.18125 
20320000,0.21375 
20300000,0.1975 
20330000,0.19125 
20310000,0.19125 
20340000,0.2175 
20320000,0.18875 
20350000,0.2075 
20330000,0.20625 
20360000,0.21 
20340000,0.17625 
20370000,0.21125 
20350000,0.18375 
20380000,0.20875 
20360000,0.1925 
20390000,0.20375 
20370000,0.21 
20400000,0.19375 
20380000,0.18125 
20410000,0.21125 
20390000,0.2 
20420000,0.2075 
20400000,0.20625 
20430000,0.205 
20410000,0.195 
20440000,0.20375 
20420000,0.1875 
20450000,0.20625 
20430000,0.19125 
20460000,0.20125 
20440000,0.19375 
20470000,0.205 
20450000,0.1925 
20480000,0.2025 
20460000,0.1925 
20490000,0.2125 
20470000,0.19125 
20500000,0.21 
20480000,0.185 
20510000,0.19625 
20490000,0.18875 
20520000,0.2125 
20500000,0.17875 
20530000,0.2075 
20510000,0.19375 
20540000,0.21625 
20520000,0.18 
20550000,0.2 
20530000,0.18375 
20560000,0.20125 
20540000,0.19625 
20570000,0.2075 
20550000,0.17875 
20580000,0.2025 
20560000,0.1975 
20590000,0.19875 
20570000,0.18 
20600000,0.205 
20580000,0.1875 
20610000,0.2075 
20590000,0.1875 
20620000,0.2075 
20600000,0.20125 
20630000,0.20125 
20610000,0.18375 
20640000,0.19875 
20620000,0.18125 
20650000,0.18625 
20630000,0.1925 
20660000,0.2125 
20640000,0.17625 
20670000,0.19 
20650000,0.19625 
20680000,0.19125 
20660000,0.1925 
20690000,0.18625 
20670000,0.1825 
20700000,0.195 
20680000,0.19625 
20710000,0.19625 
20690000,0.185 
20720000,0.20875 
20700000,0.18375 
20730000,0.2075 
20710000,0.20125 
20740000,0.20125 
20720000,0.19 
20750000,0.19625 
20730000,0.19 
20760000,0.2 
20740000,0.19125 
20770000,0.21125 
20750000,0.17625 
20780000,0.21125 
20760000,0.19 
20790000,0.2 
20770000,0.17875 
20800000,0.20375 
20780000,0.19 
20810000,0.20125 
20790000,0.1875 
20820000,0.2 
20800000,0.18875 
20830000,0.20875 
20810000,0.1975 
20840000,0.19625 
20820000,0.17875 
20850000,0.2175 
20830000,0.1725 
20860000,0.20125 
20840000,0.195 
20870000,0.20375 
20850000,0.18375 
20880000,0.19875 
20860000,0.1825 
20890000,0.21125 
20870000,0.175 
20900000,0.2075 
20880000,0.1925 
20910000,0.20375 
20890000,0.19375 
20920000,0.2125 
20900000,0.1975 
20930000,0.21 
20910000,0.20125 
20940000,0.2025 
20920000,0.1975 
20950000,0.20625 
20930000,0.19625 
20960000,0.21625 
20940000,0.18 
20970000,0.21 
20950000,0.19 
20980000,0.19875 
20960000,0.19625 
20990000,0.205 
20970000,0.20625 
21000000,0.18875 
20980000,0.19125 
21010000,0.2025 
20990000,0.2125 
21020000,0.19625 
21000000,0.1975 
21030000,0.205 
21010000,0.19875 
21040000,0.21125 
21020000,0.1925 
21050000,0.2025 
21030000,0.19625 
21060000,0.195 
21040000,0.20125 
21070000,0.20375 
21050000,0.19625 
21080000,0.2025 
21060000,0.19 
21090000,0.20375 
21070000,0.1925 
21100000,0.20375 
21080000,0.18375 
21110000,0.1975 
21090000,0.19125 
21120000,0.20625 
21100000,0.20375 
21130000,0.20375 
21110000,0.1875 
21140000,0.20875 
21120000,0.1975 
21150000,0.2 
21130000,0.18125 
21160000,0.20125 
21140000,0.2 
21170000,0.2025 
21150000,0.195 
21180000,0.205 
21160000,0.19 
21190000,0.2175 
21170000,0.20875 
21200000,0.21875 
21180000,0.21125 
21210000,0.20625 
21190000,0.20625 
21220000,0.21 
21200000,0.2 
21230000,0.20125 
21210000,0.20125 
21240000,0.21375 
21220000,0.19375 
21250000,0.19375 
21230000,0.195 
21260000,0.205 
21240000,0.2075 
21270000,0.2 
21250000,0.19875 
21280000,0.20125 
21260000,0.20875 
21290000,0.20375 
21270000,0.19375 
21300000,0.20875 
21280000,0.2 
21310000,0.2025 
21290000,0.19625 
21320000,0.1975 
21300000,0.2025 
21330000,0.2025 
21310000,0.19875 
21340000,0.205 
21320000,0.18125 
21350000,0.20125 
21330000,0.18625 
21360000,0.19625 
21340000,0.20125 
21370000,0.2 
21350000,0.21 
21380000,0.20625 
21360000,0.20375 
21390000,0.2025 
21370000,0.18875 
21400000,0.20875 
21380000,0.1775 
21410000,0.19375 
21390000,0.18125 
21420000,0.2025 
21400000,0.2 
21430000,0.20125 
21410000,0.195 
21440000,0.1975 
21420000,0.20625 
21450000,0.2 
21430000,0.205 
21460000,0.195 
21440000,0.1925 
21470000,0.20125 
21450000,0.19375 
21480000,0.20375 
21460000,0.19 
21490000,0.19125 
21470000,0.1825 
21500000,0.19375 
21480000,0.185 
21510000,0.205 
21490000,0.185 
21520000,0.21875 
21500000,0.1775 
21530000,0.20625 
21510000,0.1825 
21540000,0.20875 
21520000,0.1775 
21550000,0.20125 
21530000,0.205 
21560000,0.20125 
21540000,0.19125 
21570000,0.20875 
21550000,0.17875 
21580000,0.215 
21560000,0.185 
21590000,0.20125 
21570000,0.195 
21600000,0.195 
21580000,0.19625 
21610000,0.205 
21590000,0.19375 
21620000,0.20625 
21600000,0.2 
21630000,0.19 
21610000,0.175 
21640000,0.19 
21620000,0.19125 
21650000,0.195 
21630000,0.19375 
21660000,0.1975 
21640000,0.20625 
21670000,0.205 
21650000,0.19 
21680000,0.2175 
21660000,0.1875 
21690000,0.20625 
21670000,0.1925 
21700000,0.20625 
21680000,0.19125 
21710000,0.21125 
21690000,0.18 
21720000,0.2 
21700000,0.18625 
21730000,0.19875 
21710000,0.1825 
21740000,0.2025 
21720000,0.18625 
21750000,0.19875 
21730000,0.20125 
21760000,0.2 
21740000,0.1775 
21770000,0.20375 
21750000,0.18375 
21780000,0.21 
21760000,0.18625 
21790000,0.20625 
21770000,0.2 
21800000,0.1975 
21780000,0.19875 
21810000,0.2025 
21790000,0.1825 
21820000,0.19125 
21800000,0.185 
21830000,0.2025 
21810000,0.195 
21840000,0.2025 
21820000,0.18125 
21850000,0.215 
21830000,0.18875 
21860000,0.195 
21840000,0.19125 
21870000,0.1975 
21850000,0.18625 
21880000,0.19375 
21860000,0.1925 
21890000,0.2 
21870000,0.19375 
21900000,0.2025 
21880000,0.19625 
21910000,0.20125 
21890000,0.1925 
21920000,0.2075 
21900000,0.17875 
21930000,0.2025 
21910000,0.1875 
21940000,0.20125 
21920000,0.19125 
21950000,0.20625 
21930000,0.18375 
21960000,0.2 
21940000,0.1975 
21970000,0.21625 
21950000,0.1975 
21980000,0.1875 
21960000,0.185 
21990000,0.20125 
21970000,0.185 
22000000,0.1925 
21980000,0.1875 
22010000,0.20375 
21990000,0.1975 
22020000,0.21 
22000000,0.20625 
22030000,0.2025 
22010000,0.1975 
22040000,0.20875 
22020000,0.18125 
22050000,0.2125 
22030000,0.18375 
22060000,0.2125 
22040000,0.195 
22070000,0.2075 
22050000,0.19 
22080000,0.20875 
22060000,0.185 
22090000,0.2 
22070000,0.1925 
22100000,0.2075 
22080000,0.1975 
22110000,0.21375 
22090000,0.18625 
22120000,0.19625 
22100000,0.2 
22130000,0.20125 
22110000,0.18625 
22140000,0.20375 
22120000,0.195 
22150000,0.21 
22130000,0.1925 
22160000,0.20125 
22140000,0.175 
22170000,0.21875 
22150000,0.2 
22180000,0.18875 
22160000,0.195 
22190000,0.20125 
22170000,0.1975 
22200000,0.20375 
22180000,0.19 
22210000,0.19875 
22190000,0.19125 
22220000,0.205 
22200000,0.19 
22230000,0.2025 
22210000,0.19125 
22240000,0.19625 
22220000,0.1875 
22250000,0.2025 
22230000,0.195 
22260000,0.20625 
22240000,0.18125 
22270000,0.2075 
22250000,0.185 
22280000,0.19625 
22260000,0.19875 
22290000,0.19375 
22270000,0.18125 
22300000,0.19625 
22280000,0.18625 
22310000,0.20375 
22290000,0.17875 
22320000,0.20125 
22300000,0.19125 
22330000,0.1975 
22310000,0.19375 
22340000,0.20625 
22320000,0.18375 
22350000,0.20625 
22330000,0.1975 
22360000,0.2 
22340000,0.1875 
22370000,0.19625 
22350000,0.18 
22380000,0.2025 
22360000,0.18875 
22390000,0.20125 
22370000,0.1925 
22400000,0.21 
22380000,0.2025 
22410000,0.21 
22390000,0.19125 
22420000,0.1975 
22400000,0.1775 
22430000,0.2025 
22410000,0.1925 
22440000,0.2125 
22420000,0.205 
22450000,0.205 
22430000,0.18125 
22460000,0.18125 
22440000,0.2025 
22470000,0.205 
22450000,0.195 
22480000,0.1925 
22460000,0.19625 
22490000,0.2 
22470000,0.1975 
22500000,0.2025 
22480000,0.19625 
22510000,0.195 
22490000,0.20375 
22520000,0.20625 
22500000,0.205 
22530000,0.195 
22510000,0.17625 
22540000,0.22125 
22520000,0.19875 
22550000,0.20625 
22530000,0.19875 
22560000,0.2 
22540000,0.19875 
22570000,0.205 
22550000,0.1975 
22580000,0.20125 
22560000,0.2 
22590000,0.1975 
22570000,0.19375 
22600000,0.1975 
22580000,0.21375 
22610000,0.19875 
22590000,0.2 
22620000,0.21125 
22600000,0.19 
22630000,0.21 
22610000,0.18875 
22640000,0.20125 
22620000,0.19125 
22650000,0.20625 
22630000,0.1925 
22660000,0.18375 
22640000,0.2075 
22670000,0.205 
22650000,0.20125 
22680000,0.2125 
22660000,0.18125 
22690000,0.19625 
22670000,0.20125 
22700000,0.21 
22680000,0.1975 
22710000,0.2025 
22690000,0.19375 
22720000,0.19875 
22700000,0.1975 
22730000,0.18375 
22710000,0.1975 
22740000,0.20625 
22720000,0.195 
22750000,0.205 
22730000,0.185 
22760000,0.19375 
22740000,0.18375 
22770000,0.2075 
22750000,0.19125 
22780000,0.20375 
22760000,0.1875 
22790000,0.2075 
22770000,0.18875 
22800000,0.20375 
22780000,0.20125 
22810000,0.20875 
22790000,0.1825 
22820000,0.185 
22800000,0.195 
22830000,0.19625 
22810000,0.1925 
22840000,0.20625 
22820000,0.195 
22850000,0.21 
22830000,0.18 
22860000,0.21125 
22840000,0.18375 
22870000,0.21 
22850000,0.19875 
22880000,0.20375 
22860000,0.1925 
22890000,0.2125 
22870000,0.19875 
22900000,0.20625 
22880000,0.19 
22910000,0.215 
22890000,0.195 
22920000,0.20125 
22900000,0.19 
22930000,0.20625 
22910000,0.18375 
22940000,0.1975 
22920000,0.18625 
22950000,0.20375 
22930000,0.1825 
22960000,0.19625 
22940000,0.18625 
22970000,0.1975 
22950000,0.18625 
22980000,0.18875 
22960000,0.18 
22990000,0.19625 
22970000,0.18625 
23000000,0.19875 
22980000,0.18 
23010000,0.1925 
22990000,0.18625 
23020000,0.20125 
23000000,0.18375 
23030000,0.1975 
23010000,0.19125 
23040000,0.19625 
23020000,0.1925 
23050000,0.2075 
23030000,0.19625 
23060000,0.1975 
23040000,0.18875 
23070000,0.21 
23050000,0.185 
23080000,0.2125 
23060000,0.185 
23090000,0.20375 
23070000,0.2025 
23100000,0.19375 
23080000,0.18 
23110000,0.2025 
23090000,0.185 
23120000,0.19875 
23100000,0.18625 
23130000,0.19125 
23110000,0.19625 
23140000,0.19875 
23120000,0.1925 
23150000,0.19 
23130000,0.19125 
23160000,0.2 
23140000,0.185 
23170000,0.1975 
23150000,0.19375 
23180000,0.2125 
23160000,0.19625 
23190000,0.20125 
23170000,0.20125 
23200000,0.20875 
23180000,0.195 
23210000,0.2025 
23190000,0.2075 
23220000,0.205 
23200000,0.19 
23230000,0.2 
23210000,0.19375 
23240000,0.20375 
23220000,0.19625 
23250000,0.2 
23230000,0.1725 
23260000,0.195 
23240000,0.17625 
23270000,0.20875 
23250000,0.19625 
23280000,0.20625 
23260000,0.1925 
23290000,0.20125 
23270000,0.19875 
23300000,0.1825 
23280000,0.19625 
23310000,0.2 
23290000,0.1875 
23320000,0.20125 
23300000,0.19125 
23330000,0.20375 
23310000,0.19 
23340000,0.19125 
23320000,0.19875 
23350000,0.21 
23330000,0.20875 
23360000,0.2075 
23340000,0.17875 
23370000,0.185 
23350000,0.195 
23380000,0.19375 
23360000,0.1975 
23390000,0.2 
23370000,0.21375 
23400000,0.195 
23380000,0.19 
23410000,0.2025 
23390000,0.2 
23420000,0.19375 
23400000,0.18875 
23430000,0.20375 
23410000,0.2075 
23440000,0.20625 
23420000,0.195 
23450000,0.20875 
23430000,0.2025 
23460000,0.20875 
23440000,0.185 
23470000,0.19375 
23450000,0.19875 
23480000,0.21125 
23460000,0.205 
23490000,0.20375 
23470000,0.195 
23500000,0.195 
23480000,0.19125 
23510000,0.19875 
23490000,0.195 
23520000,0.2025 
23500000,0.185 
23530000,0.2125 
23510000,0.19375 
23540000,0.20875 
23520000,0.19375 
23550000,0.19625 
23530000,0.18375 
23560000,0.195 
23540000,0.19625 
23570000,0.2 
23550000,0.19125 
23580000,0.19625 
23560000,0.19 
23590000,0.20125 
23570000,0.1875 
23600000,0.19625 
23580000,0.2025 
23610000,0.2025 
23590000,0.18875 
23620000,0.20625 
23600000,0.20625 
23630000,0.19375 
23610000,0.2025 
23640000,0.2025 
23620000,0.2 
23650000,0.205 
23630000,0.18 
23660000,0.195 
23640000,0.19125 
23670000,0.205 
23650000,0.19 
23680000,0.2125 
23660000,0.1925 
23690000,0.205 
23670000,0.19625 
23700000,0.1975 
23680000,0.18625 
23710000,0.19375 
23690000,0.195 
23720000,0.2025 
23700000,0.19875 
23730000,0.1975 
23710000,0.195 
23740000,0.20125 
23720000,0.19 
23750000,0.18625 
23730000,0.2 
23760000,0.20625 
23740000,0.17625 
23770000,0.2075 
23750000,0.18875 
23780000,0.2 
23760000,0.1925 
23790000,0.1975 
23770000,0.2025 
23800000,0.19625 
23780000,0.1975 
23810000,0.20375 
23790000,0.195 
23820000,0.21375 
23800000,0.195 
23830000,0.20125 
23810000,0.18125 
23840000,0.20625 
23820000,0.2025 
23850000,0.20625 
23830000,0.2025 
23860000,0.20375 
23840000,0.1825 
23870000,0.20625 
23850000,0.18125 
23880000,0.205 
23860000,0.1875 
23890000,0.2 
23870000,0.1975 
23900000,0.20875 
23880000,0.195 
23910000,0.20625 
23890000,0.1975 
23920000,0.20625 
23900000,0.19875 
23930000,0.1975 
23910000,0.185 
23940000,0.195 
23920000,0.19375 
23950000,0.19875 
23930000,0.18375 
23960000,0.20875 
23940000,0.19375 
23970000,0.2025 
23950000,0.22125 
23980000,0.21125 
23960000,0.2 
23990000,0.2025 
23970000,0.20125 
24000000,0.2025 
23980000,0.2025 
24010000,0.2025 
23990000,0.19375 
24020000,0.2075 
24000000,0.20375 
24030000,0.20375 
24010000,0.2075 
24040000,0.2075 
24020000,0.1925 
24050000,0.20375 
24030000,0.19625 
24060000,0.19375 
24040000,0.20125 
24070000,0.20875 
24050000,0.19375 
24080000,0.195 
24060000,0.19125 
24090000,0.20125 
24070000,0.19125 
24100000,0.18625 
24080000,0.20125 
24110000,0.1975 
24090000,0.1925 
24120000,0.20625 
24100000,0.18375 
24130000,0.20625 
24110000,0.19625 
24140000,0.195 
24120000,0.1825 
24150000,0.2 
24130000,0.18875 
24160000,0.2 
24140000,0.20125 
24170000,0.18875 
24150000,0.19 
24180000,0.19875 
24160000,0.1775 
24190000,0.19125 
24170000,0.19625 
24200000,0.185 
24180000,0.19 
24210000,0.205 
24190000,0.19625 
24220000,0.1975 
24200000,0.20125 
24230000,0.205 
24210000,0.18375 
24240000,0.18125 
24220000,0.19 
24250000,0.19875 
24230000,0.17625 
24260000,0.19125 
24240000,0.17375 
24270000,0.19875 
24250000,0.185 
24280000,0.19 
24260000,0.18125 
24290000,0.20125 
24270000,0.1825 
24300000,0.20625 
24280000,0.1875 
24310000,0.195 
24290000,0.18375 
24320000,0.2025 
24300000,0.17625 
24330000,0.19 
24310000,0.18 
24340000,0.21 
24320000,0.1875 
24350000,0.19 
24330000,0.17625 
24360000,0.1975 
24340000,0.18875 
24370000,0.2025 
24350000,0.1925 
24380000,0.205 
24360000,0.19375 
24390000,0.205 
24370000,0.19875 
24400000,0.19875 
24380000,0.18875 
24410000,0.2125 
24390000,0.1875 
24420000,0.19125 
24400000,0.1925 
24430000,0.2075 
24410000,0.18375 
24440000,0.21125 
24420000,0.1925 
24450000,0.1975 
24430000,0.19125 
24460000,0.205 
24440000,0.18625 
24470000,0.2075 
24450000,0.20125 
24480000,0.19125 
24460000,0.1925 
24490000,0.19125 
24470000,0.2025 
24500000,0.20375 
24480000,0.18875 
24510000,0.2 
24490000,0.1875 
24520000,0.19875 
24500000,0.19375 
24530000,0.2 
24510000,0.195 
24540000,0.195 
24520000,0.18375 
24550000,0.19125 
24530000,0.2025 
24560000,0.195 
24540000,0.19375 
24570000,0.2 
24550000,0.18625 
24580000,0.18375 
24560000,0.2 
24590000,0.1925 
24570000,0.185 
24600000,0.1975 
24580000,0.19125 
24610000,0.2 
24590000,0.19125 
24620000,0.20875 
24600000,0.18625 
24630000,0.1825 
24610000,0.19125 
24640000,0.195 
24620000,0.19875 
24650000,0.2025 
24630000,0.17625 
24660000,0.20375 
24640000,0.19625 
24670000,0.20375 
24650000,0.19125 
24680000,0.19 
24660000,0.18 
24690000,0.21875 
24670000,0.1825 
24700000,0.20125 
24680000,0.1775 
24710000,0.2025 
24690000,0.19375 
24720000,0.19375 
24700000,0.18125 
24730000,0.20375 
24710000,0.195 
24740000,0.19875 
24720000,0.1825 
24750000,0.20875 
24730000,0.1925 
24760000,0.1975 
24740000,0.18875 
24770000,0.21125 
24750000,0.1925 
24780000,0.20375 
24760000,0.18875 
24790000,0.19875 
24770000,0.18875 
24800000,0.19 
24780000,0.18125 
24810000,0.21125 
24790000,0.195 
24820000,0.19875 
24800000,0.1875 
24830000,0.1925 
24810000,0.2025 
24840000,0.20125 
24820000,0.1925 
24850000,0.20375 
24830000,0.1975 
24860000,0.20375 
24840000,0.19375 
24870000,0.19625 
24850000,0.18125 
24880000,0.205 
24860000,0.18375 
24890000,0.2 
24870000,0.18125 
24900000,0.19875 
24880000,0.19625 
24910000,0.19625 
24890000,0.18125 
24920000,0.1975 
24900000,0.1925 
24930000,0.20625 
24910000,0.18375 
24940000,0.19625 
24920000,0.2025 
24950000,0.2 
24930000,0.19875 
24960000,0.20625 
24940000,0.19625 
24970000,0.2025 
24950000,0.19375 
24980000,0.195 
24960000,0.1925 
24990000,0.21875 
24970000,0.17125 
25000000,0.19375 
24980000,0.19125 
24990000,0.1875 
25000000,0.17875 
