10000,0.0 
20000,0.0025 
30000,0.00875 
40000,0.01 
50000,0.01125 
60000,0.0075 
70000,0.01375 
80000,0.00625 
90000,0.015 
100000,0.01625 
110000,0.0125 
120000,0.03 
130000,0.02 
140000,0.0225 
150000,0.01875 
160000,0.0225 
170000,0.02875 
180000,0.02375 
190000,0.02625 
200000,0.02125 
210000,0.0175 
220000,0.01625 
230000,0.025 
240000,0.025 
250000,0.02625 
260000,0.02625 
270000,0.02125 
280000,0.035 
290000,0.0175 
300000,0.0175 
310000,0.01875 
320000,0.02125 
330000,0.035 
340000,0.02625 
350000,0.02875 
360000,0.01625 
370000,0.03625 
380000,0.02125 
390000,0.0325 
400000,0.025 
410000,0.035 
420000,0.03125 
430000,0.0325 
440000,0.035 
450000,0.0475 
460000,0.0425 
470000,0.05 
480000,0.0425 
490000,0.04625 
500000,0.05375 
510000,0.055 
520000,0.075 
530000,0.06375 
540000,0.075 
550000,0.08125 
560000,0.0725 
570000,0.1 
580000,0.08 
590000,0.085 
600000,0.09 
610000,0.09125 
620000,0.11125 
630000,0.10375 
640000,0.10875 
650000,0.105 
660000,0.1125 
670000,0.13 
680000,0.12875 
690000,0.11875 
700000,0.1425 
710000,0.1325 
720000,0.14375 
730046,0.13432835820895522 
740046,0.17125 
750046,0.15125 
760046,0.15625 
770046,0.16875 
780046,0.16375 
790046,0.13875 
800046,0.1475 
810046,0.165 
820046,0.1775 
830045,0.16875 
840045,0.19375 
850045,0.18375 
860045,0.165 
870045,0.195 
880016,0.18 
890014,0.20625 
900014,0.21125 
910014,0.24625 
920014,0.20625 
930014,0.21875 
940014,0.20375 
950014,0.2525 
960014,0.21625 
970014,0.23625 
980014,0.2175 
990014,0.23875 
1000014,0.2225 
1010014,0.25375 
1020018,0.21393034825870647 
1030014,0.25125 
1040030,0.26741293532338306 
1050020,0.235 
1060020,0.23 
1070038,0.2574626865671642 
1080003,0.285 
1090003,0.26625 
1100040,0.275990099009901 
1110006,0.29875 
1120019,0.27114427860696516 
1130031,0.30970149253731344 
1140035,0.30845771144278605 
1150005,0.3475 
1160018,0.30970149253731344 
1170016,0.275 
1180043,0.3118811881188119 
1190000,0.30375 
1200022,0.34236453201970446 
1210045,0.32425742574257427 
1220014,0.33044554455445546 
1230049,0.35098522167487683 
1240002,0.33875 
1250016,0.31343283582089554 
1260015,0.36757425742574257 
1270037,0.349009900990099 
1280005,0.349009900990099 
1290042,0.35467980295566504 
1300017,0.37438423645320196 
1310017,0.4007352941176471 
1320021,0.39408866995073893 
1330012,0.3799019607843137 
1340026,0.3620689655172414 
1350034,0.38228155339805825 
1360048,0.41383495145631066 
1370003,0.3886138613861386 
1380042,0.39655172413793105 
1390017,0.40487804878048783 
1400040,0.4219512195121951 
1410012,0.4292682926829268 
1420046,0.41379310344827586 
1430026,0.46116504854368934 
1440024,0.433252427184466 
1450043,0.4675480769230769 
1460002,0.4411057692307692 
1470030,0.46462264150943394 
1480047,0.4335748792270531 
1490048,0.47946859903381644 
1500048,0.46237864077669905 
1510038,0.44711538461538464 
1520040,0.4429611650485437 
1530028,0.4672330097087379 
1540006,0.4492753623188406 
1550041,0.5239234449760766 
1560019,0.4855769230769231 
1570047,0.5 
1580045,0.49401913875598086 
1590013,0.4988038277511962 
1600047,0.48459715639810425 
1610046,0.45595238095238094 
1620046,0.45595238095238094 
1630032,0.514218009478673 
1640007,0.5341981132075472 
1650024,0.4927536231884058 
1660010,0.48826291079812206 
1670010,0.5130331753554502 
1680024,0.5296208530805687 
1690007,0.4976303317535545 
1700026,0.5610599078341014 
1710021,0.4822274881516588 
1720026,0.5011792452830188 
1730047,0.5305164319248826 
1740029,0.5176886792452831 
1750044,0.5523255813953488 
1760010,0.5233644859813084 
1770027,0.610730593607306 
1780014,0.5210280373831776 
1790040,0.5554245283018868 
1800044,0.5420560747663551 
1810046,0.5810502283105022 
1820017,0.5599078341013825 
1830015,0.5520833333333334 
1840026,0.6188340807174888 
1850023,0.6114864864864865 
1860011,0.5742009132420092 
1870020,0.6058558558558559 
1880015,0.5840909090909091 
1890021,0.54337899543379 
1900008,0.5622119815668203 
1910012,0.5874439461883408 
1920021,0.6222222222222222 
1930039,0.5707762557077626 
1940003,0.6171171171171171 
1950001,0.6557017543859649 
1960029,0.5738636363636364 
1970009,0.6022727272727273 
1980022,0.5954545454545455 
1990042,0.6050884955752213 
2000028,0.6205357142857143 
2010043,0.5453488372093023 
2020034,0.5904017857142857 
2030026,0.6210762331838565 
2040018,0.6033333333333334 
2050020,0.6537610619469026 
2060028,0.6272123893805309 
2070035,0.6593886462882096 
2080028,0.625560538116592 
2090020,0.6049107142857143 
2100021,0.6408296943231441 
2110020,0.6339285714285714 
2120020,0.6166666666666667 
2130020,0.6114864864864865 
2140014,0.5997757847533632 
2150000,0.5866666666666667 
2160011,0.6006637168141593 
2170043,0.6145374449339207 
2180036,0.6294642857142857 
2190000,0.6475770925110133 
2200037,0.6380434782608696 
2210008,0.6593886462882096 
2220048,0.6179653679653679 
2230043,0.6537610619469026 
2240021,0.6532608695652173 
2250005,0.5844444444444444 
2260001,0.6856223175965666 
2270003,0.6414473684210527 
2280022,0.6347826086956522 
2290014,0.6517094017094017 
2300048,0.6652173913043479 
2310012,0.6739130434782609 
2320028,0.6824034334763949 
2330046,0.6699134199134199 
2340041,0.6549145299145299 
2350042,0.6365638766519823 
2360009,0.6443965517241379 
2370011,0.6458333333333334 
2380038,0.6506410256410257 
2390022,0.6122222222222222 
2400039,0.638646288209607 
2410034,0.6779661016949152 
2420007,0.6288546255506607 
2430034,0.6861924686192469 
2440049,0.6506550218340611 
2450035,0.6404867256637168 
2460024,0.6108695652173913 
2470034,0.6716738197424893 
2480027,0.694560669456067 
2490026,0.6785714285714286 
2500035,0.6523605150214592 
2510005,0.7311715481171548 
2520013,0.6437768240343348 
2530033,0.6620171673819742 
2540034,0.7221074380165289 
2550044,0.6512875536480687 
2560027,0.6719409282700421 
2570028,0.6463675213675214 
2580027,0.674468085106383 
2590027,0.663135593220339 
2600016,0.65 
2610036,0.675531914893617 
2620033,0.717948717948718 
2630032,0.7 
2640028,0.65 
2650015,0.6663090128755365 
2660003,0.6851063829787234 
2670024,0.6840425531914893 
2680042,0.6851464435146444 
2690015,0.6882978723404255 
2700030,0.6849173553719008 
2710032,0.6944444444444444 
2720000,0.7030612244897959 
2730046,0.738 
2740014,0.698093220338983 
2750022,0.720164609053498 
2760003,0.7364583333333333 
2770001,0.6670212765957447 
2780002,0.6854166666666667 
2790049,0.7160493827160493 
2800016,0.701844262295082 
2810030,0.7095435684647303 
2820011,0.6553191489361702 
2830037,0.6885416666666667 
2840015,0.6787234042553192 
2850017,0.7169421487603306 
2860030,0.6716738197424893 
2870045,0.7071129707112971 
2880001,0.6935146443514645 
2890018,0.6595744680851063 
2900018,0.6972573839662447 
2910033,0.7285714285714285 
2920015,0.6940928270042194 
2930032,0.7318548387096774 
2940010,0.7122448979591837 
2950008,0.735655737704918 
2960035,0.7078059071729957 
2970021,0.6875 
2980002,0.6796218487394958 
2990000,0.7008196721311475 
3000001,0.7276422764227642 
3010030,0.6827731092436975 
3020020,0.7175732217573222 
3030020,0.725609756097561 
3040032,0.6853448275862069 
3050015,0.7469635627530364 
3060005,0.7355371900826446 
3070036,0.696652719665272 
3080002,0.7426778242677824 
3090008,0.7033898305084746 
3100016,0.6659574468085107 
3110026,0.7238493723849372 
3120037,0.7308467741935484 
3130009,0.7016806722689075 
3140042,0.7427385892116183 
3150028,0.7165271966527197 
3160021,0.7027310924369747 
3170036,0.7633196721311475 
3180039,0.7489754098360656 
3190031,0.7325819672131147 
3200022,0.680379746835443 
3210045,0.7274590163934426 
3220039,0.7325102880658436 
3230022,0.7098765432098766 
3240044,0.7388211382113821 
3250022,0.720954356846473 
3260017,0.6887966804979253 
3270049,0.7479591836734694 
3280009,0.6936170212765957 
3290026,0.7238955823293173 
3300038,0.7386831275720165 
3310000,0.6972573839662447 
3320017,0.6933198380566802 
3330009,0.7120901639344263 
3340007,0.7064315352697096 
3350046,0.7151898734177216 
3360002,0.7109053497942387 
3370023,0.6991701244813278 
3380014,0.7437759336099585 
3390014,0.7231404958677686 
3400003,0.7348790322580645 
3410003,0.7459183673469387 
3420037,0.7160493827160493 
3430046,0.7439516129032258 
3440049,0.7520080321285141 
3450015,0.7418367346938776 
3460015,0.7570564516129032 
3470017,0.7652439024390244 
3480025,0.7116182572614108 
3490009,0.7358870967741935 
3500000,0.7184959349593496 
3510037,0.7338056680161943 
3520045,0.7173469387755103 
3530010,0.71900826446281 
3540022,0.7144308943089431 
3550036,0.7326530612244898 
3560033,0.7327935222672065 
3570018,0.7125 
3580019,0.7459016393442623 
3590004,0.716804979253112 
3600049,0.6962809917355371 
3610008,0.7438775510204082 
3620042,0.7215447154471545 
3630000,0.7510245901639344 
3640043,0.7301255230125523 
3650004,0.717436974789916 
3660009,0.7378048780487805 
3670012,0.7035123966942148 
3680042,0.7211934156378601 
3690007,0.7479591836734694 
3700011,0.7697628458498024 
3710002,0.7306910569105691 
3720001,0.7027310924369747 
3730014,0.7530241935483871 
3740020,0.7580971659919028 
3750003,0.7713414634146342 
3760030,0.7408163265306122 
3770040,0.7122448979591837 
3780048,0.732 
3790034,0.7206477732793523 
3800005,0.7449596774193549 
3810044,0.7639442231075697 
3820023,0.733739837398374 
3830001,0.71875 
3840036,0.7325102880658436 
3850024,0.7489837398373984 
3860044,0.7559760956175299 
3870044,0.750996015936255 
3880025,0.7520242914979757 
3890029,0.744 
3900004,0.7379032258064516 
3910013,0.7105263157894737 
3920033,0.7609561752988048 
3930034,0.729757085020243 
3940010,0.7165271966527197 
3950034,0.7296747967479674 
3960028,0.746031746031746 
3970009,0.7708333333333334 
3980018,0.7428861788617886 
3990030,0.76 
4000043,0.7032520325203252 
4010011,0.7346938775510204 
4020043,0.7569169960474308 
4030024,0.7377551020408163 
4040021,0.7469635627530364 
4050036,0.75 
4060029,0.7061224489795919 
4070021,0.7599601593625498 
4080015,0.7213114754098361 
4090012,0.7921686746987951 
4100025,0.7559760956175299 
4110012,0.7254098360655737 
4120023,0.7774509803921569 
4130020,0.7560240963855421 
4140046,0.7449596774193549 
4150000,0.7459677419354839 
4160036,0.7459514170040485 
4170009,0.791828793774319 
4180028,0.72165991902834 
4190049,0.7529761904761905 
4200028,0.7310756972111554 
4210005,0.7397540983606558 
4220010,0.7489878542510121 
4230000,0.7751937984496124 
4240015,0.7310756972111554 
4250020,0.7677165354330708 
4260013,0.7296747967479674 
4270000,0.763671875 
4280033,0.7176113360323887 
4290029,0.7733463035019456 
4300020,0.7330677290836654 
4310044,0.7692307692307693 
4320033,0.8153409090909091 
4330042,0.7430555555555556 
4340030,0.7837301587301587 
4350027,0.7438271604938271 
4360016,0.7450592885375494 
4370008,0.7578740157480315 
4380020,0.7489795918367347 
4390002,0.6979166666666666 
4400018,0.778957528957529 
4410028,0.7963320463320464 
4420014,0.757 
4430002,0.7449596774193549 
4440003,0.7449392712550608 
4450030,0.7270916334661355 
4460032,0.7417695473251029 
4470008,0.717479674796748 
4480028,0.752 
4490019,0.7540160642570282 
4500003,0.7638339920948617 
4510040,0.757172131147541 
4520036,0.7634615384615384 
4530019,0.7788844621513944 
4540010,0.7651209677419355 
4550027,0.7479757085020243 
4560033,0.7807692307692308 
4570017,0.7609561752988048 
4580017,0.7439271255060729 
4590029,0.7549407114624506 
4600013,0.7439024390243902 
4610004,0.7519685039370079 
4620022,0.7790697674418605 
4630021,0.7620481927710844 
4640000,0.7520242914979757 
4650043,0.7408163265306122 
4660018,0.7398373983739838 
4670003,0.7658102766798419 
4680044,0.7460159362549801 
4690024,0.7638888888888888 
4700025,0.7706692913385826 
4710030,0.8125 
4720005,0.746 
4730035,0.7767857142857143 
4740012,0.7410714285714286 
4750022,0.748 
4760027,0.7903543307086615 
4770024,0.7519685039370079 
4780012,0.75 
4790028,0.7837837837837838 
4800026,0.7659362549800797 
4810029,0.763 
4820034,0.7560483870967742 
4830011,0.7942913385826772 
4840000,0.7690763052208835 
4850013,0.75 
4860015,0.7590725806451613 
4870018,0.749003984063745 
4880006,0.7630522088353414 
4890027,0.7841796875 
4900004,0.7895752895752896 
4910013,0.7329317269076305 
4920002,0.7649402390438247 
4930030,0.792156862745098 
4940020,0.7841796875 
4950043,0.801923076923077 
4960018,0.7357723577235772 
4970027,0.7648221343873518 
4980005,0.7661290322580645 
4990002,0.775390625 
5000018,0.751953125 
5010020,0.7647058823529411 
5020019,0.7420634920634921 
5030011,0.7880859375 
5040019,0.8273584905660377 
5050010,0.7717391304347826 
5060039,0.7889105058365758 
5070040,0.7673745173745173 
5080011,0.7828685258964143 
5090025,0.763 
5100007,0.777 
5110021,0.7829457364341085 
5120013,0.7865384615384615 
5130004,0.7715686274509804 
5140049,0.7578431372549019 
5150021,0.7982625482625483 
5160004,0.7806324110671937 
5170014,0.763 
5180009,0.7996108949416343 
5190029,0.7896825396825397 
5200015,0.7722868217054264 
5210046,0.7778846153846154 
5220002,0.7821011673151751 
5230009,0.7587890625 
5240042,0.7736220472440944 
5250018,0.7658102766798419 
5260000,0.7703252032520326 
5270010,0.7768924302788844 
5280047,0.7800387596899225 
5290041,0.7731660231660231 
5300040,0.7969348659003831 
5310027,0.791015625 
5320036,0.7881679389312977 
5330043,0.7409274193548387 
5340033,0.751937984496124 
5350002,0.8342696629213483 
5360040,0.7548828125 
5370048,0.8035714285714286 
5380017,0.7744140625 
5390022,0.7830739299610895 
5400036,0.7915057915057915 
5410025,0.7883858267716536 
5420047,0.811787072243346 
5430019,0.8017578125 
5440014,0.771484375 
5450030,0.8305243445692884 
5460035,0.7609126984126984 
5470012,0.7549800796812749 
5480028,0.7951923076923076 
5490023,0.7687747035573123 
5500001,0.8026819923371648 
5510030,0.7727272727272727 
5520002,0.803639846743295 
5530007,0.8040540540540541 
5540028,0.8108365019011406 
5550015,0.8055555555555556 
5560026,0.8068181818181818 
5570018,0.8017241379310345 
5580014,0.8267045454545454 
5590020,0.7891221374045801 
5600012,0.8088803088803089 
5610003,0.791828793774319 
5620006,0.78515625 
5630001,0.7637254901960784 
5640033,0.8210227272727273 
5650028,0.7966269841269841 
5660018,0.7568897637795275 
5670048,0.8148854961832062 
5680040,0.7854406130268199 
5690012,0.7937743190661478 
5700011,0.7829457364341085 
5710022,0.7777777777777778 
5720005,0.75 
5730020,0.7764705882352941 
5740005,0.7834645669291339 
5750005,0.8093869731800766 
5760019,0.8117760617760618 
5770046,0.791828793774319 
5780020,0.8199233716475096 
5790041,0.7821011673151751 
5800031,0.8171641791044776 
5810012,0.7902298850574713 
5820023,0.7739043824701195 
5830007,0.7768924302788844 
5840026,0.8201923076923077 
5850012,0.810377358490566 
5860044,0.7800387596899225 
5870026,0.7900763358778626 
5880012,0.7972972972972973 
5890017,0.7936046511627907 
5900009,0.7799227799227799 
5910024,0.7819767441860465 
5920020,0.7787698412698413 
5930027,0.7747035573122529 
5940017,0.8574074074074074 
5950046,0.78125 
5960018,0.8045977011494253 
5970024,0.7726377952755905 
5980008,0.8227969348659003 
5990013,0.7837837837837838 
6000030,0.7870722433460076 
6010034,0.7626459143968871 
6020002,0.7803921568627451 
6030030,0.7850194552529183 
6040041,0.8084291187739464 
6050010,0.8023255813953488 
6060020,0.7873563218390804 
6070015,0.8073308270676691 
6080031,0.7891221374045801 
6090003,0.8191287878787878 
6100036,0.8007662835249042 
6110037,0.8132183908045977 
6120017,0.8122641509433962 
6130015,0.8055555555555556 
6140028,0.7781007751937985 
6150049,0.8184410646387833 
6160016,0.7892156862745098 
6170049,0.8113026819923371 
6180004,0.803639846743295 
6190003,0.7692307692307693 
6200020,0.7674180327868853 
6210015,0.8129770992366412 
6220019,0.8139763779527559 
6230045,0.8203422053231939 
6240008,0.7926356589147286 
6250018,0.7835249042145593 
6260007,0.8043893129770993 
6270011,0.7722007722007722 
6280008,0.8192883895131086 
6290015,0.8070342205323194 
6300019,0.8352059925093633 
6310029,0.790719696969697 
6320040,0.7893700787401575 
6330001,0.803088803088803 
6340025,0.8248106060606061 
6350022,0.7990384615384616 
6360041,0.7921455938697318 
6370017,0.7891221374045801 
6380017,0.7956273764258555 
6390002,0.7626459143968871 
6400011,0.8028301886792453 
6410033,0.8122641509433962 
6420009,0.8218283582089553 
6430029,0.8211610486891385 
6440027,0.8136882129277566 
6450049,0.8035714285714286 
6460015,0.8374524714828897 
6470033,0.782319391634981 
6480036,0.8007662835249042 
6490041,0.7757633587786259 
6500020,0.7976653696498055 
6510044,0.8174157303370787 
6520013,0.7729885057471264 
6530027,0.8267045454545454 
6540029,0.8264150943396227 
6550007,0.800561797752809 
6560001,0.8082706766917294 
6570028,0.7844827586206896 
6580011,0.7929389312977099 
6590005,0.8072519083969466 
6600002,0.811046511627907 
6610031,0.8032319391634981 
6620017,0.8490740740740741 
6630005,0.7938931297709924 
6640042,0.785171102661597 
6650010,0.825187969924812 
6660018,0.8245283018867925 
6670004,0.7854406130268199 
6680029,0.8050373134328358 
6690004,0.7846153846153846 
6700033,0.8250950570342205 
6710038,0.8143939393939394 
6720026,0.7841796875 
6730020,0.8433962264150944 
6740017,0.7902298850574713 
6750028,0.8069029850746269 
6760013,0.8144230769230769 
6770022,0.8141263940520446 
6780037,0.8256457564575646 
6790019,0.8227969348659003 
6800015,0.8143939393939394 
6810021,0.8177480916030534 
6820007,0.7803921568627451 
6830025,0.8013307984790875 
6840022,0.825381679389313 
6850036,0.8191287878787878 
6860022,0.8188679245283019 
6870023,0.7926587301587301 
6880011,0.8129770992366412 
6890022,0.8016917293233082 
6900026,0.8122641509433962 
6910003,0.8169811320754717 
6920009,0.7881679389312977 
6930049,0.806949806949807 
6940029,0.8048076923076923 
6950037,0.8148496240601504 
6960045,0.8115530303030303 
6970015,0.7844827586206896 
6980007,0.7722007722007722 
6990031,0.7745098039215687 
7000003,0.8021235521235521 
7010005,0.8204887218045113 
7020003,0.7729885057471264 
7030021,0.7903846153846154 
7040024,0.8072519083969466 
7050014,0.8192883895131086 
7060010,0.7800387596899225 
7070013,0.8174157303370787 
7080040,0.810377358490566 
7090021,0.7955426356589147 
7100000,0.7945736434108527 
7110004,0.8197026022304833 
7120013,0.8304924242424242 
7130003,0.7953667953667953 
7140008,0.8136531365313653 
7150041,0.8194444444444444 
7160021,0.8292452830188679 
7170013,0.8071161048689138 
7180028,0.8067307692307693 
7190012,0.8040540540540541 
7200020,0.8545454545454545 
7210000,0.825925925925926 
7220022,0.8099630996309963 
7230002,0.7944015444015444 
7240019,0.8250950570342205 
7250014,0.7957089552238806 
7260021,0.8017241379310345 
7270002,0.8113207547169812 
7280005,0.8199626865671642 
7290018,0.8178438661710037 
7300030,0.8143656716417911 
7310010,0.8210227272727273 
7320019,0.8134469696969697 
7330003,0.837037037037037 
7340046,0.7961538461538461 
7350002,0.8270676691729323 
7360019,0.806390977443609 
7370000,0.8295454545454546 
7380012,0.7785171102661597 
7390002,0.8333333333333334 
7400020,0.7934362934362934 
7410033,0.8146067415730337 
7420006,0.8113026819923371 
7430005,0.8122605363984674 
7440042,0.8355018587360595 
7450037,0.8330188679245283 
7460048,0.8148496240601504 
7470031,0.7569721115537849 
7480011,0.8174904942965779 
7490015,0.8039772727272727 
7500016,0.8129699248120301 
7510001,0.812962962962963 
7520044,0.8056603773584906 
7530015,0.8263358778625954 
7540021,0.820631970260223 
7550005,0.7741312741312741 
7560027,0.8354545454545454 
7570002,0.8264925373134329 
7580022,0.8317843866171004 
7590018,0.8165399239543726 
7600026,0.8564814814814815 
7610021,0.7926356589147286 
7620018,0.8157894736842105 
7630005,0.8103448275862069 
7640003,0.7908745247148289 
7650046,0.8043071161048689 
7660009,0.7824427480916031 
7670017,0.8113207547169812 
7680036,0.8041825095057035 
7690020,0.7942307692307692 
7700031,0.7578740157480315 
7710003,0.8125 
7720012,0.8242481203007519 
7730010,0.8115530303030303 
7740026,0.7919847328244275 
7750030,0.8419117647058824 
7760024,0.8196564885496184 
7770017,0.8096590909090909 
7780009,0.7948473282442748 
7790046,0.8318014705882353 
7800007,0.8386194029850746 
7810006,0.8129699248120301 
7820015,0.8151340996168582 
7830012,0.8462962962962963 
7840005,0.7992565055762082 
7850031,0.8288043478260869 
7860031,0.8421532846715328 
7870032,0.7921455938697318 
7880020,0.8115530303030303 
7890015,0.7847490347490348 
7900033,0.8125 
7910037,0.8242481203007519 
7920005,0.8223684210526315 
7930004,0.8507326007326007 
7940011,0.8223443223443223 
7950037,0.7713178294573644 
7960013,0.8139097744360902 
7970025,0.8182692307692307 
7980024,0.8287037037037037 
7990030,0.8403284671532847 
8000014,0.7786259541984732 
8010032,0.8258426966292135 
8020020,0.7938931297709924 
8030007,0.8058712121212122 
8040018,0.7872549019607843 
8050029,0.8418560606060606 
8060040,0.7825670498084292 
8070016,0.8288973384030418 
8080001,0.7936802973977695 
8090018,0.809040590405904 
8100021,0.8028301886792453 
8110000,0.828996282527881 
8120003,0.799625468164794 
8130004,0.8425925925925926 
8140033,0.8113207547169812 
8150021,0.7861216730038023 
8160014,0.8372302158273381 
8170021,0.7998084291187739 
8180024,0.8077651515151515 
8190005,0.7861216730038023 
8200035,0.8292910447761194 
8210015,0.8106060606060606 
8220015,0.8218283582089553 
8230009,0.7972972972972973 
8240037,0.8429368029739777 
8250009,0.8295880149812734 
8260014,0.8235294117647058 
8270002,0.777027027027027 
8280009,0.8110902255639098 
8290022,0.8434065934065934 
8300047,0.8204887218045113 
8310008,0.8212927756653993 
8320033,0.8099250936329588 
8330022,0.8364312267657993 
8340007,0.8400735294117647 
8350032,0.8232600732600732 
8360040,0.8062977099236641 
8370018,0.7783018867924528 
8380017,0.8159851301115242 
8390012,0.7760617760617761 
8400011,0.8531021897810219 
8410034,0.8276515151515151 
8420000,0.8111111111111111 
8430019,0.8076208178438662 
8440011,0.8367158671586716 
8450022,0.816420664206642 
8460018,0.7805343511450382 
8470025,0.8339483394833949 
8480018,0.8234200743494424 
8490014,0.808768656716418 
8500016,0.8247232472324724 
8510013,0.7923076923076923 
8520013,0.798689138576779 
8530031,0.8111111111111111 
8540013,0.7837301587301587 
8550023,0.808206106870229 
8560020,0.8245283018867925 
8570045,0.7876447876447876 
8580047,0.8160919540229885 
8590033,0.8158396946564885 
8600016,0.8101503759398496 
8610005,0.8216981132075472 
8620018,0.8490909090909091 
8630004,0.8533834586466166 
8640000,0.8318014705882353 
8650015,0.8692170818505338 
8660007,0.8037735849056604 
8670015,0.8402527075812274 
8680016,0.8653846153846154 
8690006,0.8026315789473685 
8700003,0.8321167883211679 
8710016,0.7937262357414449 
8720019,0.8553113553113553 
8730047,0.7946768060836502 
8740022,0.8536363636363636 
8750029,0.8391544117647058 
8760010,0.8468045112781954 
8770007,0.8434065934065934 
8780017,0.7897727272727273 
8790033,0.8138888888888889 
8800019,0.8342490842490843 
8810021,0.8079847908745247 
8820032,0.8270676691729323 
8830010,0.8098859315589354 
8840001,0.8348880597014925 
8850043,0.815018315018315 
8860040,0.816231343283582 
8870001,0.8241758241758241 
8880048,0.825925925925926 
8890022,0.8208955223880597 
8900018,0.806420233463035 
8910028,0.8443223443223443 
8920008,0.7866795366795367 
8930043,0.8516483516483516 
8940028,0.8089887640449438 
8950013,0.8355263157894737 
8960011,0.8390909090909091 
8970017,0.8260869565217391 
8980032,0.8145756457564576 
8990027,0.8219557195571956 
9000040,0.8143939393939394 
9010025,0.84375 
9020008,0.8419117647058824 
9030003,0.8005725190839694 
9040037,0.8309352517985612 
9050031,0.8465073529411765 
9060016,0.8330258302583026 
9070004,0.8233082706766918 
9080008,0.7762172284644194 
9090031,0.8354779411764706 
9100010,0.8201107011070111 
9110038,0.800561797752809 
9120032,0.8409090909090909 
9130032,0.8308550185873605 
9140012,0.8134469696969697 
9150028,0.7950191570881227 
9160017,0.8007518796992481 
9170049,0.845108695652174 
9180029,0.8101851851851852 
9190032,0.8091603053435115 
9200019,0.799074074074074 
9210028,0.8174157303370787 
9220028,0.799074074074074 
9230008,0.842391304347826 
9240005,0.8191881918819188 
9250001,0.8246268656716418 
9260021,0.8327205882352942 
9270018,0.8120300751879699 
9280027,0.8169811320754717 
9290015,0.8516483516483516 
9300027,0.8398148148148148 
9310016,0.85 
9320043,0.8074712643678161 
9330019,0.8201107011070111 
9340022,0.8180147058823529 
9350011,0.8001930501930502 
9360018,0.8101503759398496 
9370033,0.8134328358208955 
9380009,0.8299256505576208 
9390011,0.8436363636363636 
9400027,0.8494423791821561 
9410014,0.8159851301115242 
9420040,0.8274253731343284 
9430014,0.8287037037037037 
9440025,0.8394160583941606 
9450001,0.8385608856088561 
9460042,0.8455882352941176 
9470008,0.8664259927797834 
9480041,0.8285984848484849 
9490013,0.825187969924812 
9500008,0.84375 
9510015,0.8270676691729323 
9520016,0.8280669144981413 
9530006,0.8492647058823529 
9540017,0.8448905109489051 
9550025,0.8134328358208955 
9560044,0.8127340823970037 
9570000,0.80893536121673 
9580012,0.8238007380073801 
9590012,0.8185185185185185 
9600001,0.8054511278195489 
9610017,0.8106343283582089 
9620019,0.8414179104477612 
9630019,0.8236363636363636 
9640018,0.7979323308270677 
9650010,0.7889733840304183 
9660007,0.8348880597014925 
9670013,0.8190298507462687 
9680040,0.8110902255639098 
9690028,0.8172348484848485 
9700008,0.8189338235294118 
9710023,0.8222433460076045 
9720013,0.8162878787878788 
9730002,0.812037037037037 
9740020,0.8043071161048689 
9750006,0.8311567164179104 
9760037,0.8523985239852399 
9770026,0.7933962264150943 
9780003,0.7905660377358491 
9790002,0.8152573529411765 
9800010,0.8125 
9810030,0.8212962962962963 
9820022,0.8318014705882353 
9830016,0.8579335793357934 
9840041,0.8110687022900763 
9850007,0.8308270676691729 
9860007,0.8069029850746269 
9870030,0.8226102941176471 
9880001,0.8062730627306273 
9890036,0.835820895522388 
9900007,0.86 
9910018,0.8204887218045113 
9920024,0.8162878787878788 
9930023,0.8239700374531835 
9940029,0.8600746268656716 
9950023,0.8280669144981413 
9960036,0.8104395604395604 
9970000,0.8238007380073801 
9980011,0.8321033210332104 
9990014,0.8203703703703704 
10000012,0.8412408759124088 
10010010,0.8596014492753623 
10020015,0.8481481481481481 
10030000,0.8348880597014925 
10040001,0.816420664206642 
10050020,0.8407407407407408 
10060015,0.8691335740072202 
10070048,0.8357664233576643 
10080024,0.8122676579925651 
10090038,0.8351648351648352 
10100019,0.7951127819548872 
10110016,0.8471223021582733 
10120019,0.8170955882352942 
10130008,0.7904135338345865 
10140010,0.8584229390681004 
10150027,0.8448905109489051 
10160005,0.8174157303370787 
10170016,0.8373161764705882 
10180012,0.8388888888888889 
10190020,0.8115530303030303 
10200017,0.7940613026819924 
10210001,0.8290441176470589 
10220031,0.835820895522388 
10230037,0.862410071942446 
10240030,0.8376383763837638 
10250004,0.8323863636363636 
10260038,0.7930711610486891 
10270042,0.8467153284671532 
10280009,0.8598214285714286 
10290017,0.8311808118081181 
10300004,0.8575268817204301 
10310032,0.8097014925373134 
10320004,0.8141509433962264 
10330019,0.8085501858736059 
10340000,0.8503649635036497 
10350009,0.8330258302583026 
10360013,0.8507326007326007 
10370001,0.8522304832713755 
10380018,0.8314814814814815 
10390025,0.8540925266903915 
10400006,0.8305860805860806 
10410021,0.8439849624060151 
10420047,0.8434065934065934 
10430039,0.8451492537313433 
10440023,0.8351851851851851 
10450011,0.8490909090909091 
10460029,0.8207885304659498 
10470026,0.8487544483985765 
10480012,0.8339552238805971 
10490006,0.8703703703703703 
10500009,0.8722426470588235 
10510004,0.8615107913669064 
10520034,0.8230337078651685 
10530005,0.8505338078291815 
10540011,0.8394160583941606 
10550016,0.8429602888086642 
10560004,0.8205128205128205 
10570015,0.8220973782771536 
10580042,0.8357400722021661 
10590030,0.8260869565217391 
10600010,0.8016917293233082 
10610020,0.8175925925925925 
10620010,0.843065693430657 
10630005,0.8436363636363636 
10640043,0.8392193308550185 
10650008,0.8487084870848709 
10660020,0.8321167883211679 
10670010,0.839622641509434 
10680003,0.8525641025641025 
10690008,0.8161764705882353 
10700002,0.865036231884058 
10710034,0.8710247349823321 
10720034,0.8387681159420289 
10730008,0.8051330798479087 
10740027,0.8284132841328413 
10750027,0.8060836501901141 
10760013,0.8679577464788732 
10770023,0.8300359712230215 
10780008,0.8385608856088561 
10790026,0.8620071684587813 
10800024,0.8373161764705882 
10810031,0.819811320754717 
10820012,0.8129699248120301 
10830001,0.8492779783393501 
10840000,0.8302583025830258 
10850031,0.8351449275362319 
10860020,0.8311567164179104 
10870029,0.8416666666666667 
10880012,0.8295880149812734 
10890026,0.8630742049469965 
10900025,0.8494525547445255 
10910029,0.8097014925373134 
10920022,0.8580357142857142 
10930030,0.8223684210526315 
10940045,0.8414855072463768 
10950024,0.8498168498168498 
10960037,0.8198529411764706 
10970024,0.8212927756653993 
10980049,0.8117977528089888 
10990035,0.8084905660377358 
11000026,0.8422509225092251 
11010006,0.8285198555956679 
11020001,0.8514492753623188 
11030006,0.8598214285714286 
11040011,0.8520220588235294 
11050021,0.8452380952380952 
11060035,0.8432971014492754 
11070034,0.8395522388059702 
11080008,0.8013565891472868 
11090008,0.8596014492753623 
11100026,0.8296296296296296 
11110025,0.8415750915750916 
11120000,0.8148148148148148 
11130001,0.8284671532846716 
11140039,0.8262081784386617 
11150027,0.8369175627240143 
11160025,0.8409926470588235 
11170012,0.8446691176470589 
11180003,0.8311567164179104 
11190023,0.855072463768116 
11200003,0.8363309352517986 
11210003,0.8363970588235294 
11220027,0.8622262773722628 
11230010,0.825 
11240008,0.841726618705036 
11250014,0.8633928571428572 
11260046,0.8182656826568265 
11270029,0.7862595419847328 
11280039,0.8481818181818181 
11290020,0.8470149253731343 
11300005,0.8339552238805971 
11310004,0.8588129496402878 
11320009,0.8523550724637681 
11330027,0.8507194244604317 
11340014,0.8465073529411765 
11350040,0.8355018587360595 
11360026,0.8321167883211679 
11370013,0.8360507246376812 
11380040,0.8264925373134329 
11390018,0.835820895522388 
11400021,0.8108614232209738 
11410029,0.8498201438848921 
11420017,0.8712962962962963 
11430001,0.799812030075188 
11440040,0.8247232472324724 
11450025,0.8581818181818182 
11460020,0.8231939163498099 
11470008,0.8305555555555556 
11480003,0.8231481481481482 
11490029,0.828125 
11500008,0.8508928571428571 
11510025,0.8545454545454545 
11520027,0.8489208633093526 
11530001,0.8412408759124088 
11540002,0.8652416356877324 
11550006,0.8438628158844765 
11560049,0.8308550185873605 
11570009,0.8460144927536232 
11580028,0.845108695652174 
11590010,0.8431734317343174 
11600037,0.8445454545454546 
11610019,0.8309090909090909 
11620037,0.8189338235294118 
11630008,0.8679577464788732 
11640008,0.8476277372262774 
11650013,0.8590425531914894 
11660002,0.8381818181818181 
11670036,0.8612132352941176 
11680000,0.8306451612903226 
11690014,0.8202247191011236 
11700032,0.8465703971119134 
11710016,0.8829787234042553 
11720037,0.8211678832116789 
11730001,0.8148496240601504 
11740029,0.8530465949820788 
11750036,0.8055555555555556 
11760030,0.8463636363636363 
11770019,0.8435251798561151 
11780004,0.8293357933579336 
11790013,0.8443223443223443 
11800017,0.8736462093862816 
11810016,0.8523550724637681 
11820001,0.8385036496350365 
11830029,0.8709677419354839 
11840033,0.8860424028268551 
11850011,0.8476702508960573 
11860008,0.8249097472924187 
11870021,0.8505434782608695 
11880006,0.8528368794326241 
11890023,0.8478260869565217 
11900036,0.8448905109489051 
11910020,0.8385036496350365 
11920013,0.8197026022304833 
11930023,0.8219557195571956 
11940000,0.8365724381625441 
11950008,0.8314814814814815 
11960010,0.8674911660777385 
11970014,0.8054511278195489 
11980009,0.8596014492753623 
11990038,0.8274253731343284 
12000002,0.8546931407942239 
12010011,0.8436395759717314 
12020013,0.8411552346570397 
12030005,0.8719298245614036 
12040015,0.8428308823529411 
12050046,0.8369175627240143 
12060022,0.8372727272727273 
12070031,0.8424908424908425 
12080023,0.8467153284671532 
12090018,0.820631970260223 
12100008,0.8262081784386617 
12110027,0.8592592592592593 
12120027,0.8763440860215054 
12130017,0.8170955882352942 
12140047,0.842057761732852 
12150002,0.8372727272727273 
12160009,0.8722826086956522 
12170016,0.8281818181818181 
12180019,0.8442028985507246 
12190017,0.8471223021582733 
12200024,0.8548387096774194 
12210016,0.8575367647058824 
12220029,0.8166666666666667 
12230004,0.8442028985507246 
12240015,0.8408273381294964 
12250006,0.8566308243727598 
12260009,0.8557692307692307 
12270004,0.8655913978494624 
12280016,0.8637152777777778 
12290013,0.8378623188405797 
12300006,0.8394833948339483 
12310018,0.8627272727272727 
12320016,0.8534798534798534 
12330001,0.8485401459854015 
12340021,0.8271375464684015 
12350003,0.8215579710144928 
12360048,0.8272058823529411 
12370039,0.826007326007326 
12380032,0.8625 
12390003,0.8723214285714286 
12400046,0.8447653429602888 
12410023,0.8575367647058824 
12420027,0.8566308243727598 
12430019,0.8436363636363636 
12440029,0.8141025641025641 
12450026,0.8352272727272727 
12460016,0.8552158273381295 
12470005,0.8256457564575646 
12480021,0.8264925373134329 
12490016,0.875 
12500018,0.8697183098591549 
12510006,0.8625 
12520019,0.8585766423357665 
12530014,0.8623188405797102 
12540046,0.850358422939068 
12550017,0.8447955390334573 
12560021,0.8442164179104478 
12570014,0.8333333333333334 
12580013,0.8516187050359713 
12590014,0.8290909090909091 
12600007,0.8308550185873605 
12610008,0.8108856088560885 
12620009,0.8510830324909747 
12630043,0.8357933579335793 
12640010,0.8318345323741008 
12650004,0.8690476190476191 
12660038,0.8376383763837638 
12670034,0.8651079136690647 
12680015,0.8772727272727273 
12690012,0.8425266903914591 
12700013,0.8191881918819188 
12710022,0.8367924528301887 
12720032,0.8480215827338129 
12730024,0.8534172661870504 
12740004,0.8692579505300353 
12750024,0.8339552238805971 
12760020,0.847985347985348 
12770018,0.8295880149812734 
12780038,0.855072463768116 
12790022,0.8609154929577465 
12800024,0.8257299270072993 
12810023,0.7927509293680297 
12820023,0.8187732342007435 
12830015,0.8494525547445255 
12840015,0.8187732342007435 
12850040,0.8450184501845018 
12860021,0.8120229007633588 
12870007,0.8696428571428572 
12880036,0.874561403508772 
12890016,0.8159851301115242 
12900015,0.8454545454545455 
12910000,0.8741071428571429 
12920035,0.8501805054151624 
12930043,0.8342490842490843 
12940023,0.8636363636363636 
12950013,0.8568840579710145 
12960031,0.8498201438848921 
12970026,0.8465073529411765 
12980013,0.836996336996337 
12990011,0.828125 
13000006,0.8342293906810035 
13010015,0.8375451263537906 
13020004,0.8408273381294964 
13030001,0.8532608695652174 
13040011,0.8136531365313653 
13050024,0.8464285714285714 
13060018,0.8327137546468402 
13070007,0.8425266903914591 
13080044,0.8642857142857143 
13090016,0.8653846153846154 
13100020,0.8277777777777777 
13110038,0.8384476534296029 
13120006,0.8487318840579711 
13130019,0.8611111111111112 
13140009,0.8539426523297491 
13150023,0.8188679245283019 
13160001,0.8640510948905109 
13170000,0.8570143884892086 
13180014,0.8471223021582733 
13190010,0.8409090909090909 
13200025,0.850909090909091 
13210035,0.8566308243727598 
13220015,0.8574007220216606 
13230024,0.825 
13240025,0.8333333333333334 
13250006,0.8532608695652174 
13260035,0.8715034965034965 
13270026,0.8558718861209964 
13280004,0.84 
13290034,0.8262081784386617 
13300035,0.8360215053763441 
13310017,0.7992565055762082 
13320021,0.8845454545454545 
13330000,0.8489208633093526 
13340013,0.847027972027972 
13350011,0.8409926470588235 
13360007,0.8532608695652174 
13370026,0.8222222222222222 
13380031,0.8305860805860806 
13390000,0.8687943262411347 
13400022,0.8633928571428572 
13410043,0.8589743589743589 
13420003,0.8581818181818182 
13430003,0.8564981949458483 
13440002,0.8705035971223022 
13450006,0.8643617021276596 
13460014,0.8705673758865248 
13470007,0.8211610486891385 
13480003,0.8617957746478874 
13490009,0.8342391304347826 
13500009,0.8538602941176471 
13510019,0.8455882352941176 
13520028,0.8821428571428571 
13530009,0.8619133574007221 
13540002,0.8653169014084507 
13550008,0.8882042253521126 
13560047,0.8342293906810035 
13570016,0.8551660516605166 
13580039,0.8299256505576208 
13590015,0.8467741935483871 
13600006,0.8688380281690141 
13610004,0.8794326241134752 
13620006,0.8559782608695652 
13630012,0.8670774647887324 
13640010,0.8581818181818182 
13650038,0.8616071428571429 
13660019,0.8671875 
13670041,0.8321299638989169 
13680006,0.8501805054151624 
13690001,0.8487318840579711 
13700002,0.825091575091575 
13710014,0.8405797101449275 
13720018,0.8600352112676056 
13730030,0.8563636363636363 
13740021,0.8763537906137184 
13750002,0.8536363636363636 
13760016,0.8359929078014184 
13770024,0.8039033457249071 
13780013,0.8428571428571429 
13790038,0.8294223826714802 
13800041,0.8452380952380952 
13810025,0.8599290780141844 
13820014,0.8558394160583942 
13830016,0.8577898550724637 
13840030,0.8611111111111112 
13850032,0.8187732342007435 
13860020,0.8410780669144982 
13870034,0.8532608695652174 
13880011,0.8540925266903915 
13890027,0.8455882352941176 
13900034,0.8763066202090593 
13910021,0.8575268817204301 
13920022,0.8216911764705882 
13930018,0.8483754512635379 
13940010,0.8552158273381295 
13950005,0.8518181818181818 
13960003,0.8634751773049646 
13970017,0.8505434782608695 
13980008,0.8563636363636363 
13990006,0.9001736111111112 
14000027,0.875 
14010015,0.8173431734317343 
14020001,0.834870848708487 
14030014,0.8723021582733813 
14040010,0.8544642857142857 
14050030,0.8604014598540146 
14060017,0.8656583629893239 
14070002,0.8409926470588235 
14080039,0.8429602888086642 
14090030,0.8156934306569343 
14100015,0.8584229390681004 
14110022,0.8324175824175825 
14120017,0.8528880866425993 
14130020,0.8618181818181818 
14140035,0.8759124087591241 
14150019,0.88125 
14160031,0.8586956521739131 
14170008,0.8574007220216606 
14180004,0.842391304347826 
14190016,0.8457446808510638 
14200028,0.8745519713261649 
14210011,0.8260869565217391 
14220010,0.83 
14230024,0.865036231884058 
14240006,0.8099630996309963 
14250004,0.8460854092526691 
14260015,0.8548387096774194 
14270011,0.853202846975089 
14280014,0.8702090592334495 
14290013,0.8578947368421053 
14300005,0.8166058394160584 
14310026,0.8492779783393501 
14320011,0.874113475177305 
14330005,0.8667279411764706 
14340019,0.8203703703703704 
14350035,0.8480215827338129 
14360025,0.8678571428571429 
14370009,0.87677304964539 
14380014,0.8570110701107011 
14390013,0.8686594202898551 
14400020,0.8679577464788732 
14410048,0.846830985915493 
14420049,0.845108695652174 
14430018,0.8538732394366197 
14440021,0.8485663082437276 
14450038,0.8544642857142857 
14460001,0.8467741935483871 
14470019,0.8516483516483516 
14480037,0.8767605633802817 
14490001,0.8257299270072993 
14500023,0.8874113475177305 
14510031,0.844306049822064 
14520016,0.8846153846153846 
14530013,0.8583333333333333 
14540041,0.8401785714285714 
14550015,0.8554964539007093 
14560029,0.8179347826086957 
14570007,0.8542435424354243 
14580020,0.8525179856115108 
14590033,0.8507326007326007 
14600041,0.8651785714285715 
14610023,0.8596014492753623 
14620037,0.8362989323843416 
14630010,0.8342696629213483 
14640024,0.8376383763837638 
14650027,0.8422509225092251 
14660013,0.8566308243727598 
14670025,0.8714539007092199 
14680035,0.8574007220216606 
14690039,0.8157894736842105 
14700032,0.8476702508960573 
14710043,0.8223684210526315 
14720017,0.8656583629893239 
14730020,0.8545454545454545 
14740007,0.8534798534798534 
14750001,0.8444244604316546 
14760016,0.8301886792452831 
14770015,0.8563829787234043 
14780024,0.8339350180505415 
14790040,0.8351648351648352 
14800018,0.8554964539007093 
14810042,0.8626373626373627 
14820002,0.8561151079136691 
14830029,0.84375 
14840018,0.8850174216027874 
14850016,0.8758802816901409 
14860010,0.849290780141844 
14870002,0.889090909090909 
14880019,0.8197463768115942 
14890025,0.8701413427561837 
14900005,0.85625 
14910010,0.8673285198555957 
14920008,0.8102189781021898 
14930009,0.8436363636363636 
14940019,0.8408273381294964 
14950026,0.8557347670250897 
14960011,0.8514492753623188 
14970034,0.8528368794326241 
14980020,0.8458029197080292 
14990046,0.8646953405017921 
15000019,0.8521897810218978 
15010038,0.8741071428571429 
15020016,0.8586572438162544 
15030006,0.8312043795620438 
15040043,0.8400735294117647 
15050036,0.8345323741007195 
15060033,0.8503649635036497 
15070020,0.8476702508960573 
15080037,0.8605072463768116 
15090019,0.8523131672597865 
15100022,0.8653846153846154 
15110004,0.8333333333333334 
15120023,0.8646953405017921 
15130022,0.8666666666666667 
15140009,0.8108614232209738 
15150028,0.8815331010452961 
15160013,0.8285198555956679 
15170000,0.8492779783393501 
15180019,0.8501805054151624 
15190041,0.8678057553956835 
15200023,0.8422509225092251 
15210011,0.874561403508772 
15220037,0.8285198555956679 
15230031,0.8714285714285714 
15240030,0.8465703971119134 
15250010,0.8798586572438163 
15260018,0.8850174216027874 
15270039,0.7988721804511278 
15280019,0.868231046931408 
15290018,0.8609154929577465 
15300040,0.8549270072992701 
15310020,0.8687943262411347 
15320000,0.8806620209059234 
15330011,0.8798586572438163 
15340024,0.8553571428571428 
15350009,0.8663636363636363 
15360014,0.8454063604240283 
15370028,0.8357142857142857 
15380004,0.8557347670250897 
15390004,0.8745583038869258 
15400021,0.8389679715302492 
15410032,0.8614982578397212 
15420034,0.8823024054982818 
15430001,0.858274647887324 
15440000,0.8207720588235294 
15450040,0.8571428571428571 
15460037,0.8601083032490975 
15470012,0.8489208633093526 
15480024,0.8601083032490975 
15490011,0.8438628158844765 
15500017,0.8953287197231834 
15510012,0.8633928571428572 
15520019,0.8780918727915195 
15530027,0.8517857142857143 
15540005,0.8727272727272727 
15550006,0.8661971830985915 
15560002,0.8387681159420289 
15570006,0.8566308243727598 
15580000,0.8700361010830325 
15590010,0.8857913669064749 
15600007,0.8564981949458483 
15610046,0.855072463768116 
15620029,0.8218181818181818 
15630008,0.8602150537634409 
15640004,0.8790322580645161 
15650009,0.8422939068100358 
15660012,0.8677536231884058 
15670017,0.8646209386281588 
15680020,0.8351851851851851 
15690023,0.855072463768116 
15700032,0.8771929824561403 
15710004,0.8505434782608695 
15720024,0.851985559566787 
15730002,0.8450184501845018 
15740010,0.8494623655913979 
15750014,0.8763066202090593 
15760013,0.8465703971119134 
15770007,0.8776408450704225 
15780002,0.8552158273381295 
15790026,0.8653169014084507 
15800015,0.8691335740072202 
15810037,0.8470695970695971 
15820026,0.8669642857142857 
15830013,0.8494525547445255 
15840020,0.8429602888086642 
15850020,0.841726618705036 
15860017,0.8552158273381295 
15870004,0.849644128113879 
15880028,0.8424908424908425 
15890005,0.8701067615658363 
15900021,0.8916083916083916 
15910020,0.862280701754386 
15920000,0.8628158844765343 
15930021,0.8798245614035087 
15940028,0.8656583629893239 
15950007,0.8647686832740213 
15960048,0.8527272727272728 
15970000,0.8780701754385964 
15980008,0.8563636363636363 
15990032,0.8802083333333334 
16000017,0.8987676056338029 
16010031,0.8613138686131386 
16020029,0.8843416370106761 
16030024,0.8494623655913979 
16040026,0.8671328671328671 
16050014,0.8523131672597865 
16060037,0.8551236749116607 
16070003,0.8625886524822695 
16080030,0.8356890459363958 
16090017,0.8649122807017544 
16100001,0.87322695035461 
16110006,0.8505338078291815 
16120019,0.856140350877193 
16130030,0.858540925266904 
16140004,0.8700361010830325 
16150025,0.8611111111111112 
16160004,0.8522727272727273 
16170001,0.8363970588235294 
16180000,0.8566308243727598 
16190007,0.87677304964539 
16200020,0.8401785714285714 
16210025,0.8557347670250897 
16220003,0.85431654676259 
16230015,0.8662587412587412 
16240039,0.8758928571428571 
16250042,0.8646953405017921 
16260039,0.875886524822695 
16270041,0.8507326007326007 
16280028,0.8905693950177936 
16290000,0.8763250883392226 
16300021,0.8833922261484098 
16310012,0.8621908127208481 
16320006,0.8425266903914591 
16330004,0.8745583038869258 
16340034,0.844306049822064 
16350016,0.888986013986014 
16360022,0.8643911439114391 
16370002,0.868231046931408 
16380032,0.8482456140350877 
16390010,0.8218283582089553 
16400013,0.8357400722021661 
16410015,0.847864768683274 
16420029,0.8666077738515902 
16430035,0.8837412587412588 
16440004,0.8843416370106761 
16450021,0.8455357142857143 
16460041,0.8651079136690647 
16470012,0.8426258992805755 
16480018,0.839605734767025 
16490005,0.8705357142857143 
16500012,0.8462897526501767 
16510043,0.8516187050359713 
16520017,0.8745551601423488 
16530027,0.8814878892733564 
16540003,0.8605947955390335 
16550037,0.8647686832740213 
16560047,0.8637992831541219 
16570004,0.8830935251798561 
16580016,0.8505338078291815 
16590012,0.8212962962962963 
16600006,0.8577898550724637 
16610000,0.8462962962962963 
16620030,0.84375 
16630044,0.8652482269503546 
16640030,0.8754416961130742 
16650022,0.8788927335640139 
16660011,0.868421052631579 
16670011,0.8661347517730497 
16680000,0.8763157894736842 
16690015,0.8590909090909091 
16700031,0.850358422939068 
16710018,0.8858885017421603 
16720010,0.8454063604240283 
16730021,0.8790322580645161 
16740015,0.8789752650176679 
16750008,0.8363636363636363 
16760044,0.8838652482269503 
16770001,0.8745551601423488 
16780004,0.8666666666666667 
16790008,0.8546931407942239 
16800021,0.8913427561837456 
16810046,0.8539426523297491 
16820031,0.8489208633093526 
16830009,0.8554545454545455 
16840036,0.8829787234042553 
16850028,0.8567615658362989 
16860017,0.8673285198555957 
16870031,0.854982206405694 
16880012,0.8593189964157706 
16890021,0.8657243816254417 
16900021,0.8115808823529411 
16910025,0.8476277372262774 
16920010,0.8689655172413793 
16930032,0.8706597222222222 
16940018,0.8530465949820788 
16950019,0.8626373626373627 
16960029,0.8789198606271778 
16970011,0.8943298969072165 
16980006,0.8496376811594203 
16990017,0.8523550724637681 
17000007,0.8175182481751825 
17010024,0.8772241992882562 
17020043,0.8803191489361702 
17030009,0.8590909090909091 
17040015,0.8554964539007093 
17050005,0.8758680555555556 
17060008,0.8584229390681004 
17070015,0.8584229390681004 
17080007,0.8677007299270073 
17090011,0.8876306620209059 
17100030,0.8336330935251799 
17110017,0.8794014084507042 
17120017,0.8460854092526691 
17130005,0.8691756272401434 
17140041,0.8827054794520548 
17150038,0.8523550724637681 
17160000,0.8514492753623188 
17170022,0.8601083032490975 
17180015,0.8414855072463768 
17190004,0.8507194244604317 
17200025,0.8611111111111112 
17210032,0.8838652482269503 
17220034,0.8679577464788732 
17230005,0.8696043165467626 
17240031,0.8785211267605634 
17250004,0.8448905109489051 
17260008,0.8719081272084805 
17270035,0.8592057761732852 
17280035,0.8627272727272727 
17290012,0.8700716845878136 
17300049,0.8632404181184669 
17310020,0.868421052631579 
17320037,0.8530465949820788 
17330042,0.8544642857142857 
17340016,0.8692982456140351 
17350016,0.8678571428571429 
17360033,0.8471731448763251 
17370000,0.8404059040590406 
17380041,0.8392857142857143 
17390013,0.8763250883392226 
17400035,0.8664874551971327 
17410027,0.8666666666666667 
17420016,0.8614035087719298 
17430018,0.8947368421052632 
17440004,0.8797909407665505 
17450005,0.8854166666666666 
17460024,0.833029197080292 
17470012,0.8669064748201439 
17480017,0.8678057553956835 
17490019,0.8854895104895105 
17500017,0.8434163701067615 
17510018,0.8713768115942029 
17520009,0.8456678700361011 
17530023,0.9016949152542373 
17540003,0.8655913978494624 
17550017,0.8536363636363636 
17560032,0.8672161172161172 
17570003,0.8675438596491228 
17580014,0.8741071428571429 
17590003,0.8597122302158273 
17600011,0.8330357142857143 
17610023,0.8594306049822064 
17620013,0.8828125 
17630004,0.8762975778546713 
17640000,0.8837412587412588 
17650029,0.8940677966101694 
17660046,0.8714539007092199 
17670015,0.8494623655913979 
17680009,0.8568904593639576 
17690004,0.8727758007117438 
17700049,0.868421052631579 
17710002,0.8613138686131386 
17720019,0.8330357142857143 
17730006,0.8701413427561837 
17740026,0.8700716845878136 
17750006,0.8975694444444444 
17760047,0.8187732342007435 
17770008,0.8728070175438597 
17780008,0.8666666666666667 
17790048,0.8732014388489209 
17800025,0.9152542372881356 
17810005,0.8838652482269503 
17820015,0.8715277777777778 
17830004,0.8842105263157894 
17840014,0.8942307692307693 
17850008,0.8803191489361702 
17860021,0.8548951048951049 
17870005,0.8632404181184669 
17880006,0.8551236749116607 
17890039,0.8636363636363636 
17900020,0.8625 
17910003,0.8637992831541219 
17920017,0.8414855072463768 
17930020,0.8498201438848921 
17940013,0.8697916666666666 
17950008,0.8659420289855072 
17960011,0.8799283154121864 
17970022,0.8564981949458483 
17980035,0.8625 
17990032,0.8372302158273381 
18000034,0.87677304964539 
18010042,0.8567615658362989 
18020019,0.8807017543859649 
18030006,0.8620996441281139 
18040017,0.8789473684210526 
18050011,0.8850174216027874 
18060005,0.8614130434782609 
18070000,0.8891752577319587 
18080035,0.8745674740484429 
18090032,0.86 
18100010,0.8599290780141844 
18110015,0.8598214285714286 
18120008,0.8646953405017921 
18130035,0.8512323943661971 
18140019,0.8776223776223776 
18150007,0.8403284671532847 
18160017,0.8697183098591549 
18170019,0.8852313167259787 
18180000,0.8528368794326241 
18190022,0.8603202846975089 
18200027,0.8568904593639576 
18210030,0.8489010989010989 
18220013,0.8695652173913043 
18230026,0.8618881118881119 
18240030,0.8780701754385964 
18250000,0.8489208633093526 
18260033,0.8665480427046264 
18270039,0.8931034482758621 
18280039,0.8411552346570397 
18290008,0.8892857142857142 
18300034,0.8480215827338129 
18310010,0.8662587412587412 
18320014,0.8508928571428571 
18330018,0.8544642857142857 
18340020,0.8462897526501767 
18350024,0.8892857142857142 
18360009,0.8465703971119134 
18370008,0.863556338028169 
18380033,0.8672413793103448 
18390017,0.8416666666666667 
18400003,0.8758928571428571 
18410018,0.8674377224199288 
18420023,0.8924825174825175 
18430016,0.8659420289855072 
18440037,0.898972602739726 
18450000,0.9097222222222222 
18460033,0.8798245614035087 
18470010,0.8763066202090593 
18480035,0.8498168498168498 
18490004,0.8866782006920415 
18500031,0.8928571428571429 
18510013,0.8505338078291815 
18520007,0.8884083044982699 
18530002,0.8745583038869258 
18540020,0.8660071942446043 
18550032,0.8924825174825175 
18560027,0.8501805054151624 
18570001,0.8688380281690141 
18580012,0.8545454545454545 
18590000,0.8476702508960573 
18600040,0.8825622775800712 
18610035,0.8803191489361702 
18620000,0.8727598566308243 
18630006,0.8646209386281588 
18640011,0.8741197183098591 
18650017,0.8537234042553191 
18660003,0.8745704467353952 
18670019,0.85625 
18680034,0.8580357142857142 
18690026,0.8946917808219178 
18700045,0.8303571428571429 
18710014,0.8354545454545454 
18720006,0.85625 
18730021,0.8645104895104895 
18740015,0.8564981949458483 
18750005,0.8705673758865248 
18760012,0.8648409893992933 
18770017,0.8644366197183099 
18780040,0.8705357142857143 
18790027,0.8390909090909091 
18800007,0.8532608695652174 
18810020,0.8598214285714286 
18820002,0.8342490842490843 
18830033,0.8673835125448028 
18840004,0.868231046931408 
18850025,0.8471731448763251 
18860007,0.8592057761732852 
18870009,0.8666077738515902 
18880012,0.897887323943662 
18890025,0.8661347517730497 
18900023,0.8625 
18910017,0.8505338078291815 
18920024,0.84 
18930039,0.8689236111111112 
18940021,0.8556985294117647 
18950011,0.8598615916955017 
18960027,0.8843416370106761 
18970001,0.8894736842105263 
18980022,0.8421052631578947 
18990021,0.8463541666666666 
19000044,0.8923611111111112 
19010023,0.8905172413793103 
19020007,0.8614130434782609 
19030027,0.8460144927536232 
19040016,0.8653846153846154 
19050007,0.8431899641577061 
19060010,0.845108695652174 
19070012,0.8651785714285715 
19080015,0.8696808510638298 
19090029,0.8670774647887324 
19100016,0.8505434782608695 
19110002,0.8378623188405797 
19120021,0.8900343642611683 
19130024,0.8428571428571429 
19140009,0.8602150537634409 
19150018,0.8806228373702422 
19160003,0.8576512455516014 
19170015,0.8505338078291815 
19180005,0.853202846975089 
19190004,0.9038461538461539 
19200000,0.8654545454545455 
19210008,0.8602150537634409 
19220010,0.8701067615658363 
19230020,0.897766323024055 
19240021,0.8908450704225352 
19250013,0.8686594202898551 
19260033,0.8901384083044983 
19270029,0.8810763888888888 
19280046,0.8907342657342657 
19290008,0.8728373702422145 
19300015,0.8498233215547704 
19310018,0.8745583038869258 
19320026,0.8647686832740213 
19330016,0.8515901060070671 
19340023,0.8780701754385964 
19350013,0.8554964539007093 
19360018,0.8714028776978417 
19370014,0.872791519434629 
19380027,0.8674911660777385 
19390025,0.8594306049822064 
19400017,0.8980836236933798 
19410036,0.8591549295774648 
19420037,0.8306159420289855 
19430021,0.863556338028169 
19440024,0.9038461538461539 
19450023,0.8524734982332155 
19460004,0.872791519434629 
19470049,0.8467741935483871 
19480032,0.9047202797202797 
19490017,0.8589743589743589 
19500018,0.8706293706293706 
19510023,0.8879310344827587 
19520006,0.8514492753623188 
19530021,0.884083044982699 
19540032,0.8478260869565217 
19550003,0.8732517482517482 
19560006,0.8567615658362989 
19570002,0.8705673758865248 
19580020,0.8464912280701754 
19590006,0.8586572438162544 
19600034,0.8674911660777385 
19610026,0.842057761732852 
19620018,0.8846153846153846 
19630002,0.8677536231884058 
19640023,0.8507194244604317 
19650001,0.8653846153846154 
19660019,0.8789752650176679 
19670042,0.8527272727272728 
19680006,0.8657894736842106 
19690021,0.8544642857142857 
19700014,0.8767605633802817 
19710007,0.8851590106007067 
19720013,0.8871527777777778 
19730003,0.8736749116607774 
19740014,0.8880208333333334 
19750010,0.8741071428571429 
19760001,0.8633928571428572 
19770008,0.8474729241877257 
19780002,0.8692982456140351 
19790022,0.8415750915750916 
19800010,0.853202846975089 
19810012,0.8639575971731449 
19820003,0.8745583038869258 
19830010,0.904639175257732 
19840006,0.8780276816608996 
19850011,0.8644366197183099 
19860009,0.854982206405694 
19870025,0.9016949152542373 
19880002,0.858540925266904 
19890025,0.9020618556701031 
19900024,0.8667247386759582 
19910004,0.8554545454545455 
19920008,0.8183520599250936 
19930001,0.8275547445255474 
19940020,0.8373161764705882 
19950006,0.8665480427046264 
19960017,0.8972125435540069 
19970005,0.8785460992907801 
19980000,0.8828125 
19990014,0.8845486111111112 
20000026,0.8674377224199288 
20010027,0.87677304964539 
20020015,0.8702090592334495 
20030012,0.8567615658362989 
20040032,0.8793402777777778 
20050020,0.8590425531914894 
20060049,0.8688811188811189 
20070003,0.8570143884892086 
20080024,0.8913427561837456 
20090044,0.8696808510638298 
20100011,0.8670212765957447 
20110014,0.8592057761732852 
20120004,0.8850174216027874 
20130004,0.86875 
20140018,0.8808243727598566 
20150011,0.8605263157894737 
20160030,0.8674911660777385 
20170012,0.848404255319149 
20180003,0.8440860215053764 
20190023,0.9001736111111112 
20200003,0.8850877192982456 
20210022,0.8665480427046264 
20220011,0.857773851590106 
20230018,0.8532608695652174 
20240003,0.8660714285714286 
20250031,0.8505338078291815 
20260002,0.8825088339222615 
20270005,0.8235294117647058 
20280032,0.8705985915492958 
20290023,0.8855633802816901 
20300020,0.8789473684210526 
20310003,0.8546099290780141 
20320021,0.874561403508772 
20330022,0.898936170212766 
20340025,0.8551236749116607 
20350009,0.8667820069204152 
20360023,0.8814878892733564 
20370004,0.8631578947368421 
20380001,0.8614982578397212 
20390024,0.8932291666666666 
20400029,0.8710247349823321 
20410023,0.8916382252559727 
20420003,0.8719081272084805 
20430013,0.8552158273381295 
20440001,0.8444244604316546 
20450006,0.8802083333333334 
20460011,0.848404255319149 
20470000,0.8838028169014085 
20480048,0.8598214285714286 
20490034,0.8931034482758621 
20500025,0.85 
20510021,0.8644366197183099 
20520027,0.8641304347826086 
20530021,0.8850877192982456 
20540048,0.8674911660777385 
20550013,0.8514492753623188 
20560014,0.8858131487889274 
20570028,0.8657894736842106 
20580014,0.8687050359712231 
20590007,0.8668478260869565 
20600024,0.8718861209964412 
20610008,0.8600352112676056 
20620033,0.8806620209059234 
20630012,0.8776978417266187 
20640023,0.8524734982332155 
20650014,0.8389679715302492 
20660004,0.8669064748201439 
20670013,0.8674377224199288 
20680032,0.8866071428571428 
20690017,0.8526315789473684 
20700025,0.8428571428571429 
20710020,0.8870689655172413 
20720013,0.893859649122807 
20730022,0.8780487804878049 
20740017,0.8637992831541219 
20750009,0.8655234657039711 
20760028,0.8928571428571429 
20770032,0.8736749116607774 
20780019,0.877208480565371 
20790006,0.8727758007117438 
20800012,0.8934859154929577 
20810006,0.8785211267605634 
20820021,0.8771929824561403 
20830008,0.8896551724137931 
20840038,0.8679078014184397 
20850013,0.8576512455516014 
20860003,0.9189655172413793 
20870025,0.8645104895104895 
20880027,0.8849480968858131 
20890002,0.8763440860215054 
20900023,0.8404255319148937 
20910001,0.8478260869565217 
20920029,0.8634751773049646 
