10000,-9.754999999999999 
20000,-9.854999999999997 
30000,-9.805 
40000,-9.805 
50000,-9.754999999999999 
60000,-9.749999999999998 
70000,-9.785 
80000,-9.68 
90000,-9.74 
100000,-9.73 
110000,-9.675 
120000,-9.615 
130000,-9.63 
140000,-9.635 
150000,-9.59 
160000,-9.62 
170000,-9.54 
180000,-9.405 
190000,-9.3 
200000,-9.085 
210000,-9.115 
220000,-9.055 
230000,-9.175 
240000,-9.035 
250000,-8.99 
260000,-9.14 
270000,-8.94 
280000,-8.87 
290000,-9.08 
300000,-8.86 
310000,-8.855 
320000,-8.925 
330000,-8.855 
340000,-8.79 
350000,-8.87 
360000,-8.77 
370000,-8.73 
380000,-8.865 
390000,-8.735 
400000,-8.72 
410000,-8.705 
420000,-8.805 
430000,-8.705 
440000,-8.635 
450000,-8.655 
460000,-8.705 
470042,-8.688557213930348 
480042,-8.695 
490042,-8.725 
500042,-8.655 
510042,-8.725 
520042,-8.685 
530042,-8.65 
540042,-8.635 
550042,-8.655 
560042,-8.67 
570042,-8.61 
580042,-8.56 
590042,-8.61 
600042,-8.79 
610042,-8.565000000000003 
620042,-8.680000000000001 
630042,-8.735 
640042,-8.71 
650042,-8.64 
660042,-8.7 
670042,-8.635 
680042,-8.7 
690042,-8.485000000000001 
700042,-8.64 
710042,-8.655 
720042,-8.610000000000003 
730042,-8.515000000000002 
740042,-8.535 
750042,-8.63 
760042,-8.500000000000002 
770042,-8.550000000000002 
780042,-8.555000000000001 
790042,-8.465000000000002 
800042,-8.190000000000001 
810042,-8.270000000000003 
820042,-8.450000000000003 
830042,-8.355000000000002 
840042,-8.275000000000002 
850042,-8.125000000000002 
860042,-8.405000000000003 
870042,-8.39 
880042,-8.310000000000002 
890042,-8.255000000000003 
900042,-8.240000000000002 
910042,-8.120000000000003 
920042,-8.185000000000002 
930042,-8.080000000000002 
940042,-8.270000000000003 
950042,-8.340000000000002 
960038,-8.196000000000002 
970038,-8.525 
980038,-8.435000000000002 
990038,-8.525000000000002 
1000038,-8.445 
1010038,-8.440000000000003 
1020038,-8.65 
1030038,-8.535000000000002 
1040038,-8.645 
1050038,-8.45 
1060038,-8.62 
1070038,-8.690000000000001 
1080036,-8.722999999999999 
1090030,-8.669 
1100030,-8.555000000000001 
1110030,-8.775 
1120030,-8.645 
1130030,-8.65 
1140030,-8.430000000000001 
1150030,-8.525 
1160030,-8.315000000000003 
1170030,-8.360000000000003 
1180030,-8.345000000000002 
1190030,-8.370000000000003 
1200030,-8.335 
1210030,-8.125000000000002 
1220030,-8.010000000000002 
1230030,-7.990000000000002 
1240030,-7.905000000000002 
1250020,-7.690000000000002 
1260020,-8.055000000000001 
1270010,-7.845000000000002 
1280010,-7.895000000000002 
1290010,-7.825000000000002 
1300010,-7.740000000000002 
1310047,-7.613930348258709 
1320047,-7.705000000000002 
1330019,-7.607000000000003 
1340011,-7.877000000000002 
1350009,-7.8130000000000015 
1360009,-7.785000000000002 
1370034,-7.6467661691542315 
1380006,-7.662000000000003 
1390044,-7.679601990049753 
1400039,-7.855000000000002 
1410031,-7.712000000000002 
1420020,-7.624000000000002 
1430048,-7.485572139303485 
1440041,-7.553000000000002 
1450030,-7.604000000000002 
1460020,-7.390000000000002 
1470010,-7.640000000000002 
1480019,-7.4318407960199036 
1490019,-7.570000000000002 
1500019,-7.540000000000003 
1510041,-7.4398009950248785 
1520041,-7.435000000000002 
1530041,-7.350000000000002 
1540005,-7.099000000000003 
1550027,-7.400000000000003 
1560015,-7.388000000000003 
1570015,-7.330000000000002 
1580009,-7.379000000000002 
1590049,-7.288557213930351 
1600036,-7.257000000000002 
1610035,-7.219000000000003 
1620025,-7.1250000000000036 
1630007,-7.2070000000000025 
1640007,-7.405000000000002 
1650002,-7.365000000000002 
1660016,-7.058706467661693 
1670013,-7.152000000000003 
1680045,-7.15124378109453 
1690023,-7.053000000000003 
1700027,-7.2228855721393055 
1710013,-7.3160000000000025 
1720008,-7.030000000000002 
1730042,-7.033830845771147 
1740027,-7.170000000000003 
1750006,-7.038805970149257 
1760039,-7.012935323383087 
1770017,-6.679601990049754 
1780039,-7.091542288557217 
1790031,-7.297000000000002 
1800025,-7.184000000000003 
1810029,-6.800990099009904 
1820048,-6.9442786069651765 
1830032,-6.954000000000003 
1840018,-6.991000000000003 
1850003,-6.915422885572141 
1860015,-6.8626865671641815 
1870009,-7.003980099502491 
1880004,-6.835000000000003 
1890031,-6.853465346534656 
1900030,-6.904477611940302 
1910028,-6.908000000000004 
1920009,-6.886000000000004 
1930026,-6.97213930348259 
1940005,-6.869000000000003 
1950005,-6.815920398009954 
1960000,-7.145000000000002 
1970018,-7.102487562189056 
1980040,-6.718407960199007 
1990004,-6.679000000000003 
2000032,-6.730693069306935 
2010037,-6.736318407960201 
2020001,-6.674000000000003 
2030039,-6.823880597014928 
2040012,-6.500497512437812 
2050037,-6.636815920398012 
2060047,-6.522388059701496 
2070001,-6.357213930348262 
2080012,-6.573134328358212 
2090043,-6.8368159203980134 
2100044,-6.806965174129355 
2110044,-6.592039800995027 
2120047,-6.609950248756222 
2130008,-6.711000000000004 
2140006,-6.671287128712873 
2150004,-6.54752475247525 
2160036,-6.605940594059408 
2170031,-6.7910447761194055 
2180017,-6.4686567164179145 
2190021,-6.429702970297033 
2200032,-6.588059701492541 
2210037,-6.751243781094531 
2220011,-6.446766169154232 
2230019,-6.502970297029706 
2240032,-6.565174129353236 
2250021,-6.581094527363187 
2260009,-6.734328358208957 
2270043,-6.598019801980201 
2280006,-6.513000000000004 
2290024,-6.634825870646769 
2300020,-6.7472636815920435 
2310002,-6.41990049751244 
2320032,-6.2758620689655205 
2330003,-6.332673267326735 
2340049,-6.050000000000004 
2350031,-6.589054726368162 
2360003,-6.464676616915425 
2370018,-6.396039603960399 
2380001,-6.689552238805972 
2390022,-6.639603960396043 
2400013,-6.7633663366336645 
2410025,-6.437623762376241 
2420025,-6.562189054726372 
2430022,-6.398019801980202 
2440039,-6.222549019607846 
2450049,-6.315270935960594 
2460013,-6.257711442786073 
2470042,-6.417733990147786 
2480026,-6.469306930693072 
2490025,-6.637623762376241 
2500021,-6.387128712871291 
2510012,-6.6029850746268695 
2520023,-6.411881188118814 
2530024,-6.357425742574261 
2540006,-6.591089108910894 
2550019,-6.522772277227726 
2560003,-6.251485148514854 
2570016,-6.308374384236456 
2580010,-6.230541871921186 
2590005,-6.4554455445544585 
2600019,-6.324137931034486 
2610043,-6.332352941176473 
2620012,-6.171428571428574 
2630014,-6.282758620689658 
2640026,-6.050731707317077 
2650008,-6.30738916256158 
2660036,-6.480788177339904 
2670039,-6.233333333333336 
2680046,-6.2960784313725515 
2690040,-6.66732673267327 
2700006,-6.227586206896555 
2710025,-6.560591133004929 
2720032,-6.104901960784316 
2730039,-6.006796116504858 
2740034,-6.331707317073173 
2750040,-6.290196078431376 
2760026,-6.207881773399018 
2770008,-6.4128712871287155 
2780030,-6.065048543689323 
2790032,-6.472549019607846 
2800002,-6.0000000000000036 
2810038,-6.034951456310683 
2820000,-6.253201970443352 
2830046,-6.288780487804882 
2840030,-6.550738916256161 
2850017,-6.1201970443349785 
2860037,-5.9024390243902465 
2870047,-6.04901960784314 
2880033,-6.079024390243906 
2890027,-6.047804878048783 
2900015,-5.968780487804881 
2910011,-5.510576923076926 
2920012,-6.074509803921572 
2930036,-5.830769230769234 
2940003,-5.90970873786408 
2950036,-5.6502415458937225 
2960013,-6.099512195121954 
2970000,-5.928780487804881 
2980008,-5.8621359223301 
2990029,-5.933009708737867 
3000019,-5.9024390243902465 
3010003,-5.89708737864078 
3020046,-5.3490384615384645 
3030006,-5.637681159420292 
3040015,-5.854807692307696 
3050009,-5.482296650717706 
3060034,-5.772946859903384 
3070004,-5.371980676328505 
3080002,-5.543540669856462 
3090015,-5.828155339805828 
3100044,-5.4440191387559835 
3110030,-5.47692307692308 
3120032,-5.57961165048544 
3130000,-5.621256038647346 
3140045,-5.449760765550241 
3150029,-5.53971291866029 
3160013,-5.341904761904765 
3170004,-5.420000000000003 
3180035,-4.577674418604653 
3190033,-5.379047619047623 
3200032,-5.670531400966187 
3210038,-5.191428571428575 
3220019,-5.451184834123225 
3230048,-5.1766355140186935 
3240034,-4.459259259259262 
3250031,-5.359047619047622 
3260023,-5.631730769230772 
3270029,-5.472115384615387 
3280045,-5.28530805687204 
3290018,-5.026666666666669 
3300027,-5.087850467289721 
3310012,-4.920187793427232 
3320016,-4.707981220657279 
3330012,-4.795327102803741 
3340027,-4.851162790697677 
3350013,-4.667605633802819 
3360011,-4.894339622641512 
3370046,-4.5576036866359475 
3380005,-5.486956521739132 
3390023,-4.644651162790701 
3400033,-5.047169811320757 
3410039,-4.883568075117373 
3420034,-5.22748815165877 
3430021,-4.649765258215965 
3440015,-4.779439252336451 
3450045,-4.629629629629632 
3460027,-4.628037383177572 
3470044,-4.659259259259262 
3480041,-4.1073394495412865 
3490039,-4.784186046511631 
3500029,-4.65740740740741 
3510023,-4.1763636363636385 
3520036,-4.790783410138251 
3530028,-4.968867924528304 
3540026,-5.030697674418606 
3550014,-4.215740740740744 
3560042,-4.330000000000002 
3570043,-4.0918181818181845 
3580012,-4.206451612903229 
3590029,-4.587096774193552 
3600038,-4.295890410958907 
3610020,-4.222018348623855 
3620038,-4.8539534883720945 
3630031,-4.584186046511631 
3640013,-4.492592592592595 
3650022,-4.469406392694066 
3660006,-4.137962962962966 
3670014,-4.139090909090911 
3680009,-4.2968036529680385 
3690001,-3.974429223744295 
3700032,-4.082352941176473 
3710006,-4.128110599078344 
3720004,-4.0936363636363655 
3730015,-4.018918918918922 
3740037,-4.065158371040726 
3750028,-3.5031111111111133 
3760022,-4.026244343891405 
3770046,-4.346296296296298 
3780010,-4.309589041095892 
3790018,-4.0575342465753454 
3800024,-3.7721973094170425 
3810017,-4.431336405529956 
3820001,-3.804524886877831 
3830010,-4.05818181818182 
3840015,-4.500000000000003 
3850017,-4.16238532110092 
3860019,-4.280365296803655 
3870039,-4.0180180180180205 
3880005,-3.8453333333333357 
3890049,-4.0482142857142875 
3900020,-4.521658986175118 
3910037,-4.09596412556054 
3920017,-4.0954545454545475 
3930027,-4.467889908256883 
3940025,-3.9711711711711732 
3950012,-4.460185185185187 
3960029,-3.711607142857145 
3970026,-3.6052863436123372 
3980001,-3.9276018099547536 
3990016,-3.486725663716816 
4000007,-3.5685589519650676 
4010022,-3.371179039301312 
4020029,-3.622321428571431 
4030049,-3.5644444444444474 
4040020,-3.5653333333333355 
4050039,-4.0169642857142875 
4060019,-3.7244444444444467 
4070018,-3.296069868995635 
4080025,-3.9348214285714307 
4090028,-3.7616071428571454 
4100024,-3.6526785714285737 
4110033,-3.9402714932126726 
4120015,-3.9252252252252275 
4130014,-3.8421524663677147 
4140017,-3.421145374449342 
4150015,-3.531555555555558 
4160018,-3.682666666666669 
4170046,-3.584888888888891 
4180049,-3.507079646017701 
4190000,-3.3371179039301326 
4200044,-3.9630630630630654 
4210003,-3.2165217391304366 
4220016,-3.6991071428571454 
4230008,-3.38165938864629 
4240029,-3.2960352422907513 
4250025,-3.5893805309734534 
4260035,-3.4298245614035108 
4270031,-2.9021459227467834 
4280031,-3.2521739130434804 
4290000,-3.3500000000000023 
4300003,-3.8426666666666685 
4310020,-3.322077922077924 
4320033,-3.355066079295157 
4330004,-3.0482758620689676 
4340017,-3.6000000000000023 
4350021,-3.2829694323144127 
4360021,-3.3991228070175463 
4370047,-3.443859649122809 
4380005,-2.805982905982908 
4390021,-3.1362445414847184 
4400011,-3.4955752212389406 
4410020,-3.3921397379912688 
4420006,-3.5030837004405306 
4430017,-3.688105726872249 
4440016,-3.2754385964912305 
4450046,-3.0042918454935643 
4460037,-3.096521739130437 
4470027,-2.722222222222224 
4480041,-3.4859649122807035 
4490019,-3.055021834061138 
4500047,-3.028448275862071 
4510005,-3.1903930131004388 
4520021,-2.7668085106382994 
4530025,-3.024786324786327 
4540016,-3.000865800865803 
4550015,-3.5342105263157912 
4560011,-3.070129870129872 
4570008,-3.506194690265489 
4580015,-3.7306666666666692 
4590026,-3.3656652360515036 
4600020,-3.2034782608695678 
4610007,-3.1930434782608716 
4620033,-3.3692982456140372 
4630024,-3.4193832599118963 
4640021,-3.392105263157897 
4650008,-3.3772925764192157 
4660033,-3.076923076923079 
4670043,-3.742222222222224 
4680033,-3.170305676855897 
4690007,-3.116017316017318 
4700029,-3.125106382978725 
4710002,-3.285217391304349 
4720017,-3.3852813852813877 
4730037,-3.4298245614035108 
4740009,-3.382683982683985 
4750040,-3.2530434782608717 
4760016,-3.275982532751094 
4770027,-3.1313043478260894 
4780014,-3.584000000000002 
4790015,-3.2201754385964936 
4800037,-3.550442477876109 
4810034,-3.3263157894736866 
4820045,-3.5666666666666687 
4830020,-3.5619469026548694 
4840018,-3.3113043478260886 
4850003,-3.0686695278969975 
4860047,-3.149356223175968 
4870024,-3.240869565217393 
4880031,-3.2812227074235825 
4890020,-3.09519650655022 
4900044,-3.5102222222222252 
4910021,-2.755932203389833 
4920027,-3.2952380952380973 
4930018,-3.0612068965517265 
4940025,-2.700847457627121 
4950027,-3.2419213973799152 
4960023,-3.065236051502148 
4970007,-3.177391304347828 
4980027,-3.2565217391304366 
4990005,-3.3198237885462576 
5000015,-2.755274261603377 
5010029,-3.0246808510638314 
5020033,-3.4596491228070194 
5030036,-3.054545454545457 
5040047,-3.2551724137931055 
5050028,-3.391228070175441 
5060029,-3.3166666666666687 
5070039,-3.0256410256410278 
5080038,-3.224242424242426 
5090046,-2.790677966101697 
5100022,-2.6717299578059093 
5110002,-3.030303030303032 
5120042,-2.68803418803419 
5130001,-3.2917030567685606 
5140042,-2.906837606837609 
5150040,-2.912068965517243 
5160041,-2.741276595744683 
5170029,-3.296491228070177 
5180044,-3.4112554112554134 
5190018,-3.0420600858369116 
5200012,-3.3412280701754415 
5210005,-2.8818965517241404 
5220028,-3.055021834061138 
5230010,-3.236521739130437 
5240004,-2.684255319148938 
5250000,-2.7551724137931055 
5260024,-3.1737991266375563 
5270047,-2.8923728813559344 
5280009,-2.7837606837606863 
5290028,-2.668644067796612 
5300009,-3.39911504424779 
5310018,-3.115517241379312 
5320028,-2.497942386831278 
5330015,-2.413445378151262 
5340014,-2.8641350210970487 
5350025,-2.9064377682403455 
5360049,-2.9218884120171693 
5370006,-2.893965517241381 
5380009,-2.5882845188284533 
5390037,-2.323333333333335 
5400017,-2.642857142857144 
5410048,-2.883682008368203 
5420009,-2.970689655172416 
5430008,-2.7793103448275884 
5440035,-2.461924686192471 
5450030,-2.829787234042555 
5460017,-3.1152838427947622 
5470029,-2.8000000000000025 
5480015,-2.7668085106383 
5490022,-2.801702127659577 
5500034,-2.903829787234045 
5510014,-3.1774891774891794 
5520021,-3.1390557939914188 
5530003,-2.8570212765957463 
5540020,-3.1099567099567125 
5550009,-2.4697478991596657 
5560034,-3.2961373390557958 
5570046,-3.0274678111588007 
5580047,-2.733898305084748 
5590017,-3.29694323144105 
5600010,-2.7472340425531936 
5610003,-2.892372881355934 
5620047,-3.4078260869565233 
5630012,-3.227074235807862 
5640042,-2.8376068376068395 
5650001,-2.446861924686194 
5660032,-3.1285106382978736 
5670035,-2.9460869565217407 
5680020,-2.603375527426162 
5690038,-2.6493617021276616 
5700011,-2.8834042553191503 
5710035,-2.415833333333335 
5720015,-2.927038626609444 
5730017,-2.8449152542372906 
5740006,-2.7055319148936188 
5750015,-2.8410256410256434 
5760011,-1.9844262295081987 
5770019,-2.4775000000000014 
5780004,-2.733050847457629 
5790023,-2.7344537815126073 
5800023,-2.8008474576271207 
5810026,-2.976923076923079 
5820008,-2.375630252100842 
5830022,-2.5392405063291155 
5840017,-2.1522633744855986 
5850024,-2.7475000000000014 
5860032,-2.669198312236289 
5870004,-2.447933884297522 
5880034,-2.396624472573842 
5890032,-3.084120171673822 
5900009,-2.5548936170212784 
5910012,-2.8051502145922766 
5920028,-2.488429752066118 
5930019,-2.4276150627615083 
5940002,-2.9852813852813873 
5950012,-2.593220338983053 
5960024,-2.5352941176470605 
5970003,-2.6644067796610194 
5980020,-2.7232067510548545 
5990014,-2.720675105485234 
6000010,-2.293723849372387 
6010016,-2.3727272727272744 
6020027,-2.3066115702479353 
6030033,-2.538655462184876 
6040025,-2.5521008403361356 
6050016,-2.155000000000002 
6060036,-2.1178861788617906 
6070045,-2.052244897959185 
6080023,-2.8457627118644084 
6090001,-2.814529914529916 
6100018,-2.7033613445378175 
6110034,-2.230000000000002 
6120026,-2.984615384615387 
6130031,-2.3443983402489645 
6140024,-2.842194092827006 
6150009,-2.880341880341883 
6160048,-2.2636363636363654 
6170018,-2.620253164556964 
6180021,-2.512970711297073 
6190025,-2.4991666666666683 
6200006,-3.0434042553191505 
6210007,-2.5573221757322195 
6220036,-2.804237288135595 
6230005,-2.440336134453783 
6240006,-2.1119341563786023 
6250009,-2.5880341880341904 
6260023,-2.184362139917697 
6270037,-3.1273504273504296 
6280024,-2.5225000000000017 
6290018,-2.802564102564104 
6300032,-2.4635983263598344 
6310035,-2.540336134453783 
6320008,-2.4773109243697498 
6330004,-2.4359832635983283 
6340026,-2.2577235772357738 
6350025,-2.2950000000000017 
6360040,-2.3924050632911413 
6370044,-2.3478991596638674 
6380023,-2.3757322175732236 
6390034,-2.3659751037344416 
6400020,-2.544769874476989 
6410026,-2.140163934426231 
6420042,-2.223966942148762 
6430033,-1.8416326530612261 
6440022,-2.5033613445378173 
6450003,-2.540928270042196 
6460020,-2.5797468354430393 
6470028,-2.2382113821138225 
6480017,-1.937448559670784 
6490029,-2.762184873949581 
6500042,-2.563179916317994 
6510038,-2.3286307053941924 
6520028,-2.3791666666666687 
6530037,-2.7395744680851086 
6540036,-2.3757322175732236 
6550015,-2.278333333333335 
6560014,-2.805172413793106 
6570033,-2.1773279352226735 
6580042,-2.9864406779661032 
6590006,-2.1061728395061747 
6600028,-2.242448979591838 
6610004,-2.7905579399141653 
6620000,-2.4336134453781524 
6630042,-2.365289256198349 
6640012,-1.7911646586345396 
6650009,-2.258921161825728 
6660006,-2.6225000000000023 
6670001,-1.432539682539684 
6680045,-1.9991902834008113 
6690027,-2.0873469387755117 
6700026,-2.3518672199170143 
6710035,-2.497071129707115 
6720009,-2.113469387755104 
6730006,-2.312863070539421 
6740025,-2.3119341563786024 
6750032,-2.3487603305785143 
6760007,-2.213991769547327 
6770023,-2.379423868312759 
6780003,-2.200836820083684 
6790008,-2.407407407407409 
6800028,-2.6250000000000013 
6810022,-2.426556016597512 
6820041,-2.501255230125525 
6830049,-2.0641975308641993 
6840041,-2.3280991735537206 
6850006,-2.406639004149379 
6860003,-1.9769547325102899 
6870000,-2.2156378600823063 
6880016,-2.771063829787236 
6890021,-2.053061224489798 
6900035,-1.8232000000000017 
6910003,-2.5618644067796636 
6920034,-2.0534412955465604 
6930042,-2.3566666666666687 
6940008,-2.033884297520663 
6950013,-2.708860759493673 
6960019,-2.268312757201648 
6970037,-2.112653061224491 
6980022,-2.468619246861927 
6990049,-2.4727272727272744 
7000030,-1.99268292682927 
7010018,-2.1553719008264483 
7020000,-2.3475000000000024 
7030023,-2.1135802469135823 
7040028,-2.329218106995887 
7050000,-2.7338912133891227 
7060031,-2.1674796747967497 
7070038,-2.3128630705394215 
7080009,-1.7669354838709692 
7090015,-2.450833333333335 
7100000,-2.2899159663865567 
7110049,-2.1373983739837414 
7120001,-2.0302040816326543 
7130022,-1.6192771084337367 
7140017,-1.4422310756972128 
7150042,-2.0120967741935503 
7160000,-1.6891566265060258 
7170029,-1.9704918032786902 
7180023,-2.1637860082304545 
7190015,-2.009795918367349 
7200020,-2.020325203252034 
7210027,-1.9644628099173573 
7220022,-2.1611570247933902 
7230003,-2.321666666666668 
7240022,-2.1665306122448995 
7250018,-2.761344537815128 
7260019,-1.6769230769230787 
7270025,-2.0491935483870978 
7280022,-2.3668049792531143 
7290007,-1.6280000000000014 
7300033,-2.1319672131147556 
7310018,-2.5635593220339 
7320037,-2.2901639344262312 
7330009,-2.2975000000000017 
7340024,-2.1869918699187 
7350005,-2.297907949790797 
7360000,-2.5560165975103755 
7370036,-1.7968000000000015 
7380021,-1.8888888888888908 
7390006,-1.6065573770491821 
7400022,-2.0699186991869936 
7410042,-2.222222222222224 
7420008,-1.674285714285716 
7430015,-2.0877049180327885 
7440010,-1.5920000000000014 
7450000,-2.338842975206613 
7460013,-2.1213114754098377 
7470006,-2.160165975103736 
7480013,-2.042276422764229 
7490005,-2.087346938775512 
7500001,-2.2230452674897134 
7510014,-2.5668049792531136 
7520039,-2.4937238493723863 
7530016,-2.6033898305084766 
7540012,-2.049392712550609 
7550037,-2.2040816326530632 
7560030,-2.292946058091288 
7570025,-2.1983471074380185 
7580013,-2.10857142857143 
7590012,-2.120647773279354 
7600014,-1.760642570281126 
7610028,-1.7849206349206368 
7620047,-1.7481781376518235 
7630006,-1.9182186234817828 
7640049,-1.7624000000000015 
7650034,-2.412500000000002 
7660020,-1.707630522088355 
7670021,-1.851612903225808 
7680030,-1.7895161290322597 
7690018,-2.138842975206613 
7700028,-1.671936758893282 
7710049,-2.2065843621399197 
7720027,-1.705220883534138 
7730030,-1.8520325203252053 
7740039,-2.264489795918369 
7750030,-1.8348178137651838 
7760038,-2.5087866108786625 
7770017,-2.49075630252101 
7780045,-2.6059071729957823 
7790046,-1.8737704918032803 
7800020,-2.310373443983404 
7810020,-2.233606557377051 
7820017,-2.4248962655601676 
7830026,-2.5198347107438033 
7840030,-2.0319672131147564 
7850017,-2.317012448132782 
7860016,-1.8325203252032536 
7870037,-2.4074688796680515 
7880041,-2.4330578512396706 
7890026,-1.6111111111111127 
7900028,-2.1251028806584378 
7910040,-2.095901639344264 
7920018,-1.8514285714285725 
7930002,-1.483064516129034 
7940007,-1.9300411522633762 
7950006,-1.777868852459018 
7960033,-2.070445344129556 
7970017,-2.326970954356848 
7980024,-2.0416000000000016 
7990018,-1.684462151394424 
8000022,-1.6527559055118126 
8010005,-2.3234567901234584 
8020019,-1.8192000000000017 
8030034,-2.2540983606557394 
8040031,-2.1200000000000014 
8050031,-2.259259259259261 
8060031,-2.251028806584364 
8070006,-1.9437751004016082 
8080028,-1.602371541501978 
8090011,-2.014634146341465 
8100020,-1.7392000000000016 
8110013,-2.352500000000002 
8120003,-2.2827868852459035 
8130000,-2.589915966386557 
8140047,-2.369421487603308 
8150016,-2.1093877551020426 
8160012,-2.155648535564856 
8170008,-1.7055118110236236 
8180032,-1.9155378486055792 
8190000,-2.2647540983606573 
8200047,-1.9611336032388678 
8210000,-2.1540983606557393 
8220030,-1.511811023622049 
8230035,-2.231404958677688 
8240025,-2.016260162601627 
8250001,-1.8562248995983952 
8260021,-1.5314960629921275 
8270006,-2.1721311475409855 
8280003,-2.1642276422764244 
8290004,-1.9195121951219527 
8300033,-2.3090909090909104 
8310016,-2.5823529411764725 
8320016,-2.0901639344262315 
8330025,-2.0074074074074093 
8340027,-2.522689075630254 
8350014,-2.48284518828452 
8360018,-1.833870967741937 
8370031,-2.006557377049182 
8380008,-2.7949367088607615 
8390039,-2.103703703703705 
8400023,-1.9747967479674813 
8410010,-1.4817460317460336 
8420027,-2.1462809917355385 
8430031,-1.7863453815261061 
8440023,-1.7303643724696374 
8450027,-1.890322580645163 
8460033,-2.1114754098360677 
8470038,-2.0000000000000018 
8480006,-1.9459677419354853 
8490031,-2.397489539748956 
8500035,-1.8459677419354856 
8510024,-1.861538461538463 
8520026,-2.1024193548387116 
8530049,-2.1745901639344276 
8540031,-2.3045643153526982 
8550025,-1.5587301587301599 
8560019,-1.644881889763781 
8570011,-2.7159663865546233 
8580009,-1.9457489878542529 
8590012,-2.1208163265306137 
8600038,-1.972580645161292 
8610004,-1.5880952380952396 
8620038,-1.858064516129034 
8630039,-2.0536585365853677 
8640029,-2.409090909090911 
8650011,-1.9853658536585383 
8660029,-2.145901639344264 
8670028,-2.003265306122451 
8680005,-2.083606557377051 
8690001,-2.370124481327803 
8700021,-1.9920000000000015 
8710002,-2.074285714285716 
8720005,-1.9942386831275736 
8730022,-2.657142857142859 
8740045,-2.158847736625516 
8750039,-2.14732510288066 
8760010,-2.590041493775935 
8770038,-1.9536585365853676 
8780030,-2.097095435684649 
8790037,-2.034146341463416 
8800004,-1.4468750000000012 
8810023,-2.1455284552845546 
8820015,-1.8048192771084355 
8830009,-2.4552301255230145 
8840005,-1.8788617886178878 
8850046,-2.1893442622950836 
8860038,-1.803238866396763 
8870002,-2.227385892116184 
8880026,-1.5090196078431388 
8890042,-2.008979591836736 
8900002,-1.5896414342629495 
8910001,-2.3420408163265316 
8920044,-2.0680327868852477 
8930046,-1.755645161290324 
8940012,-2.0663934426229527 
8950003,-2.0534412955465604 
8960001,-2.0064516129032275 
8970022,-2.3231404958677704 
8980006,-1.9134693877551037 
8990031,-1.4527559055118127 
9000010,-2.1024793388429774 
9010042,-1.8390243902439043 
9020042,-2.024390243902441 
9030036,-2.306557377049182 
9040000,-1.7163346613545833 
9050001,-1.7598393574297202 
9060012,-2.111020408163267 
9070009,-2.153278688524592 
9080019,-1.7822580645161306 
9090028,-1.7192000000000012 
9100021,-1.8370967741935498 
9110023,-1.6071713147410371 
9120016,-1.6866396761133622 
9130005,-1.825806451612905 
9140043,-2.218775510204083 
9150015,-1.8991803278688542 
9160003,-1.5222222222222237 
9170016,-1.9133603238866415 
9180036,-1.8902439024390258 
9190016,-2.185185185185187 
9200017,-1.7638554216867486 
9210022,-2.0923694779116477 
9220006,-1.3625000000000012 
9230033,-1.5803149606299227 
9240011,-2.068595041322316 
9250023,-1.965322580645163 
9260033,-1.694779116465865 
9270026,-1.5365461847389574 
9280008,-1.6656000000000013 
9290018,-1.755020080321287 
9300033,-2.4190871369294626 
9310031,-1.8682926829268311 
9320014,-1.6879032258064535 
9330013,-1.9028112449799213 
9340013,-1.8056680161943333 
9350029,-2.021052631578949 
9360007,-1.8080971659919045 
9370002,-2.3195020746887987 
9380007,-2.1481481481481497 
9390020,-1.6478087649402404 
9400032,-2.2658536585365865 
9410033,-1.9562753036437264 
9420047,-2.281967213114756 
9430007,-1.7640000000000016 
9440034,-1.9609756097560993 
9450024,-2.0987654320987668 
9460024,-1.8582995951417016 
9470011,-1.9243902439024407 
9480011,-1.7601626016260181 
9490001,-2.106995884773664 
9500027,-2.057723577235774 
9510032,-2.295833333333335 
9520020,-2.1547325102880674 
9530033,-1.7253012048192784 
9540025,-1.9731707317073184 
9550019,-1.4932806324110686 
9560039,-2.0569105691056926 
9570022,-1.421960784313727 
9580028,-1.8361445783132546 
9590027,-1.681746031746033 
9600004,-1.5114624505928866 
9610020,-1.6419354838709694 
9620022,-2.013765182186236 
9630012,-1.9016393442622972 
9640038,-1.9524193548387112 
9650029,-2.1151020408163275 
9660021,-2.1281632653061244 
9670039,-2.0268292682926843 
9680035,-1.7477911646586362 
9690013,-1.1742187500000016 
9700045,-2.135772357723579 
9710015,-1.5320000000000018 
9720041,-2.0975806451612913 
9730026,-1.8669354838709695 
9740020,-1.3929133858267733 
9750013,-1.5417322834645684 
9760022,-1.5937007874015765 
9770010,-1.7919028340080987 
9780038,-2.2483606557377067 
9790030,-2.3390946502057632 
9800025,-2.089795918367349 
9810003,-1.771314741035858 
9820021,-1.825000000000002 
9830035,-2.007346938775512 
9840025,-2.4978902953586517 
9850022,-2.1195121951219527 
9860002,-2.5061728395061738 
9870038,-2.314876033057853 
9880001,-2.1459016393442636 
9890004,-2.1487804878048795 
9900015,-1.2614785992217914 
9910037,-1.2929133858267734 
9920022,-2.2066115702479356 
9930009,-1.7526104417670696 
9940045,-1.8348178137651843 
9950011,-1.5768000000000015 
9960013,-1.7896000000000012 
9970017,-1.8983870967741951 
9980015,-2.104489795918369 
9990025,-1.7620967741935503 
10000003,-1.7012048192771099 
10010039,-2.365975103734442 
10020021,-2.320000000000001 
10030016,-1.5968379446640333 
10040008,-1.880645161290324 
10050027,-2.3643153526970973 
10060024,-2.0385245901639366 
10070006,-2.3573221757322194 
10080007,-2.0786885245901656 
10090016,-1.9188755020080337 
10100043,-2.0546938775510215 
10110025,-2.293333333333335 
10120021,-2.5175000000000014 
10130012,-2.140163934426231 
10140022,-1.7200000000000013 
10150018,-1.544094488188978 
10160033,-1.6220472440944897 
10170016,-2.08512396694215 
10180010,-1.5872000000000017 
10190022,-1.9651821862348193 
10200016,-1.3992000000000016 
10210006,-1.5179282868525912 
10220005,-1.6912000000000016 
10230007,-1.6896000000000018 
10240009,-1.6603921568627464 
10250020,-1.9028571428571444 
10260026,-1.712252964426879 
10270003,-1.8570281124498007 
10280018,-1.909465020576133 
10290040,-1.7020242914979773 
10300008,-1.3513725490196093 
10310024,-2.3204918032786903 
10320004,-1.9547325102880675 
10330011,-2.211522633744858 
10340047,-1.8120481927710859 
10350021,-1.7846153846153865 
10360022,-2.1620967741935497 
10370030,-1.8971659919028354 
10380008,-1.5438735177865628 
10390004,-2.3135802469135816 
10400033,-1.5089494163424135 
10410025,-2.0422764227642287 
10420022,-1.6722891566265077 
10430040,-2.0024390243902457 
10440014,-2.2190871369294625 
10450025,-1.7099601593625513 
10460024,-1.6685258964143441 
10470015,-2.3933884297520676 
10480040,-1.6250000000000013 
10490014,-1.5785714285714298 
10500002,-1.4314960629921274 
10510014,-1.4398406374502009 
10520034,-1.3647058823529425 
10530022,-1.4569169960474322 
10540044,-2.098785425101216 
10550019,-1.9346938775510223 
10560009,-1.6869918699187014 
10570013,-1.9707317073170747 
10580031,-2.047154471544717 
10590002,-1.2909803921568643 
10600035,-0.8605363984674343 
10610049,-2.0194331983805687 
10620025,-1.8314516129032274 
10630002,-1.608032128514058 
10640036,-1.4350194552529194 
10650003,-2.129218106995886 
10660014,-1.9282258064516147 
10670002,-1.7132530120481944 
10680010,-1.4845849802371556 
10690000,-2.0775510204081646 
10700004,-1.4054687500000016 
10710049,-1.9480000000000013 
10720028,-2.2831275720164625 
10730027,-1.5848605577689259 
10740048,-1.5648000000000015 
10750028,-2.0566801619433215 
10760014,-2.057723577235774 
10770031,-1.7960474308300407 
10780009,-2.4157024793388446 
10790013,-2.011428571428573 
10800017,-1.4693227091633483 
10810004,-2.256790123456792 
10820037,-2.0348178137651836 
10830014,-2.0504065040650423 
10840047,-1.848221343873519 
10850042,-1.0230769230769243 
10860015,-1.9292682926829285 
10870031,-2.2580912863070557 
10880015,-2.133333333333335 
10890020,-1.8387096774193565 
10900008,-2.1081300813008146 
10910023,-1.4117647058823544 
10920028,-2.2157676348547737 
10930033,-1.5498007968127507 
10940006,-2.0270491803278703 
10950027,-1.597580645161292 
10960019,-1.8856000000000013 
10970031,-1.62857142857143 
10980028,-1.6536000000000015 
10990007,-1.6176706827309248 
11000035,-1.1891050583657599 
11010032,-2.009756097560977 
11020048,-2.1518367346938794 
11030029,-2.2806584362139932 
11040006,-2.366804979253114 
11050041,-2.0040650406504077 
11060041,-2.388429752066117 
11070036,-2.7647058823529425 
11080029,-1.8682926829268307 
11090045,-2.0865306122448994 
11100034,-2.0516129032258075 
11110022,-2.25344129554656 
11120035,-2.2647540983606573 
11130049,-2.1420408163265323 
11140031,-2.0877049180327885 
11150018,-1.9365853658536603 
11160005,-2.115918367346941 
11170011,-1.7019920318725112 
11180039,-1.7604838709677437 
11190023,-1.8331983805668033 
11200023,-1.6468253968253983 
11210002,-1.4250000000000012 
11220009,-1.6803212851405638 
11230021,-1.7776000000000012 
11240023,-1.678884462151396 
11250030,-1.6176000000000017 
11260027,-2.0995918367346955 
11270004,-1.7789473684210544 
11280021,-2.1752066115702497 
11290044,-1.3187500000000014 
11300033,-2.3643153526970973 
11310010,-1.715322580645163 
11320043,-2.222857142857144 
11330004,-1.534117647058825 
11340025,-1.488976377952757 
11350006,-1.8608000000000011 
11360015,-1.5872000000000017 
11370021,-1.8768000000000014 
11380031,-1.5217391304347843 
11390017,-2.0131147540983623 
11400021,-1.5858267716535448 
11410009,-2.111740890688261 
11420007,-1.1234375000000016 
11430013,-1.7185483870967757 
11440016,-1.8509960159362564 
11450014,-1.5777777777777797 
11460037,-1.6690763052208852 
11470041,-1.442352941176472 
11480049,-2.010526315789475 
11490015,-1.716800000000001 
11500037,-1.7386454183266944 
11510001,-2.242975206611572 
11520015,-1.9709677419354856 
11530002,-1.7870445344129569 
11540011,-2.088979591836736 
11550006,-1.93927125506073 
11560033,-2.144489795918369 
11570033,-1.8995983935742986 
11580019,-1.6408000000000016 
11590049,-1.8520000000000016 
11600028,-1.2404669260700403 
11610012,-1.7020080321285156 
11620003,-1.9330677290836673 
11630020,-1.770517928286854 
11640025,-1.2812500000000016 
11650038,-1.5222222222222237 
11660015,-1.5354581673306789 
11670002,-2.050819672131149 
11680005,-1.5003921568627465 
11690025,-2.020576131687245 
11700023,-2.1925619834710757 
11710015,-2.0016260162601642 
11720013,-2.2483606557377063 
11730008,-1.8906882591093133 
11740001,-1.6304000000000014 
11750036,-2.04878048780488 
11760040,-1.398449612403102 
11770033,-1.6584980237154165 
11780001,-1.9540322580645175 
11790007,-1.8048000000000017 
11800021,-1.950806451612905 
11810019,-2.047154471544717 
11820028,-1.5717647058823543 
11830002,-1.6212598425196862 
11840032,-1.5968379446640333 
11850007,-1.4335937500000013 
11860010,-1.7832669322709178 
11870019,-1.3223076923076935 
11880039,-1.6984126984126997 
11890008,-1.1476562500000014 
11900020,-1.36342412451362 
11910029,-1.477470355731227 
11920030,-1.47716535433071 
11930024,-1.5740157480314976 
11940030,-1.7368000000000015 
11950001,-1.9088000000000016 
11960038,-1.7000000000000017 
11970009,-1.919838056680163 
11980029,-1.8240000000000014 
11990009,-1.7450199203187264 
12000009,-1.7751004016064271 
12010029,-1.7768924302788862 
12020006,-1.5842519685039382 
12030014,-1.6478087649402409 
12040000,-1.4692913385826785 
12050012,-1.5685039370078753 
12060023,-1.6478431372549034 
12070008,-2.0406504065040663 
12080033,-2.447698744769877 
12090010,-2.1491803278688546 
12100014,-2.0479674796747984 
12110039,-2.436213991769549 
12120046,-2.178600823045269 
12130001,-1.5652173913043497 
12140008,-1.8570281124498005 
12150011,-1.8738955823293186 
12160000,-1.5169960474308315 
12170014,-1.7872000000000017 
12180026,-1.7944223107569737 
12190047,-1.9285140562249012 
12200001,-2.02348178137652 
12210003,-1.7864541832669338 
12220012,-1.4559055118110253 
12230003,-1.91209677419355 
12240006,-1.6690763052208852 
12250012,-1.707630522088355 
12260003,-2.0089430894308955 
12270005,-1.596062992125985 
12280007,-1.6444444444444455 
12290011,-1.9870967741935506 
12300029,-2.2442622950819686 
12310039,-2.1102040816326544 
12320031,-1.866135458167332 
12330016,-1.9919028340080986 
12340033,-2.1648979591836754 
12350020,-1.8923076923076936 
12360018,-1.3589147286821717 
12370002,-1.7112000000000014 
12380018,-1.9403225806451634 
12390004,-1.8374501992031884 
12400049,-1.928286852589643 
12410008,-2.3103734439834045 
12420019,-1.5936758893280647 
12430026,-1.8801619433198395 
12440043,-1.7102362204724422 
12450028,-1.4780876494023918 
12460023,-1.4880952380952395 
12470015,-1.8599190283400824 
12480038,-1.574901960784315 
12490026,-1.8276422764227658 
12500011,-1.7120000000000013 
12510020,-2.276033057851242 
12520003,-2.051428571428573 
12530008,-1.8240000000000016 
12540018,-1.9317269076305237 
12550013,-1.9591836734693895 
12560027,-1.7482071713147427 
12570031,-1.5752000000000017 
12580029,-1.9943548387096788 
12590000,-1.8120481927710859 
12600015,-1.6055776892430293 
12610006,-2.0736842105263174 
12620014,-1.8264000000000014 
12630028,-2.2860655737704936 
12640023,-2.0938775510204097 
12650023,-1.3593750000000013 
12660012,-1.7823293172690777 
12670006,-1.971314741035858 
12680009,-2.031275720164611 
12690021,-1.7112903225806468 
12700031,-1.6907630522088373 
12710007,-2.045161290322582 
12720025,-1.9258064516129052 
12730003,-1.5709677419354855 
12740016,-1.7415019762845865 
12750026,-1.767068273092371 
12760011,-2.1306122448979607 
12770010,-1.8162601626016277 
12780045,-2.203252032520327 
12790004,-2.0893442622950835 
12800017,-1.8669322709163363 
12810006,-1.7072000000000014 
12820033,-1.8000000000000016 
12830035,-2.0098360655737726 
12840007,-2.1368852459016408 
12850040,-1.5083003952569187 
12860019,-1.8655870445344145 
12870018,-1.8493927125506089 
12880003,-2.151020408163267 
12890005,-2.3909836065573784 
12900017,-1.5588932806324125 
12910044,-1.9136000000000013 
12920020,-2.0213114754098376 
12930001,-2.078367346938777 
12940045,-2.1773279352226735 
12950012,-1.6416000000000013 
12960029,-1.8336000000000012 
12970026,-1.6549800796812766 
12980019,-1.8235772357723592 
12990016,-1.7096000000000013 
13000003,-2.14857142857143 
13010016,-1.7563492063492079 
13020013,-2.3363265306122463 
13030022,-2.170612244897961 
13040036,-1.5968750000000016 
13050032,-1.7768000000000015 
13060016,-2.059919028340082 
13070015,-2.0835341365461866 
13080002,-1.9378486055776907 
13090023,-1.8637096774193567 
13100001,-1.7304000000000017 
13110012,-1.7309523809523821 
13120040,-1.4376470588235308 
13130010,-2.1056910569105707 
13140020,-1.6996047430830052 
13150011,-1.786234817813767 
13160023,-1.319379844961242 
13170020,-2.0587755102040832 
13180008,-1.6864000000000017 
13190034,-1.678087649402392 
13200004,-1.702811244979921 
13210015,-1.9011952191235075 
13220015,-1.2988505747126446 
13230002,-1.682677165354332 
13240027,-1.5764705882352954 
13250027,-2.03292181069959 
13260037,-1.8520000000000016 
13270033,-2.0286852589641446 
13280031,-1.99839357429719 
13290017,-1.9151020408163286 
13300006,-1.8224899598393587 
13310002,-2.3465020576131708 
13320012,-1.7108433734939772 
13330003,-1.0697318007662846 
13340044,-1.7179282868525911 
13350042,-2.026612903225808 
13360013,-1.7968000000000013 
13370034,-2.260975609756099 
13380032,-1.7975903614457847 
13390038,-1.674103585657372 
13400023,-1.7240000000000015 
13410026,-1.7110236220472455 
13420010,-2.0801619433198395 
13430016,-1.0930769230769244 
13440020,-1.3482352941176488 
13450032,-1.597647058823531 
13460016,-1.3325490196078444 
13470033,-1.5623529411764718 
13480004,-1.7298804780876507 
13490004,-1.5748031496063006 
13500001,-1.9000000000000017 
13510014,-1.8868525896414357 
13520024,-1.9236947791164674 
13530001,-2.2647773279352243 
13540015,-1.899200000000001 
13550037,-2.470539419087139 
13560014,-1.9129032258064531 
13570019,-1.9317269076305237 
13580044,-1.6496062992126 
13590011,-1.3011673151750984 
13600010,-1.9830645161290341 
13610026,-2.025203252032522 
13620027,-1.6192771084337365 
13630028,-1.7346774193548398 
13640017,-1.6420634920634938 
13650046,-1.4079365079365094 
13660011,-2.036437246963564 
13670028,-2.046341463414636 
13680026,-1.867755102040818 
13690021,-2.3264462809917372 
13700009,-1.625396825396827 
13710040,-1.5362204724409465 
13720008,-1.6624000000000017 
13730004,-2.115102040816328 
13740029,-1.7480000000000013 
13750032,-1.4806324110671951 
13760044,-1.6523809523809536 
13770017,-1.9983739837398389 
13780028,-1.7626984126984142 
13790024,-1.7357429718875517 
13800023,-1.706719367588934 
13810038,-1.916000000000002 
13820007,-1.8903225806451627 
13830005,-1.7935742971887565 
13840023,-1.3936758893280647 
13850017,-1.5031250000000014 
13860012,-1.5298804780876507 
13870010,-1.2648648648648664 
13880030,-1.4257812500000013 
13890029,-1.8992000000000013 
13900032,-1.6278884462151408 
13910043,-2.0414634146341477 
13920024,-1.7598393574297204 
13930003,-1.8615384615384631 
13940045,-1.782470119521914 
13950013,-2.3800829875518685 
13960026,-1.9582329317269094 
13970005,-2.3966527196652736 
13980031,-1.8040160642570295 
13990012,-1.8728000000000018 
14000022,-1.8943089430894322 
14010028,-2.4066945606694574 
14020022,-2.079518072289158 
14030007,-1.4960000000000013 
14040006,-2.0893442622950835 
14050026,-1.6040000000000014 
14060023,-1.5394422310756986 
14070001,-1.7304000000000013 
14080015,-1.9461224489795934 
14090034,-2.0637096774193564 
14100002,-1.6824000000000012 
14110031,-1.9182186234817828 
14120020,-1.92690763052209 
14130029,-1.7622489959839371 
14140024,-1.8040000000000016 
14150001,-1.529133858267718 
14160020,-1.4406250000000016 
14170007,-1.4031496062992141 
14180030,-1.300775193798451 
14190037,-1.394444444444446 
14200007,-1.7500000000000013 
14210012,-1.3085937500000013 
14220007,-1.494071146245061 
14230026,-1.4544747081712073 
14240010,-1.302723735408562 
14250004,-1.266666666666668 
14260023,-1.5656250000000012 
14270032,-1.6486055776892448 
14280005,-1.355555555555557 
14290005,-1.8455284552845543 
14300005,-2.1387755102040833 
14310003,-2.1481781376518234 
14320025,-1.7606425702811257 
14330007,-1.932520325203254 
14340026,-1.8546184738955838 
14350014,-2.2970954356846494 
14360030,-2.115102040816328 
14370003,-1.421960784313727 
14380042,-1.7552000000000016 
14390024,-1.7585657370517946 
14400029,-1.8286852589641447 
14410035,-1.5225296442687761 
14420045,-1.7280000000000015 
14430033,-1.3566929133858283 
14440003,-1.6533864541832684 
14450022,-1.681746031746033 
14460006,-1.86857142857143 
14470035,-1.8912000000000015 
14480034,-2.02348178137652 
14490012,-2.3234567901234584 
14500031,-1.6241935483870984 
14510017,-1.4248000000000016 
14520025,-1.4062745098039233 
14530000,-1.8400000000000014 
14540002,-2.13467741935484 
14550008,-1.8568000000000016 
14560025,-1.8349206349206366 
14570024,-1.8947791164658654 
14580006,-2.009795918367349 
14590005,-2.0398373983739857 
14600003,-1.7992031872509977 
14610002,-1.7774193548387114 
14620015,-1.4945312500000016 
14630045,-1.5810276679841913 
14640008,-1.651612903225808 
14650033,-2.4297520661157037 
14660022,-1.6392000000000015 
14670022,-1.8178137651821877 
14680048,-1.909163346613547 
14690027,-1.9300813008130098 
14700025,-0.9448275862068979 
14710023,-1.4376470588235308 
14720041,-1.646640316205535 
14730002,-1.6368000000000016 
14740012,-1.8240000000000014 
14750007,-1.755020080321287 
14760012,-1.5078740157480328 
14770031,-1.7681274900398423 
14780030,-2.06857142857143 
14790043,-1.7177865612648233 
14800009,-2.181893004115228 
14810017,-1.3631372549019622 
14820001,-1.7243027888446227 
14830008,-2.013709677419356 
14840002,-1.886746987951809 
14850004,-2.021686746987953 
14860037,-1.5557312252964441 
14870029,-1.8329317269076317 
14880049,-1.755020080321287 
14890032,-1.4494117647058835 
14900016,-2.0317073170731725 
14910016,-1.6827309236947807 
14920003,-2.11591836734694 
14930005,-1.8856000000000013 
14940047,-1.8120967741935499 
14950029,-1.6908366533864556 
14960023,-1.5582677165354346 
14970008,-1.5617529880478103 
14980001,-1.546400000000002 
14990004,-2.2636734693877565 
15000020,-2.0817813765182196 
15010004,-1.889878542510123 
15020034,-1.879518072289158 
15030015,-1.2429687500000015 
15040032,-1.822310756972113 
15050031,-1.2201550387596913 
15060016,-1.9314516129032273 
15070033,-1.8023904382470137 
15080008,-1.5079365079365095 
15090022,-1.4266666666666679 
15100006,-1.481274900398408 
15110020,-1.9666666666666686 
15120027,-1.760642570281126 
15130002,-1.8623481781376536 
15140027,-2.1147540983606574 
15150000,-1.6717131474103601 
15160021,-1.4560311284046707 
15170002,-1.55415019762846 
15180035,-1.6234375000000014 
15190010,-1.5903614457831339 
15200004,-1.8792000000000015 
15210010,-1.851612903225808 
15220003,-1.7304000000000015 
15230009,-1.3992187500000015 
15240047,-1.766141732283466 
15250022,-1.2635658914728696 
15260038,-1.3992187500000015 
15270012,-1.2472868217054278 
15280015,-1.85725806451613 
15290039,-2.0276422764227657 
15300041,-1.3834645669291352 
15310038,-1.8322580645161306 
15320024,-1.77370517928287 
15330048,-1.8372469635627546 
15340038,-2.314285714285716 
15350029,-1.719678714859439 
15360003,-2.1292682926829283 
15370004,-1.8233870967741952 
15380007,-1.3421875000000014 
15390015,-1.6071146245059302 
15400020,-1.6210937500000013 
15410018,-1.771314741035858 
15420000,-1.5330708661417338 
15430027,-2.0910569105691073 
15440024,-2.4260504201680684 
15450020,-1.6952380952380968 
15460010,-2.0080321285140577 
15470023,-1.6677165354330723 
15480030,-1.4917647058823542 
15490028,-1.6836653386454197 
15500014,-1.7116465863453831 
15510008,-1.9104838709677436 
15520000,-1.7238095238095252 
15530024,-1.7952000000000017 
15540033,-2.051612903225808 
15550021,-1.0827586206896567 
15560040,-1.660557768924304 
15570019,-2.328395061728396 
15580049,-1.5177865612648234 
15590008,-1.841935483870969 
15600029,-1.7919678714859453 
15610043,-1.8528455284552863 
15620013,-1.4055118110236233 
15630014,-1.8301587301587317 
15640034,-1.4784313725490212 
15650022,-1.8895161290322597 
15660005,-2.161632653061226 
15670044,-1.8506024096385558 
15680023,-1.3507812500000014 
15690024,-1.4439215686274525 
15700039,-1.3046875000000013 
15710017,-1.7824000000000013 
15720013,-1.8142857142857154 
15730022,-1.1678160919540241 
15740032,-1.7951807228915677 
15750042,-1.5612648221343888 
15760014,-2.075102040816328 
15770034,-2.1265306122449 
15780019,-1.7520000000000016 
15790009,-1.6666666666666683 
15800032,-2.2811475409836084 
15810030,-1.8895161290322595 
15820014,-1.2227450980392174 
15830019,-1.9153225806451628 
15840019,-1.7480000000000013 
15850009,-1.4101562500000013 
15860002,-2.670539419087139 
15870041,-1.5960474308300407 
15880004,-1.6637096774193567 
15890010,-2.0129554655870456 
15900043,-1.1799227799227814 
15910011,-1.0333333333333348 
15920046,-1.669322709163348 
15930003,-1.2281250000000012 
15940045,-1.5769841269841283 
15950010,-1.57370517928287 
15960004,-1.6711462450592898 
15970003,-1.4972332015810288 
15980031,-1.9863453815261058 
15990041,-1.584980237154152 
16000017,-1.0850574712643692 
16010018,-1.4556862745098054 
16020015,-1.336186770428017 
16030025,-1.7720000000000018 
16040013,-1.4337254901960796 
16050002,-1.6884462151394442 
16060044,-1.4094117647058837 
16070036,-0.9474903474903489 
16080012,-1.932530120481929 
16090032,-1.3058823529411778 
16100039,-2.021513944223109 
16110037,-1.5301587301587316 
16120031,-1.815936254980081 
16130035,-1.7721115537848622 
16140041,-1.6964426877470369 
16150038,-1.5872509960159378 
16160008,-1.4803149606299226 
16170016,-2.1264000000000016 
16180016,-1.621513944223109 
16190028,-1.6735177865612665 
16200008,-1.4474708171206239 
16210002,-1.010646387832701 
16220016,-1.9028112449799213 
16230031,-1.769841269841271 
16240037,-1.7019920318725115 
16250027,-1.38910505836576 
16260028,-1.4222222222222232 
16270006,-1.5887550200803229 
16280006,-1.5595238095238109 
16290017,-1.401587301587303 
16300010,-1.9863453815261054 
16310006,-1.1829457364341098 
16320014,-1.6533333333333347 
16330028,-1.7452380952380964 
16340012,-1.3482352941176485 
16350008,-1.492913385826773 
16360032,-1.7123505976095634 
16370012,-1.1976744186046524 
16380033,-1.2031128404669276 
16390023,-1.3858267716535446 
16400007,-1.3415384615384627 
16410022,-1.5647058823529425 
16420011,-1.5130434782608708 
16430022,-1.6687500000000013 
16440006,-1.2053435114503828 
16450009,-1.2163424124513633 
16460037,-1.3189189189189203 
16470004,-1.6537549407114638 
16480022,-1.7195219123505991 
16490006,-1.8472000000000015 
16500000,-1.5284046692607018 
16510000,-1.3474903474903488 
16520045,-1.2178988326848261 
16530029,-1.6158102766798432 
16540035,-1.4031250000000015 
16550010,-1.5450980392156872 
16560011,-1.6282352941176486 
16570014,-2.0467741935483885 
16580013,-1.4853754940711479 
16590043,-1.916666666666668 
16600012,-1.4449612403100782 
16610011,-1.2347490347490362 
16620032,-1.4889763779527574 
16630019,-1.5690476190476206 
16640014,-1.6798418972332032 
16650035,-1.7251968503937023 
16660034,-1.3468750000000016 
16670048,-1.7243027888446232 
16680010,-1.5992031872509977 
16690000,-1.1762452107279706 
16700007,-1.8216000000000017 
16710001,-1.4875000000000012 
16720020,-1.4031372549019618 
16730025,-0.9118773946360167 
16740025,-1.7782258064516148 
16750008,-1.5218750000000012 
16760004,-1.392248062015505 
16770034,-1.1953125000000016 
16780025,-1.455686274509805 
16790019,-1.8332015810276694 
16800016,-1.9451612903225823 
16810029,-1.5023437500000014 
16820047,-1.7704000000000015 
16830023,-1.4271317829457377 
16840006,-1.7858267716535445 
16850049,-1.5042471042471057 
16860000,-2.440167364016738 
16870036,-1.674103585657372 
16880006,-1.2015503875969005 
16890002,-1.9646586345381543 
16900012,-1.4980392156862756 
16910039,-1.4937007874015762 
16920026,-1.8616000000000015 
16930048,-1.4086956521739145 
16940008,-1.2734375000000013 
16950034,-1.5883268482490283 
16960023,-1.6553359683794482 
16970028,-1.537254901960786 
16980008,-1.828685258964145 
16990001,-1.5438735177865626 
17000043,-1.673517786561266 
17010013,-1.7349397590361457 
17020016,-1.4710937500000012 
17030011,-1.9123505976095634 
17040030,-1.4350194552529199 
17050014,-1.1232558139534896 
17060013,-1.2960937500000014 
17070013,-1.6840000000000013 
17080008,-0.768939393939395 
17090046,-1.6597609561753002 
17100042,-1.2937500000000013 
17110030,-1.4207171314741052 
17120009,-1.661904761904763 
17130021,-1.4956175298804797 
17140011,-1.3046875000000013 
17150038,-1.5849206349206364 
17160016,-1.6824000000000017 
17170027,-1.7190476190476205 
17180049,-1.6458498023715429 
17190021,-1.2823076923076935 
17200012,-1.2864864864864876 
17210020,-1.4844621513944238 
17220007,-1.3089494163424138 
17230020,-1.455118110236222 
17240028,-1.2357976653696512 
17250005,-1.6750000000000018 
17260041,-1.8808000000000016 
17270025,-2.168595041322316 
17280033,-1.9504000000000017 
17290015,-1.311372549019609 
17300041,-1.4116279069767457 
17310013,-1.6976000000000013 
17320021,-1.6312500000000012 
17330036,-1.6338582677165367 
17340023,-1.3609375000000012 
17350001,-1.5675889328063255 
17360017,-1.4620155038759706 
17370027,-1.537549407114626 
17380026,-1.7935483870967759 
17390004,-1.360629921259844 
17400017,-1.0254826254826266 
17410042,-1.3671875000000016 
17420001,-0.9307984790874538 
17430048,-1.8449799196787162 
17440022,-1.5984126984127 
17450030,-1.79450980392157 
17460016,-1.5147410358565752 
17470022,-1.7468253968253984 
17480004,-1.2867187500000015 
17490017,-1.7968379446640328 
17500043,-0.8701492537313444 
17510038,-1.8040000000000014 
17520027,-1.593700787401576 
17530029,-1.7585657370517942 
17540024,-1.3372093023255827 
17550011,-1.1007633587786272 
17560013,-1.342857142857144 
17570038,-1.2070312500000016 
17580003,-1.774193548387098 
17590034,-1.474900398406376 
17600020,-0.9396946564885507 
17610025,-1.4864864864864877 
17620033,-1.4868217054263575 
17630044,-1.7697211155378498 
17640001,-1.9287449392712566 
17650015,-1.6434782608695668 
17660036,-1.1123076923076936 
17670010,-1.5031250000000016 
17680007,-1.2457364341085286 
17690025,-1.1792307692307702 
17700018,-0.9450381679389327 
17710038,-1.2373540856031144 
17720009,-1.526693227091635 
17730032,-2.30857142857143 
17740025,-1.704761904761906 
17750031,-1.3718750000000013 
17760040,-1.5785714285714303 
17770038,-0.9946768060836512 
17780008,-1.3372549019607856 
17790018,-1.7261904761904776 
17800029,-1.2682170542635673 
17810017,-1.7246031746031765 
17820014,-1.5527559055118125 
17830001,-1.635059760956177 
17840016,-0.9250936329588024 
17850037,-0.917110266159697 
17860029,-1.8088353413654634 
17870006,-1.6390438247011965 
17880040,-1.0143396226415105 
17890031,-1.229133858267718 
17900048,-1.4661417322834658 
17910036,-1.5535433070866156 
17920043,-1.5616000000000014 
17930030,-1.1455252918287955 
17940038,-1.0527131782945751 
17950016,-1.4770428015564216 
17960008,-1.1922178988326861 
17970032,-1.3364705882352956 
17980002,-1.5256916996047445 
17990014,-1.6447058823529426 
18000041,-1.4323076923076936 
18010011,-1.8240000000000016 
18020042,-1.4282352941176486 
18030026,-1.0106870229007645 
18040025,-1.2815686274509819 
18050013,-1.4551181102362214 
18060012,-1.0297709923664136 
18070007,-1.2578125000000013 
18080003,-1.0084615384615396 
18090006,-0.8962121212121226 
18100024,-1.303125000000001 
18110013,-1.3600000000000012 
18120024,-1.6371541501976294 
18130041,-1.375097276264593 
18140045,-1.6645669291338596 
18150027,-1.3077519379844973 
18160036,-1.5031496062992138 
18170000,-2.3241666666666685 
18180018,-1.7166666666666681 
18190012,-1.342857142857144 
18200041,-2.0032388663967624 
18210011,-1.7330677290836667 
18220006,-1.5833333333333346 
18230006,-1.6111111111111125 
18240025,-1.0876923076923088 
18250019,-1.5211155378486072 
18260036,-1.2457364341085284 
18270026,-0.9621212121212135 
18280043,-1.7259842519685051 
18290020,-1.141085271317831 
18300008,-1.3744186046511642 
18310010,-1.4390625000000015 
18320046,-1.5392307692307703 
18330024,-0.8053030303030314 
18340037,-1.2658914728682182 
18350027,-1.2007722007722021 
18360023,-1.663492063492065 
18370018,-1.7309236947791178 
18380003,-1.0733590733590748 
18390037,-1.4210937500000016 
18400003,-1.2139534883720944 
18410027,-1.576892430278886 
18420016,-1.3156250000000012 
18430007,-1.4343750000000015 
18440005,-1.5003952569169972 
18450034,-1.8392000000000017 
18460027,-1.5359683794466419 
18470027,-1.1544401544401555 
18480017,-1.733870967741937 
18490026,-1.923505976095619 
18500029,-1.6795275590551195 
18510027,-1.5162055335968394 
18520018,-1.5223529411764718 
18530039,-1.7448818897637808 
18540040,-1.4656250000000013 
18550006,-1.375781250000001 
18560004,-1.1774319066147874 
18570010,-1.1276923076923087 
18580021,-1.7976095617529897 
18590000,-1.440157480314962 
18600010,-1.3632812500000013 
18610000,-1.5634920634920648 
18620009,-1.3117187500000016 
18630019,-0.9615384615384628 
18640016,-1.4857142857142873 
18650006,-1.5078740157480328 
18660011,-1.6294820717131488 
18670010,-1.2899224806201564 
18680029,-1.751181102362206 
18690037,-1.8238095238095253 
18700015,-1.3719844357976663 
18710027,-1.382879377431908 
18720040,-1.9012145748987868 
18730001,-1.2842911877394647 
18740039,-0.8631578947368433 
18750022,-0.9600000000000014 
18760017,-1.2480620155038773 
18770009,-1.5452380952380969 
18780036,-1.2275862068965528 
18790004,-1.5664000000000013 
18800003,-1.2085271317829471 
18810013,-1.1511627906976758 
18820028,-1.2304687500000013 
18830013,-1.447058823529413 
18840015,-1.1521235521235533 
18850020,-1.177606177606179 
18860002,-1.2467432950191584 
18870002,-1.2084942084942099 
18880033,-1.3078740157480335 
18890011,-1.1631372549019625 
18900009,-1.3564202334630362 
18910021,-1.5679687500000015 
18920028,-1.0861538461538474 
18930008,-1.0769230769230782 
18940018,-1.754940711462452 
18950013,-1.4669260700389115 
18960000,-1.3492187500000015 
18970017,-1.5842519685039382 
18980017,-1.6840000000000015 
18990006,-1.5600000000000014 
19000024,-1.1722007722007735 
19010017,-1.121538461538463 
19020022,-1.500000000000001 
19030036,-1.3081081081081094 
19040038,-1.4622047244094503 
19050006,-1.8264000000000016 
19060009,-1.4748031496063005 
19070003,-1.4653386454183284 
19080027,-1.2046511627906993 
19090009,-1.53517786561265 
19100018,-1.0068441064638796 
19110009,-1.8408000000000015 
19120034,-1.4594594594594608 
19130038,-1.3247058823529427 
19140011,-1.5570312500000014 
19150001,-1.780876494023906 
19160011,-0.9580152671755738 
19170048,-1.3882812500000012 
19180014,-1.851612903225808 
19190001,-1.1169230769230782 
19200009,-0.87300380228137 
19210031,-1.2661478599221803 
19220015,-1.5746031746031757 
19230012,-1.414285714285716 
19240010,-1.3724409448818913 
19250038,-1.4984251968503954 
19260010,-1.5849206349206362 
19270040,-1.5928853754940726 
19280003,-1.18910505836576 
19290007,-1.481568627450982 
19300015,-1.896747967479676 
19310018,-1.1435114503816808 
19320025,-1.5173228346456706 
19330021,-1.2259541984732838 
19340036,-1.134615384615386 
19350007,-1.235156250000001 
19360039,-1.1169230769230782 
19370031,-1.3335937500000015 
19380004,-1.3953307392996126 
19390004,-0.9465648854961843 
19400019,-1.7370517928286866 
19410030,-1.5242187500000015 
19420014,-1.5626984126984143 
19430035,-1.2661538461538477 
19440008,-1.6289156626506038 
19450046,-1.393798449612404 
19460039,-1.172868217054265 
19470034,-1.1085271317829473 
19480046,-1.4899224806201563 
19490013,-0.9095785440613039 
19500012,-1.7043824701195232 
19510004,-1.2573643410852726 
19520005,-1.689494163424126 
19530015,-1.08846153846154 
19540032,-1.225482625482627 
19550032,-1.4648437500000013 
19560040,-1.176744186046513 
19570013,-1.7642857142857158 
19580018,-1.488188976377954 
19590038,-1.1884615384615398 
19600021,-1.5496062992125998 
19610014,-1.2572549019607857 
19620005,-1.1257812500000015 
