10000,-9.794999999999998 
20000,-9.739999999999998 
30000,-9.77 
40000,-9.715 
50000,-9.725 
60000,-9.755 
70000,-9.69 
80000,-9.65 
90000,-9.645 
100000,-9.66 
110000,-9.655 
120000,-9.63 
130000,-9.665 
140000,-9.61 
150000,-9.645 
160000,-9.66 
170000,-9.704999999999998 
180000,-9.6 
190000,-9.555 
200000,-9.535 
210000,-9.585 
220000,-9.665 
230000,-9.53 
240000,-9.66 
250000,-9.6 
260000,-9.62 
270000,-9.47 
280000,-9.68 
290000,-9.555 
300000,-9.575 
310000,-9.545 
320000,-9.625 
330000,-9.56 
340000,-9.53 
350000,-9.57 
360000,-9.45 
370000,-9.515 
380000,-9.415 
390000,-9.395 
400000,-9.37 
410000,-9.43 
420000,-9.41 
430000,-9.43 
440000,-9.405 
450000,-9.42 
460000,-9.49 
470000,-9.385 
480000,-9.43 
490000,-9.405 
500000,-9.42 
510000,-9.385 
520000,-9.405 
530000,-9.43 
540000,-9.46 
550000,-9.465 
560000,-9.345 
570000,-9.385 
580000,-9.375 
590000,-9.355 
600000,-9.35 
610000,-9.465 
620000,-9.38 
630000,-9.325 
640000,-9.355 
650000,-9.305 
660000,-9.28 
670000,-9.32 
680000,-9.29 
690000,-9.4 
700000,-9.215 
710000,-9.14 
720000,-9.285 
730000,-9.335 
740000,-9.285 
750000,-9.355 
760000,-9.285 
770000,-9.385 
780000,-9.175 
790000,-9.43 
800000,-9.345 
810000,-9.255 
820000,-9.2 
830000,-9.185 
840000,-9.24 
850000,-9.295 
860000,-9.145 
870000,-9.185 
880000,-9.225 
890000,-9.17 
900000,-9.2 
910000,-9.27 
920000,-9.215 
930000,-9.19 
940000,-9.15 
950000,-9.18 
960000,-9.095 
970000,-9.145 
980000,-9.215 
990000,-9.025 
1000000,-9.01 
1010000,-9.115 
1020000,-9.065 
1030000,-9.13 
1040000,-9.16 
1050000,-9.095 
1060000,-9.12 
1070000,-9.085 
1080000,-9.175 
1090000,-9.095 
1100000,-9.205 
1110000,-9.265 
1120000,-9.13 
1130000,-9.115 
1140000,-9.225 
1150000,-9.19 
1160000,-9.185 
1170000,-9.22 
1180000,-9.13 
1190000,-9.05 
1200000,-9.19 
1210000,-9.12 
1220000,-9.14 
1230000,-9.18 
1240000,-9.07 
1250000,-9.1 
1260000,-9.3 
1270000,-9.185 
1280000,-8.95 
1290000,-9.07 
1300000,-9.14 
1310000,-9.155 
1320000,-9.0 
1330000,-9.11 
1340000,-9.075 
1350000,-9.05 
1360000,-9.065 
1370000,-8.975 
1380000,-9.12 
1390000,-9.07 
1400000,-9.065 
1410000,-9.035 
1420000,-9.05 
1430000,-9.05 
1440000,-9.02 
1450000,-9.04 
1460000,-8.98 
1470000,-9.105 
1480000,-9.155 
1490038,-8.998009950248756 
1500038,-9.06 
1510038,-9.115 
1520005,-8.987 
1530005,-9.07 
1540036,-8.876616915422886 
1550036,-9.005 
1560036,-9.11 
1570036,-9.07 
1580036,-9.165 
1590036,-9.07 
1600036,-9.105 
1610036,-9.04 
1620036,-9.1 
1630036,-9.08 
1640036,-9.14 
1650036,-9.09 
1660036,-9.055 
1670036,-9.085 
1680036,-9.11 
1690036,-9.08 
1700036,-9.175 
1710036,-9.105 
1720036,-9.15 
1730036,-8.99 
1740036,-9.105 
1750036,-9.005 
1760036,-9.085 
1770036,-9.0 
1780036,-9.05 
1790036,-9.015 
1800036,-8.995 
1810036,-9.03 
1820036,-8.94 
1830036,-9.11 
1840036,-9.115 
1850036,-9.18 
1860036,-9.055 
1870036,-8.955 
1880036,-9.015 
1890036,-9.09 
1900036,-9.05 
1910036,-9.005 
1920036,-9.01 
1930036,-9.0 
1940036,-9.08 
1950036,-9.005 
1960036,-9.11 
1970036,-9.06 
1980036,-9.075 
1990036,-9.12 
2000036,-8.88 
2010036,-9.035 
2020036,-8.89 
2030036,-9.095 
2040036,-9.06 
2050036,-9.085 
2060036,-8.94 
2070036,-9.07 
2080036,-9.02 
2090036,-9.015 
2100036,-8.995 
2110036,-9.03 
2120036,-9.03 
2130036,-9.085 
2140036,-9.07 
2150036,-8.955 
2160036,-9.03 
2170036,-9.045 
2180036,-8.98 
2190036,-8.98 
2200036,-8.94 
2210036,-8.975 
2220036,-8.975 
2230036,-9.01 
2240036,-8.835 
2250036,-8.97 
2260036,-9.025 
2270036,-9.02 
2280036,-8.985 
2290036,-9.05 
2300036,-9.14 
2310036,-8.94 
2320036,-9.15 
2330036,-8.945 
2340036,-8.93 
2350036,-9.08 
2360036,-8.945 
2370036,-8.915 
2380036,-9.05 
2390036,-8.95 
2400036,-8.945 
2410036,-8.895 
2420036,-8.955 
2430036,-8.855 
2440036,-8.955 
2450036,-8.82 
2460036,-8.92 
2470036,-8.875 
2480036,-8.92 
2490036,-9.015 
2500036,-8.97 
2510036,-8.995 
2520036,-8.93 
2530036,-8.735 
2540036,-8.81 
2550036,-8.96 
2560036,-8.96 
2570036,-9.045 
2580036,-8.92 
2590036,-8.735 
2600036,-8.775 
2610036,-8.78 
2620036,-8.835 
2630036,-8.815 
2640036,-8.73 
2650036,-8.78 
2660036,-8.89 
2670036,-8.755 
2680036,-8.78 
2690036,-8.845 
2700036,-8.83 
2710036,-8.785 
2720036,-8.86 
2730036,-8.85 
2740036,-8.91 
2750036,-8.885 
2760036,-8.935 
2770036,-8.815 
2780036,-8.73 
2790036,-8.77 
2800036,-8.87 
2810036,-8.77 
2820036,-8.825 
2830036,-8.92 
2840036,-8.81 
2850036,-8.72 
2860036,-8.93 
2870036,-8.88 
2880036,-8.81 
2890036,-8.69 
2900036,-8.675 
2910036,-8.785 
2920036,-8.815 
2930036,-8.7 
2940036,-8.89 
2950023,-8.742 
2960023,-8.87 
2970023,-8.64 
2980023,-8.745 
2990023,-8.68 
3000023,-8.76 
3010023,-8.88 
3020023,-8.87 
3030023,-8.79 
3040022,-8.749 
3050022,-8.86 
3060022,-8.84 
3070022,-8.825 
3080022,-9.0 
3090022,-8.9 
3100022,-8.825 
3110022,-8.615 
3120022,-8.775 
3130022,-8.755 
3140022,-8.7 
3150022,-8.81 
3160022,-8.63 
3170022,-8.89 
3180022,-8.74 
3190022,-8.655 
3200022,-8.725 
3210022,-8.625 
3220022,-8.73 
3230022,-8.915 
3240022,-8.735 
3250022,-8.76 
3260018,-8.836 
3270006,-8.763 
3280006,-8.85 
3290044,-8.585074626865671 
3300044,-8.755 
3310044,-8.79 
3320044,-8.7 
3330044,-8.74 
3340044,-8.555 
3350044,-8.685 
3360044,-8.64 
3370044,-8.74 
3380044,-8.8 
3390044,-8.75 
3400044,-8.72 
3410044,-8.885 
3420031,-8.567 
3430031,-8.82 
3440031,-8.54 
3450031,-8.715 
3460031,-8.78 
3470031,-8.71 
3480017,-8.751 
3490017,-8.765 
3500017,-8.87 
3510017,-8.845 
3520017,-8.69 
3530017,-8.65 
3540017,-8.625 
3550017,-8.665 
3560017,-8.825 
3570017,-8.655 
3580017,-8.655 
3590017,-8.785 
3600017,-8.805 
3610017,-8.76 
3620017,-8.715 
3630017,-8.82 
3640017,-8.85 
3650017,-8.755 
3660017,-8.88 
3670017,-8.875 
3680017,-8.76 
3690017,-8.7 
3700017,-8.78 
3710017,-8.57 
3720017,-8.73 
3730017,-8.81 
3740017,-8.795 
3750017,-8.61 
3760017,-8.81 
3770017,-8.67 
3780017,-8.745 
3790017,-8.79 
3800017,-8.775 
3810017,-8.67 
3820017,-8.81 
3830017,-8.77 
3840017,-8.62 
3850017,-8.71 
3860017,-8.805 
3870017,-8.645 
3880017,-8.695 
3890017,-8.76 
3900017,-8.81 
3910017,-8.735 
3920017,-8.71 
3930017,-8.745 
3940017,-8.84 
3950017,-8.7 
3960017,-8.705 
3970017,-8.685 
3980017,-8.65 
3990017,-8.71 
4000017,-8.74 
4010017,-8.735 
4020017,-8.76 
4030017,-8.785 
4040017,-8.88 
4050017,-8.74 
4060017,-8.72 
4070017,-8.69 
4080044,-8.76318407960199 
4090044,-8.68 
4100044,-8.62 
4110044,-8.69 
4120044,-8.575 
4130044,-8.695 
4140044,-8.79 
4150044,-8.685 
4160044,-8.765 
4170044,-8.675 
4180044,-8.88 
4190044,-8.71 
4200044,-8.63 
4210040,-8.691 
4220040,-8.735 
4230040,-8.535 
4240040,-8.54 
4250040,-8.74 
4260040,-8.845 
4270040,-8.76 
4280040,-8.76 
4290040,-8.74 
4300040,-8.755 
4310040,-8.74 
4320040,-8.75 
4330040,-8.725 
4340040,-8.73 
4350040,-8.755 
4360021,-8.756 
4370021,-8.77 
4380021,-8.8 
4390021,-8.82 
4400021,-8.78 
4410021,-8.76 
4420021,-8.63 
4430021,-8.735 
4440021,-8.79 
4450021,-8.685 
4460021,-8.675 
4470021,-8.735 
4480021,-8.835 
4490021,-8.885 
4500021,-8.755 
4510021,-8.79 
4520021,-8.77 
4530021,-8.825 
4540021,-8.785 
4550021,-8.785 
4560021,-8.58 
4570021,-8.71 
4580021,-8.795 
4590021,-8.76 
4600021,-8.865 
4610008,-8.637 
4620008,-8.67 
4630000,-8.817 
4640000,-8.76 
4650000,-8.74 
4660000,-8.72 
4670000,-8.69 
4680000,-8.715 
4690000,-8.52 
4700000,-8.82 
4710033,-8.754228855721392 
4720033,-8.725 
4730033,-8.745 
4740033,-8.635 
4750033,-8.74 
4760033,-8.69 
4770025,-8.707 
4780025,-8.645 
4790025,-8.77 
4800025,-8.79 
4810025,-8.65 
4820025,-8.645 
4830022,-8.762 
4840022,-8.79 
4850022,-8.845 
4860022,-8.735 
4870022,-8.755 
4880022,-8.75 
4890022,-8.66 
4900022,-8.715 
4910022,-8.555 
4920022,-8.84 
4930022,-8.79 
4940022,-8.71 
4950022,-8.72 
4960022,-8.64 
4970022,-8.625 
4980022,-8.95 
4990022,-8.705 
5000022,-8.88 
5010022,-8.64 
5020022,-8.61 
5030022,-8.73 
5040003,-8.771 
5050003,-8.76 
5060003,-8.725 
5070003,-8.665000000000001 
5080003,-8.755 
5090003,-8.735 
5100003,-8.63 
5110003,-8.67 
5120003,-8.74 
5130003,-8.645 
5140047,-8.586069651741294 
5150047,-8.55 
5160044,-8.752 
5170044,-8.77 
5180044,-8.65 
5190030,-8.686 
5200030,-8.41 
5210030,-8.58 
5220030,-8.845 
5230021,-8.816 
5240021,-8.75 
5250009,-8.677999999999999 
5260009,-8.7 
5270009,-8.85 
5280009,-8.705 
5290009,-8.66 
5300002,-8.472999999999999 
5310002,-8.59 
5320002,-8.6 
5330002,-8.675 
5340002,-8.845 
5350002,-8.685 
5360002,-8.77 
5370002,-8.55 
5380002,-8.67 
5390002,-8.695 
5400002,-8.74 
5410000,-8.693000000000001 
5420000,-8.74 
5430000,-8.605 
5440000,-8.8 
5450000,-8.745 
5460000,-8.63 
5470000,-8.83 
5480000,-8.645 
5490000,-8.8 
5500000,-8.67 
5510000,-8.745 
5520000,-8.73 
5530000,-8.74 
5540000,-8.73 
5550000,-8.795 
5560000,-8.87 
5570000,-8.67 
5580000,-8.78 
5590000,-8.915 
5600000,-8.695 
5610000,-8.695 
5620000,-8.655 
5630000,-8.735 
5640000,-8.785 
5650000,-8.85 
5660000,-8.79 
5670038,-8.689552238805971 
5680038,-8.71 
5690037,-8.709 
5700037,-8.695 
5710037,-8.71 
5720037,-8.775 
5730037,-8.75 
5740037,-8.755 
5750037,-8.72 
5760037,-8.725 
5770037,-8.825 
5780037,-8.685 
5790037,-8.61 
5800037,-8.685 
5810037,-8.785 
5820037,-8.61 
5830023,-8.691 
5840023,-8.665 
5850023,-8.85 
5860023,-8.74 
5870023,-8.735 
5880023,-8.74 
5890023,-8.665 
5900023,-8.845 
5910023,-8.64 
5920023,-8.77 
5930023,-8.71 
5940023,-8.885 
5950023,-8.725 
5960023,-8.7 
5970023,-8.75 
5980023,-8.73 
5990012,-8.719 
6000012,-8.63 
6010012,-8.705 
6020012,-8.725 
6030012,-8.825 
6040012,-8.77 
6050012,-8.73 
6060012,-8.79 
6070012,-8.68 
6080012,-8.745 
6090012,-8.665 
6100012,-8.765 
6110002,-8.855 
6120002,-8.66 
6130002,-8.92 
6140002,-8.895 
6150002,-8.835 
6160002,-8.7 
6170002,-8.68 
6180002,-8.725 
6190002,-8.83 
6200002,-8.685 
6210002,-8.735 
6220002,-8.735 
6230002,-8.7 
6240002,-8.73 
6250002,-8.8 
6260047,-8.562189054726367 
6270047,-8.73 
6280047,-8.785 
6290047,-8.645 
6300047,-8.855 
6310047,-8.67 
6320047,-8.71 
6330047,-8.635 
6340047,-8.715 
6350026,-8.689 
6360026,-8.73 
6370026,-8.695 
6380026,-8.755 
6390026,-8.76 
6400026,-8.67 
6410026,-8.815 
6420026,-8.715 
6430026,-8.785 
6440026,-8.67 
6450026,-8.705 
6460026,-8.685 
6470026,-8.735 
6480026,-8.53 
6490026,-8.625 
6500026,-8.62 
6510026,-8.625 
6520026,-8.725 
6530026,-8.635 
6540026,-8.78 
6550026,-8.79 
6560026,-8.685 
6570026,-8.63 
6580026,-8.655 
6590026,-8.785 
6600026,-8.735 
6610004,-8.823 
6620004,-8.635 
6630004,-8.625 
6640004,-8.785 
6650003,-8.469000000000001 
6660047,-8.561194029850746 
6670047,-8.665 
6680047,-8.74 
6690047,-8.855 
6700047,-8.7 
6710047,-8.86 
6720047,-8.75 
6730047,-8.745 
6740047,-8.795 
6750047,-8.79 
6760047,-8.93 
6770047,-8.8 
6780047,-8.715 
6790047,-8.76 
6800047,-8.875 
6810047,-8.655 
6820047,-8.71 
6830047,-8.72 
6840047,-8.825 
6850047,-8.7 
6860047,-8.75 
6870047,-8.72 
6880047,-8.8 
6890047,-8.63 
6900047,-8.85 
6910041,-8.564 
6920041,-8.64 
6930041,-8.755 
6940041,-8.77 
6950041,-8.805 
6960041,-8.755 
6970041,-8.81 
6980041,-8.775 
6990041,-8.83 
7000041,-8.725 
7010041,-8.82 
7020041,-8.76 
7030041,-8.755 
7040041,-8.795 
7050041,-8.705 
7060041,-8.785 
7070041,-8.685 
7080041,-8.495 
7090041,-8.495000000000003 
7100019,-8.642999999999999 
7110049,-8.73134328358209 
7120049,-8.625 
7130049,-8.775 
7140041,-8.707 
7150041,-8.66 
7160041,-8.79 
7170041,-8.92 
7180041,-8.715 
7190041,-8.905 
7200041,-8.67 
7210041,-8.685 
7220041,-8.82 
7230041,-8.79 
7240041,-8.895 
7250041,-8.805 
7260041,-8.815 
7270041,-8.785 
7280041,-8.805 
7290041,-8.82 
7300041,-8.82 
7310041,-8.73 
7320041,-8.825 
7330041,-8.86 
7340041,-8.785 
7350041,-8.715 
7360041,-8.77 
7370041,-8.755 
7380041,-8.685 
7390041,-8.835 
7400041,-8.785 
7410041,-8.635 
7420041,-8.8 
7430041,-8.78 
7440041,-8.73 
7450041,-8.775 
7460034,-8.812999999999999 
7470034,-8.79 
7480034,-8.74 
7490034,-8.81 
7500034,-8.675 
7510034,-8.77 
7520034,-8.645 
7530034,-8.76 
7540034,-8.73 
7550034,-8.85 
7560034,-8.885 
7570034,-8.84 
7580034,-8.72 
7590034,-8.685 
7600034,-8.73 
7610034,-8.63 
7620034,-8.765 
7630034,-8.67 
7640034,-8.705 
7650034,-8.895 
7660034,-8.765 
7670034,-8.68 
7680034,-8.77 
7690034,-8.745 
7700034,-8.625 
7710034,-8.65 
7720034,-8.685 
7730034,-8.75 
7740034,-8.635 
7750034,-8.71 
7760034,-8.745 
7770034,-8.675 
7780034,-9.02 
7790034,-8.92 
7800034,-8.695 
7810034,-8.82 
7820034,-8.7 
7830013,-8.809 
7840013,-8.945 
7850013,-8.705 
7860013,-8.865 
7870013,-8.895 
7880013,-8.83 
7890013,-8.725 
7900013,-8.755 
7910013,-8.795 
7920013,-8.86 
7930013,-8.655 
7940013,-8.735 
7950013,-8.835 
7960013,-8.83 
7970013,-8.765 
7980013,-8.66 
7990013,-8.765 
8000013,-8.705 
8010013,-8.685 
8020013,-8.665 
8030013,-8.775 
8040013,-8.740000000000002 
8050013,-8.81 
8060013,-8.705 
8070013,-8.595 
8080013,-8.655 
8090013,-8.84 
8100036,-8.669651741293531 
8110036,-8.79 
8120036,-8.68 
8130036,-8.615 
8140036,-8.71 
8150036,-8.78 
8160036,-8.735 
8170036,-8.9 
8180036,-8.77 
8190036,-8.665 
8200036,-8.68 
8210036,-8.62 
8220036,-8.72 
8230036,-8.76 
8240036,-8.73 
8250036,-8.8 
8260036,-8.8 
8270036,-8.775 
8280036,-8.89 
8290036,-8.945 
8300036,-8.685 
8310036,-8.7 
8320036,-8.84 
8330036,-8.72 
8340036,-8.875 
8350036,-8.6 
8360036,-8.565 
8370036,-8.71 
8380036,-8.88 
8390044,-8.450746268656717 
8400044,-8.605 
8410044,-8.695 
8420044,-8.87 
8430044,-8.795 
8440044,-8.84 
8450044,-8.69 
8460044,-8.795 
8470044,-8.805 
8480044,-8.8 
8490044,-8.75 
8500044,-8.685 
8510044,-8.75 
8520033,-8.624 
8530021,-8.583 
8540021,-8.7 
8550021,-8.66 
8560048,-8.688557213930348 
8570048,-8.735 
8580048,-8.695 
8590048,-8.865 
8600048,-8.565 
8610048,-8.79 
8620048,-8.77 
8630048,-8.75 
8640048,-8.925 
8650048,-8.775 
8660048,-8.755 
8670048,-8.83 
8680048,-8.805 
8690048,-8.8 
8700048,-8.74 
8710048,-8.8 
8720048,-8.76 
8730048,-8.755 
8740048,-8.885 
8750048,-8.825 
8760048,-8.67 
8770048,-8.85 
8780048,-8.555 
8790048,-8.89 
8800048,-8.775 
8810048,-8.82 
8820048,-8.76 
8830048,-8.81 
8840048,-8.88 
8850048,-8.815 
8860048,-8.685 
8870048,-8.73 
8880048,-8.78 
8890048,-8.435 
8900048,-8.6 
8910048,-8.87 
8920048,-8.74 
8930048,-8.635 
8940048,-8.625 
8950048,-8.71 
8960048,-8.645 
8970048,-8.665 
8980048,-8.735 
8990048,-8.845 
9000048,-8.585 
9010044,-8.696 
9020044,-8.715 
9030044,-8.54 
9040044,-8.705 
9050044,-8.655 
9060044,-8.76 
9070044,-8.68 
9080044,-8.67 
9090044,-8.655 
9100044,-8.62 
9110044,-8.655 
9120044,-8.68 
9130044,-8.695 
9140044,-8.71 
9150044,-8.44 
9160044,-8.565 
9170044,-8.695 
9180044,-8.65 
9190044,-8.775 
9200044,-8.67 
9210044,-8.76 
9220044,-8.685 
9230044,-8.81 
9240044,-8.86 
9250044,-8.6 
9260044,-8.69 
9270043,-8.709 
9280028,-8.6 
9290028,-8.585 
9300028,-8.585 
9310028,-8.595 
9320000,-8.502 
9330000,-8.795 
9340000,-8.765 
9350000,-8.65 
9360000,-8.72 
9370000,-8.625 
9380000,-8.79 
9390000,-8.685 
9400000,-8.69 
9410000,-8.66 
9420000,-8.91 
9430000,-8.64 
9440000,-8.835 
9450048,-8.78407960199005 
9460048,-8.735 
9470048,-8.755 
9480048,-8.76 
9490048,-8.685 
9500048,-8.705 
9510048,-8.755 
9520048,-8.63 
9530048,-8.905 
9540048,-8.755 
9550048,-8.64 
9560048,-8.77 
9570048,-8.735 
9580048,-8.84 
9590048,-8.625 
9600048,-8.695 
9610048,-8.69 
9620048,-8.82 
9630048,-8.74 
9640048,-8.85 
9650005,-8.597000000000001 
9660005,-8.765 
9670005,-8.79 
9680005,-8.81 
9690005,-8.56 
9700005,-8.59 
9710005,-8.7 
9720005,-8.71 
9730005,-8.675 
9740005,-8.77 
9750005,-8.76 
9760005,-8.755 
9770005,-8.735 
9780005,-8.695 
9790005,-8.745 
9800005,-8.665 
9810005,-8.825 
9820005,-8.85 
9830005,-8.85 
9840005,-8.6 
9850005,-8.74 
9860005,-8.71 
9870046,-8.73731343283582 
9880046,-8.63 
9890046,-8.69 
9900046,-8.79 
9910046,-8.805 
9920046,-8.81 
9930046,-8.82 
9940040,-8.584 
9950040,-8.96 
9960040,-8.695 
9970040,-8.735 
9980040,-8.735 
9990040,-8.855 
10000040,-8.715 
10010040,-8.62 
10020040,-8.8 
10030040,-8.7 
10040040,-8.72 
10050040,-8.635 
10060040,-8.82 
10070040,-8.805 
10080040,-8.835 
10090040,-8.82 
10100040,-8.775 
10110035,-8.69 
10120035,-8.83 
10130035,-8.81 
10140035,-8.735 
10150035,-8.91 
10160035,-8.615 
10170035,-8.7 
10180035,-8.685 
10190035,-8.715 
10200035,-8.8 
10210035,-8.735 
10220035,-8.575 
10230049,-8.630845771144278 
10240049,-8.75 
10250049,-8.805 
10260049,-8.905 
10270049,-8.79 
10280049,-8.77 
10290049,-8.85 
10300049,-8.74 
10310049,-8.84 
10320049,-8.64 
10330049,-8.82 
10340049,-8.715 
10350049,-8.545 
10360049,-8.685 
10370049,-8.865 
10380049,-8.8 
10390049,-8.795 
10400049,-8.74 
10410049,-8.725 
10420049,-8.76 
10430049,-8.725 
10440049,-8.540000000000001 
10450049,-8.625 
10460049,-8.55 
10470049,-8.685 
10480049,-8.620000000000001 
10490049,-8.82 
10500049,-8.785 
10510049,-8.725 
10520049,-8.81 
10530049,-8.755 
10540049,-8.700000000000001 
10550049,-8.745 
10560049,-8.71 
10570049,-8.905 
10580049,-8.77 
10590030,-8.746 
10600030,-8.75 
10610030,-8.795 
10620030,-8.715 
10630030,-8.815 
10640030,-8.77 
10650030,-8.715 
10660030,-8.665 
10670030,-8.855 
10680030,-8.64 
10690030,-8.735 
10700030,-8.795 
10710030,-8.795 
10720030,-8.59 
10730030,-8.69 
10740030,-8.62 
10750030,-8.76 
10760030,-8.73 
10770030,-8.67 
10780030,-8.735 
10790030,-8.765 
10800029,-8.783999999999999 
10810029,-8.66 
10820029,-8.895 
10830029,-8.84 
10840029,-8.715 
10850029,-8.75 
10860029,-8.705 
10870029,-8.86 
10880029,-8.7 
10890023,-8.664 
10900023,-8.855 
10910023,-8.67 
10920023,-8.78 
10930023,-8.81 
10940023,-8.79 
10950023,-8.685 
10960023,-8.62 
10970023,-8.75 
10980023,-8.65 
10990023,-8.805 
11000023,-8.63 
11010015,-8.507 
11020015,-8.8 
11030015,-8.695 
11040015,-8.94 
11050015,-8.765 
11060015,-8.805 
11070015,-8.715 
11080015,-8.805 
11090007,-8.527000000000001 
11100007,-8.685 
11110007,-8.67 
11120007,-8.715 
11130007,-8.755 
11140007,-8.76 
11150007,-8.845 
11160007,-8.565 
11170007,-8.9 
11180007,-8.81 
11190007,-8.775 
11200007,-8.65 
11210007,-8.69 
11220007,-8.685 
11230007,-8.71 
11240007,-8.765 
11250007,-8.685 
11260007,-8.74 
11270007,-8.685 
11280007,-8.82 
11290007,-8.75 
11300044,-8.7681592039801 
11310044,-8.905 
11320044,-8.725 
11330044,-8.715 
11340044,-8.585 
11350043,-8.814 
11360043,-8.78 
11370043,-8.67 
11380013,-8.645 
11390001,-8.642999999999999 
11400001,-8.755 
11410001,-8.69 
11420001,-8.755 
11430001,-8.65 
11440001,-8.79 
11450001,-8.815 
11460001,-8.62 
11470001,-8.765 
11480001,-8.74 
11490001,-8.795 
11500001,-8.71 
11510001,-8.755 
11520037,-8.801990049751245 
11530037,-8.78 
11540037,-8.765 
11550037,-8.565 
11560037,-8.865 
11570037,-8.815 
11580037,-8.73 
11590037,-8.62 
11600037,-8.73 
11610037,-8.825 
11620037,-8.865 
11630037,-8.825 
11640037,-8.67 
11650037,-8.715 
11660037,-8.620000000000001 
11670028,-8.551 
11680028,-8.645 
11690028,-8.715 
11700028,-8.72 
11710028,-8.565 
11720028,-8.635 
11730028,-8.575 
11740028,-8.655 
11750028,-8.85 
11760028,-8.64 
11770028,-8.67 
11780028,-8.705 
11790028,-8.645 
11800048,-8.761194029850746 
11810048,-8.835 
11820048,-8.845 
11830048,-8.71 
11840048,-8.75 
11850048,-8.855 
11860048,-8.67 
11870048,-8.855 
11880048,-8.675 
11890048,-8.81 
11900048,-8.955 
11910048,-8.685 
11920048,-8.785 
11930042,-8.689 
11940042,-8.615 
11950042,-8.705 
11960042,-8.685 
11970042,-8.785 
11980042,-8.715 
11990042,-8.775 
12000042,-8.81 
12010042,-8.775 
12020042,-8.905 
12030042,-8.67 
12040042,-8.935 
12050042,-8.635 
12060042,-8.77 
12070042,-8.785 
12080042,-8.695 
12090042,-8.765 
12100042,-8.785 
12110014,-8.727 
12120014,-8.78 
12130014,-8.805 
12140014,-8.84 
12150014,-8.62 
12160014,-8.79 
12170014,-8.86 
12180014,-8.625 
12190046,-8.648756218905474 
12200046,-8.805 
12210046,-8.625 
12220046,-8.865 
12230046,-8.735 
12240046,-8.725 
12250046,-8.695 
12260046,-8.68 
12270046,-8.77 
12280046,-8.855 
12290046,-8.77 
12300046,-8.8 
12310046,-8.88 
12320046,-8.625 
12330046,-8.825 
12340046,-8.765 
12350046,-8.905 
12360046,-8.685 
12370046,-8.825 
12380046,-8.675 
12390046,-8.645 
12400046,-8.545 
12410032,-8.556000000000001 
12420032,-8.76 
12430032,-8.775 
12440031,-8.634 
12450031,-8.510000000000002 
12460031,-8.645 
12470031,-8.795 
12480024,-8.703 
12490024,-8.665 
12500024,-8.78 
12510024,-8.85 
12520024,-8.61 
12530024,-8.655 
12540024,-8.765 
12550022,-8.708 
12560022,-8.62 
12570022,-8.61 
12580022,-8.675 
12590022,-8.73 
12600022,-8.855 
12610022,-8.905 
12620022,-8.875 
12630022,-8.695 
12640022,-8.76 
12650022,-8.8 
12660022,-8.61 
12670022,-8.67 
12680022,-8.925 
12690022,-8.81 
12700022,-8.775 
12710022,-8.775 
12720022,-8.82 
12730022,-8.68 
12740022,-8.755 
12750016,-8.619000000000002 
12760016,-8.630000000000003 
12770016,-8.78 
12780016,-8.705 
12790016,-8.68 
12800016,-8.48 
12810016,-8.79 
12820016,-8.54 
12830016,-8.715 
12840016,-8.685 
12850016,-8.855 
12860012,-8.781 
12870012,-8.735 
12880012,-8.765 
12890012,-8.695 
12900012,-8.86 
12910012,-8.66 
12920012,-8.695 
12930000,-8.628 
12940000,-8.815 
12950000,-8.765 
12960000,-8.740000000000002 
12970048,-8.67960199004975 
12980048,-8.75 
12990048,-8.675 
13000048,-8.955 
13010048,-8.895 
13020048,-8.745 
13030048,-8.65 
13040048,-8.765 
13050048,-8.875 
13060048,-8.695 
13070045,-8.712 
13080045,-8.745 
13090045,-8.73 
13100045,-8.73 
13110045,-8.74 
13120045,-8.765 
13130045,-8.695 
13140045,-8.66 
13150045,-8.875 
13160045,-8.62 
13170045,-8.7 
13180045,-8.77 
13190045,-8.74 
13200045,-8.66 
13210045,-8.785 
13220045,-8.74 
13230045,-8.73 
13240045,-8.725 
13250045,-8.845 
13260045,-8.625 
13270045,-8.9 
13280045,-8.76 
13290045,-8.755 
13300045,-8.705 
13310045,-8.735 
13320045,-8.685 
13330045,-8.75 
13340045,-8.765 
13350045,-8.785 
13360045,-8.645 
13370045,-8.7 
13380045,-8.745 
13390045,-8.755 
13400045,-8.66 
13410045,-8.77 
13420045,-8.525 
13430045,-8.725 
13440045,-8.855 
13450045,-8.775 
13460045,-8.715 
13470045,-8.72 
13480045,-8.655 
13490045,-8.815 
13500045,-8.735 
13510045,-8.705 
13520045,-8.765 
13530045,-8.72 
13540045,-8.92 
13550045,-8.595 
13560045,-8.65 
13570045,-8.87 
13580045,-8.68 
13590045,-8.715 
13600045,-8.695 
13610045,-8.765 
13620045,-8.705 
13630045,-8.64 
13640045,-8.825 
13650045,-8.67 
13660045,-8.725 
13670045,-8.82 
13680045,-8.845 
13690045,-8.8 
13700045,-8.765 
13710045,-8.76 
13720045,-8.77 
13730045,-8.82 
13740045,-8.77 
13750038,-8.763 
13760038,-8.79 
13770038,-8.68 
13780038,-8.535 
13790038,-8.825 
13800038,-8.835 
13810038,-8.75 
13820038,-8.895 
13830038,-8.69 
13840038,-8.87 
13850038,-8.735 
13860038,-8.63 
13870038,-8.755 
13880038,-8.745 
13890038,-8.745 
13900038,-8.68 
13910026,-8.823 
13920026,-8.555 
13930026,-8.71 
13940026,-8.76 
13950026,-8.72 
13960026,-8.855 
13970026,-8.78 
13980026,-8.695 
13990026,-8.66 
14000026,-8.76 
14010012,-8.631 
14020012,-8.595 
14030042,-8.522388059701493 
14040042,-8.745 
14050042,-8.73 
14060040,-8.638 
14070040,-8.685 
14080040,-8.66 
14090040,-8.765 
14100040,-8.755 
14110040,-8.65 
14120040,-8.855 
14130040,-8.84 
14140040,-8.625 
14150040,-8.695 
14160040,-8.66 
14170040,-8.805 
14180040,-8.69 
14190040,-8.755 
14200040,-8.765 
14210040,-8.75 
14220040,-8.705 
14230040,-8.775 
14240040,-8.665 
14250040,-8.765 
14260040,-8.69 
14270040,-8.785 
14280040,-8.71 
14290040,-8.66 
14300040,-8.745 
14310040,-8.84 
14320040,-8.855 
14330040,-8.735 
14340040,-8.8 
14350040,-8.795 
14360040,-8.8 
14370039,-8.629 
14380039,-8.68 
14390039,-8.815 
14400039,-8.865 
14410039,-8.825 
14420039,-8.92 
14430039,-8.795 
14440039,-8.735 
14450039,-8.695 
14460039,-8.85 
14470023,-8.584000000000001 
14480023,-8.9 
14490023,-8.765 
14500023,-8.685 
14510023,-8.825 
14520023,-8.69 
14530023,-8.735 
14540023,-8.855 
14550023,-8.855 
14560017,-8.804 
14570017,-8.7 
14580017,-8.685 
14590017,-8.76 
14600017,-8.88 
14610017,-8.91 
14620017,-8.86 
14630017,-8.78 
14640017,-8.81 
14650017,-8.81 
14660010,-8.693 
14670010,-8.5 
14680010,-8.81 
14690010,-8.695 
14700010,-8.72 
14710010,-8.765 
14720010,-8.79 
14730010,-8.745 
14740010,-8.82 
14750010,-8.78 
14760010,-8.595 
14770010,-8.7 
14780010,-8.695 
14790010,-8.675 
14800010,-8.78 
14810010,-8.78 
14820010,-8.725 
14830010,-8.76 
14840010,-8.825 
14850010,-8.65 
14860010,-8.795 
14870010,-8.715 
14880010,-8.81 
14890010,-8.805 
14900010,-8.64 
14910010,-8.77 
14920010,-8.57 
14930010,-8.685 
14940010,-8.590000000000002 
14950010,-8.81 
14960010,-8.49 
14970010,-8.67 
14980000,-8.645 
14990000,-8.89 
15000026,-8.767164179104478 
15010026,-8.72 
15020026,-8.665 
15030026,-8.495000000000001 
15040026,-8.59 
15050026,-8.715 
15060026,-8.7 
15070026,-8.84 
15080026,-8.815 
15090018,-8.802 
15100018,-8.86 
15110018,-8.875 
15120018,-8.745 
15130018,-8.59 
15140018,-8.87 
15150018,-8.79 
15160018,-8.835 
15170018,-8.725 
15180018,-8.76 
15190018,-8.76 
15200018,-8.7 
15210018,-8.835 
15220018,-8.59 
15230018,-8.685 
15240018,-8.84 
15250018,-8.635 
15260018,-8.74 
15270018,-8.655 
15280018,-8.59 
15290004,-8.526 
15300004,-8.705 
15310004,-8.88 
15320004,-8.67 
15330004,-8.685 
15340004,-8.75 
15350004,-8.765 
15360004,-8.69 
15370004,-8.85 
15380004,-8.54 
15390004,-8.85 
15400004,-8.64 
15410004,-8.715 
15420004,-8.725 
15430004,-8.685 
15440004,-8.815 
15450004,-8.845 
15460004,-8.74 
15470034,-8.855721393034825 
15480034,-8.82 
15490031,-8.557 
15500031,-8.72 
15510031,-8.86 
15520031,-8.82 
15530031,-8.74 
15540031,-8.735 
15550031,-8.765 
15560031,-8.615 
15570031,-8.655 
15580031,-8.84 
15590031,-8.825 
15600022,-8.656 
15610022,-8.78 
15620022,-8.885 
15630022,-8.715 
15640022,-8.65 
15650022,-8.695 
15660022,-8.75 
15670040,-8.699502487562189 
15680040,-8.825 
15690040,-8.64 
15700040,-8.865 
15710040,-8.765 
15720040,-8.82 
15730028,-8.638 
15740028,-8.815 
15750028,-8.77 
15760028,-8.695 
15770028,-8.745 
15780028,-8.68 
15790028,-8.715 
15800028,-8.71 
15810028,-8.765 
15820028,-8.85 
15830028,-8.85 
15840028,-8.86 
15850028,-8.735 
15860028,-8.67 
15870028,-8.765 
15880028,-8.575 
15890028,-8.825 
15900020,-8.722000000000001 
15910020,-8.815 
15920020,-8.735 
15930020,-8.875 
15940044,-8.715422885572139 
15950044,-8.685 
15960044,-8.87 
15970044,-8.835 
15980044,-8.675 
15990044,-8.75 
16000044,-8.725 
16010044,-8.825 
16020044,-8.825 
16030044,-8.85 
16040044,-8.8 
16050044,-8.75 
16060044,-8.8 
16070044,-8.905 
16080044,-8.7 
16090044,-8.85 
16100044,-8.705 
16110044,-8.76 
16120044,-8.67 
16130044,-8.715 
16140044,-8.715 
16150044,-8.835 
16160044,-8.765 
16170044,-8.73 
16180044,-8.81 
16190044,-8.78 
16200044,-8.87 
16210044,-8.835 
16220034,-8.73 
16230034,-8.74 
16240034,-8.88 
16250021,-8.902000000000001 
16260021,-8.84 
16270021,-8.82 
16280021,-8.83 
16290021,-8.685 
16300007,-8.576 
16310007,-8.825 
16320007,-8.655 
16330007,-8.72 
16340007,-8.82 
16350007,-8.73 
16360007,-8.805 
16370007,-8.825 
16380007,-8.83 
16390007,-8.775 
16400007,-8.765 
16410007,-8.84 
16420007,-8.75 
16430007,-8.72 
16440007,-8.695 
16450007,-8.8 
16460007,-8.8 
16470007,-8.835 
16480007,-8.7 
16490007,-8.74 
16500007,-8.795 
16510007,-8.75 
16520007,-8.8 
16530007,-8.745 
16540007,-8.845 
16550007,-8.765 
16560007,-8.74 
16570007,-8.71 
16580007,-8.865 
16590007,-8.75 
16600007,-8.59 
16610007,-8.87 
16620007,-8.725 
16630007,-8.655 
16640007,-8.675 
16650007,-8.795 
16660007,-8.88 
16670007,-8.67 
16680007,-8.68 
16690007,-8.655 
16700007,-8.795 
16710007,-8.89 
16720007,-8.71 
16730007,-8.81 
16740003,-8.686 
16750003,-8.815 
16760003,-8.81 
16770003,-8.91 
16780003,-8.74 
16790003,-8.63 
16800003,-8.745 
16810003,-8.765 
16820028,-8.74129353233831 
16830028,-8.69 
16840028,-8.715 
16850028,-8.825 
16860021,-8.763 
16870021,-8.74 
16880021,-8.805 
16890047,-8.732338308457711 
16900047,-8.7 
16910047,-8.795 
16920047,-8.74 
16930047,-8.785 
16940047,-8.97 
16950047,-8.65 
16960047,-8.745 
16970047,-8.76 
16980047,-8.68 
16990047,-8.83 
17000047,-8.7 
17010047,-8.705 
17020047,-8.775 
17030043,-8.716000000000001 
17040017,-8.589 
17050017,-8.87 
17060017,-8.82 
17070017,-8.73 
17080017,-8.95 
17090017,-8.905 
17100017,-8.7 
17110017,-8.565 
17120017,-8.8 
17130017,-8.77 
17140017,-8.745 
17150017,-8.57 
17160017,-8.420000000000002 
17170017,-8.805 
17180017,-8.91 
17190017,-8.745 
17200017,-8.73 
17210017,-8.77 
17220017,-8.76 
17230017,-8.83 
17240017,-8.7 
17250017,-8.805 
17260017,-8.75 
17270017,-8.775 
17280017,-8.585 
17290017,-8.69 
17300017,-8.69 
17310017,-8.635 
17320017,-8.745 
17330017,-8.525 
17340017,-8.85 
17350017,-8.78 
17360010,-8.777999999999999 
17370005,-8.79 
17380036,-8.448756218905473 
17390036,-8.74 
17400036,-8.685 
17410036,-8.645 
17420036,-8.72 
17430036,-8.75 
17440036,-8.595 
17450036,-8.675 
17460036,-8.825 
17470036,-8.635 
17480036,-8.765 
17490025,-8.509 
17500025,-8.62 
17510025,-8.73 
17520025,-8.76 
17530025,-8.605 
17540025,-8.565 
17550025,-8.79 
17560025,-8.87 
17570025,-8.74 
17580025,-8.83 
17590025,-8.66 
17600017,-8.812000000000001 
17610017,-8.805 
17620017,-8.78 
17630017,-8.81 
17640017,-8.795 
17650017,-8.955 
17660017,-8.785 
17670017,-8.77 
17680017,-8.78 
17690017,-8.78 
17700017,-8.845 
17710017,-8.705 
17720017,-8.79 
17730017,-8.705 
17740017,-8.81 
17750032,-8.786069651741293 
17760032,-8.795 
17770032,-8.71 
17780032,-8.69 
17790032,-8.825 
17800032,-8.82 
17810032,-8.745 
17820032,-8.805 
17830012,-8.775 
17840012,-8.78 
17850012,-8.75 
17860012,-8.825 
17870012,-8.725 
17880012,-8.75 
17890012,-8.58 
17900012,-8.815 
17910044,-8.564179104477612 
17920044,-8.725 
17930044,-9.005 
17940044,-8.735 
17950044,-8.64 
17960034,-8.57 
17970034,-8.875 
17980034,-8.785 
17990034,-8.815 
18000034,-8.855 
18010034,-8.88 
18020034,-8.835 
18030034,-8.76 
18040034,-8.71 
18050034,-8.685 
18060034,-8.78 
18070034,-8.625 
18080020,-8.831 
18090019,-8.809 
18100019,-8.6 
18110044,-8.631840796019901 
18120018,-8.554 
18130018,-8.77 
18140047,-8.581094527363184 
18150047,-8.76 
18160047,-8.725 
18170034,-8.767000000000001 
18180034,-8.735 
18190034,-8.7 
18200034,-8.755 
18210034,-8.665 
18220034,-8.65 
18230026,-8.767000000000001 
18240026,-8.865 
18250026,-8.715 
18260026,-8.755 
18270026,-8.845 
18280026,-8.865 
18290026,-8.62 
18300026,-8.675 
18310026,-8.895 
18320026,-8.735 
18330026,-8.91 
18340010,-8.609000000000002 
18350010,-8.64 
18360010,-8.89 
18370010,-8.755 
18380010,-8.715 
18390010,-8.785 
18400045,-8.706467661691542 
18410045,-8.785 
18420045,-8.875 
18430045,-8.795 
18440045,-8.79 
18450045,-8.76 
18460045,-8.805 
18470045,-8.9 
18480045,-8.715 
18490045,-8.75 
18500045,-8.845 
18510045,-8.605 
18520045,-8.71 
18530045,-8.805 
18540045,-8.755 
18550045,-8.68 
18560045,-8.705 
18570019,-8.609 
18580019,-8.655 
18590019,-8.575 
18600019,-8.725 
18610019,-8.77 
18620014,-8.935 
18630014,-8.73 
18640014,-8.99 
18650014,-8.7 
18660009,-8.695 
18670009,-8.54 
18680009,-8.9 
18690009,-8.755 
18700009,-8.78 
18710005,-8.651 
18720005,-8.71 
18730005,-8.98 
18740005,-8.585 
18750005,-8.745 
18760005,-8.745 
18770005,-8.815 
18780005,-8.725 
18790005,-8.565 
18800005,-8.87 
18810005,-8.735 
18820005,-8.835 
18830005,-8.62 
18840040,-8.786069651741293 
18850040,-8.87 
18860040,-8.68 
18870040,-8.685 
18880040,-8.75 
18890040,-8.77 
18900040,-8.705 
18910040,-8.78 
18920040,-8.86 
18930040,-8.875 
18940040,-8.77 
18950040,-8.84 
18960040,-8.695 
18970040,-8.92 
18980040,-8.68 
18990040,-8.87 
19000040,-8.755 
19010040,-8.815 
19020040,-8.695 
19030021,-8.716000000000001 
19040021,-8.85 
19050021,-8.705 
19060021,-8.795 
19070021,-8.885 
19080021,-8.7 
19090021,-8.92 
19100021,-8.745 
19110021,-8.81 
19120021,-8.825 
19130021,-8.73 
19140046,-8.721393034825871 
19150046,-8.815 
19160046,-8.845 
19170035,-8.689 
19180035,-8.76 
19190035,-8.855 
19200035,-8.855 
19210035,-8.75 
19220035,-8.82 
19230035,-8.725 
19240035,-8.745 
19250035,-8.8 
19260035,-8.84 
19270000,-8.925 
19280000,-8.78 
19290000,-8.76 
19300000,-8.9 
19310000,-9.0 
19320000,-8.825 
19330000,-8.78 
19340000,-8.78 
19350000,-8.735 
19360000,-8.7 
19370000,-8.49 
19380000,-8.81 
19390000,-8.715 
19400000,-8.92 
19410000,-8.63 
19420000,-8.67 
19430000,-8.775 
19440000,-8.655 
19450000,-8.715 
19460000,-8.73 
19470000,-8.765 
19480000,-8.59 
19490000,-8.735 
19500000,-8.68 
19510000,-8.75 
19520000,-8.855 
19530047,-8.783084577114428 
19540047,-9.015 
19550047,-8.8 
19560035,-8.713000000000001 
19570035,-8.715 
19580035,-8.785 
19590035,-8.81 
19600035,-8.625 
19610035,-8.77 
19620035,-8.785 
19630030,-8.85 
19640030,-8.89 
19650030,-8.715 
19660030,-8.745 
19670030,-8.76 
19680030,-8.84 
19690030,-8.545 
19700030,-8.555000000000001 
19710030,-8.72 
19720030,-8.855 
19730015,-8.92 
19740015,-8.75 
19750015,-8.69 
19760015,-8.58 
19770007,-8.652000000000001 
19780007,-8.875 
19790007,-8.71 
19800007,-8.6 
19810007,-8.735 
19820007,-8.675 
19830007,-8.625 
19840007,-8.805 
19850005,-8.732999999999999 
19860005,-8.735 
19870005,-8.595 
19880005,-8.635 
19890005,-8.71 
19900005,-8.785 
19910005,-8.815 
19920005,-8.7 
19930005,-8.63 
19940005,-8.74 
19950005,-8.73 
19960005,-8.765 
19970005,-8.685 
19980026,-8.717412935323383 
19990026,-8.71 
20000013,-8.607000000000001 
20010013,-8.755 
20020013,-8.645 
20030013,-8.595 
20040013,-8.77 
20050046,-8.585074626865671 
20060046,-8.655 
20070046,-8.8 
20080046,-8.805 
20090046,-8.795 
20100046,-8.74 
20110046,-8.835 
20120046,-8.56 
20130046,-8.815 
20140046,-8.645 
20150046,-8.685 
20160046,-8.96 
20170046,-8.665 
20180046,-8.86 
20190041,-8.775 
20200034,-8.843 
20210034,-8.92 
20220034,-8.855 
20230034,-8.755 
20240018,-8.779000000000002 
20250018,-8.83 
20260018,-8.895 
20270018,-8.76 
20280018,-8.66 
20290018,-8.73 
20300014,-8.746 
20310014,-8.76 
20320014,-8.575 
20330010,-8.626 
20340010,-8.905 
20350010,-8.84 
20360033,-8.67960199004975 
20370033,-8.935 
20380033,-8.79 
20390033,-8.695 
20400033,-8.73 
20410033,-8.705 
20420033,-8.805 
20430033,-8.68 
20440033,-8.605 
20450033,-8.865 
20460033,-8.715 
20470033,-8.72 
20480020,-8.727 
20490020,-8.87 
20500020,-8.755 
20510020,-8.71 
20520020,-8.66 
20530020,-8.725 
20540020,-8.69 
20550020,-8.77 
20560020,-8.66 
20570020,-8.905 
20580020,-8.785 
20590020,-8.76 
20600020,-8.755 
20610020,-8.755 
20620020,-8.74 
20630020,-8.885 
20640020,-8.69 
20650020,-8.775 
20660020,-8.82 
20670020,-8.73 
20680020,-8.52 
20690020,-8.77 
20700020,-8.58 
20710007,-8.772 
20720007,-8.72 
20730007,-8.69 
20740007,-8.48 
20750007,-8.795 
20760007,-8.675 
20770007,-8.795 
20780007,-8.77 
20790005,-8.728 
20800005,-8.495 
20810005,-8.755 
20820005,-8.85 
20830005,-8.65 
20840005,-8.705 
20850005,-8.67 
20860005,-8.62 
20870049,-8.576119402985075 
20880049,-8.865 
20890049,-8.65 
20900049,-8.65 
20910049,-8.755 
20920049,-8.74 
20930049,-8.755 
20940049,-8.8 
20950031,-8.642000000000001 
20960031,-8.815 
20970031,-8.58 
20980020,-8.729 
20990020,-8.65 
21000020,-8.755 
21010020,-8.69 
21020020,-8.755 
21030008,-8.648 
21040008,-8.9 
21050008,-8.715 
21060008,-8.775 
21070008,-8.735 
21080008,-8.92 
21090008,-8.915 
21100008,-8.705 
21110048,-8.487562189054726 
21120042,-8.749 
21130042,-8.925 
21140042,-8.625 
21150029,-8.752 
21160029,-8.67 
21170029,-8.64 
21180029,-8.725 
21190029,-8.73 
21200029,-8.81 
21210029,-8.8 
21220029,-8.74 
21230029,-8.745 
21240023,-8.779 
21250023,-8.765 
21260023,-8.755 
21270023,-8.765 
21280023,-8.74 
21290023,-8.815 
21300023,-8.97 
21310023,-8.795 
21320023,-8.83 
21330018,-8.65 
21340018,-8.72 
21350018,-8.715 
21360018,-8.825 
21370018,-8.775 
21380018,-8.9 
21390018,-8.79 
21400018,-8.82 
21410018,-8.825 
21420001,-8.753 
21430001,-8.895 
21440001,-8.775 
21450001,-8.74 
21460032,-8.702487562189056 
21470032,-8.765 
21480032,-8.625 
21490032,-8.82 
21500032,-8.775 
21510032,-8.76 
