10000,-9.789999961853027 
20000,-9.770000457763672 
30000,-9.8100004196167 
40000,-9.680000305175781 
50000,-9.729999542236328 
60000,-9.770000457763672 
70000,-9.670000076293945 
80000,-9.670000076293945 
90000,-9.670000076293945 
100000,-9.670000076293945 
110000,-9.609999656677246 
120000,-9.529999732971191 
130000,-9.670000076293945 
140000,-9.619999885559082 
150000,-9.6899995803833 
160000,-9.670000076293945 
170000,-9.8100004196167 
180000,-9.579999923706055 
190000,-9.520000457763672 
200000,-9.609999656677246 
210000,-9.59000015258789 
220000,-9.739999771118164 
230000,-9.569999694824219 
240000,-9.600000381469727 
250000,-9.550000190734863 
260000,-9.609999656677246 
270000,-9.470000267028809 
280000,-9.819999694824219 
290000,-9.539999961853027 
300000,-9.65999984741211 
310000,-9.470000267028809 
320000,-9.59000015258789 
330000,-9.550000190734863 
340000,-9.550000190734863 
350000,-9.520000457763672 
360000,-9.369999885559082 
370000,-9.520000457763672 
380000,-9.380000114440918 
390000,-9.420000076293945 
400000,-9.359999656677246 
410000,-9.399999618530273 
420000,-9.420000076293945 
430000,-9.520000457763672 
440000,-9.449999809265137 
450000,-9.430000305175781 
460000,-9.529999732971191 
470000,-9.329999923706055 
480000,-9.430000305175781 
490000,-9.420000076293945 
500000,-9.4399995803833 
510000,-9.3100004196167 
520000,-9.3100004196167 
530000,-9.399999618530273 
540000,-9.40999984741211 
550000,-9.449999809265137 
560000,-9.399999618530273 
570000,-9.270000457763672 
580000,-9.279999732971191 
590000,-9.350000381469727 
600000,-9.399999618530273 
610000,-9.449999809265137 
620000,-9.279999732971191 
630000,-9.279999732971191 
640000,-9.300000190734863 
650000,-9.34000015258789 
660000,-9.270000457763672 
670000,-9.350000381469727 
680000,-9.279999732971191 
690000,-9.3100004196167 
700000,-9.180000305175781 
710000,-9.140000343322754 
720000,-9.319999694824219 
730000,-9.350000381469727 
740000,-9.1899995803833 
750000,-9.279999732971191 
760000,-9.270000457763672 
770000,-9.399999618530273 
780000,-9.180000305175781 
790000,-9.420000076293945 
800000,-9.319999694824219 
810000,-9.25 
820000,-9.180000305175781 
830000,-9.329999923706055 
840000,-9.15999984741211 
850000,-9.239999771118164 
860000,-9.149999618530273 
870000,-9.3100004196167 
880000,-9.239999771118164 
890000,-9.020000457763672 
900000,-9.220000267028809 
910000,-9.109999656677246 
920000,-9.199999809265137 
930000,-9.149999618530273 
940000,-9.1899995803833 
950000,-9.069999694824219 
960000,-9.180000305175781 
970000,-9.100000381469727 
980000,-9.220000267028809 
990000,-9.09000015258789 
1000000,-8.930000305175781 
1010000,-9.109999656677246 
1020000,-9.09000015258789 
1030000,-9.109999656677246 
1040000,-9.140000343322754 
1050000,-9.020000457763672 
1060000,-9.0 
1070000,-8.960000038146973 
1080000,-9.199999809265137 
1090000,-9.210000038146973 
1100000,-9.140000343322754 
1110000,-9.229999542236328 
1120000,-9.100000381469727 
1130000,-9.09000015258789 
1140000,-9.369999885559082 
1150000,-9.239999771118164 
1160000,-9.1899995803833 
1170000,-9.149999618530273 
1180000,-9.15999984741211 
1190000,-9.109999656677246 
1200000,-9.319999694824219 
1210000,-9.140000343322754 
1220000,-9.0600004196167 
1230000,-9.130000114440918 
1240000,-9.09000015258789 
1250000,-9.079999923706055 
1260000,-9.289999961853027 
1270000,-9.180000305175781 
1280000,-8.850000381469727 
1290000,-9.039999961853027 
1300000,-9.15999984741211 
1310000,-9.239999771118164 
1320000,-8.970000267028809 
1330000,-9.15999984741211 
1340000,-9.069999694824219 
1350000,-9.039999961853027 
1360000,-8.989999771118164 
1370000,-9.09000015258789 
1380000,-9.109999656677246 
1390000,-9.029999732971191 
1400000,-9.109999656677246 
1410000,-9.029999732971191 
1420000,-8.970000267028809 
1430000,-8.960000038146973 
1440000,-9.020000457763672 
1450000,-9.09000015258789 
1460000,-8.989999771118164 
1470000,-9.199999809265137 
1480000,-9.109999656677246 
1490038,-9.149999618530273 
1500038,-8.979999542236328 
1510038,-9.180000305175781 
1520005,-8.973999977111816 
1530005,-9.020000457763672 
1540036,-8.9399995803833 
1550036,-8.9399995803833 
1560036,-9.140000343322754 
1570036,-9.069999694824219 
1580036,-9.140000343322754 
1590036,-9.09000015258789 
1600036,-9.260000228881836 
1610036,-9.039999961853027 
1620036,-9.079999923706055 
1630036,-9.069999694824219 
1640036,-9.1899995803833 
1650036,-9.100000381469727 
1660036,-9.100000381469727 
1670036,-9.100000381469727 
1680036,-9.170000076293945 
1690036,-9.170000076293945 
1700036,-9.15999984741211 
1710036,-9.069999694824219 
1720036,-9.069999694824219 
1730036,-9.029999732971191 
1740036,-9.149999618530273 
1750036,-8.970000267028809 
1760036,-9.0 
1770036,-8.989999771118164 
1780036,-9.09000015258789 
1790036,-9.079999923706055 
1800036,-8.979999542236328 
1810036,-9.050000190734863 
1820036,-9.09000015258789 
1830036,-9.069999694824219 
1840036,-9.109999656677246 
1850036,-9.300000190734863 
1860036,-9.039999961853027 
1870036,-9.010000228881836 
1880036,-8.979999542236328 
1890036,-9.09000015258789 
1900036,-9.079999923706055 
1910036,-9.119999885559082 
1920036,-9.020000457763672 
1930036,-8.979999542236328 
1940036,-9.100000381469727 
1950036,-8.989999771118164 
1960036,-9.170000076293945 
1970036,-8.960000038146973 
1980036,-9.020000457763672 
1990036,-9.100000381469727 
2000036,-8.720000267028809 
2010036,-8.979999542236328 
2020036,-8.789999961853027 
2030036,-9.130000114440918 
2040036,-9.15999984741211 
2050036,-9.0600004196167 
2060036,-8.800000190734863 
2070036,-9.119999885559082 
2080036,-9.079999923706055 
2090036,-9.079999923706055 
2100036,-8.970000267028809 
2110036,-9.100000381469727 
2120036,-9.010000228881836 
2130036,-9.15999984741211 
2140036,-9.100000381469727 
2150036,-8.989999771118164 
2160036,-8.869999885559082 
2170036,-8.899999618530273 
2180036,-8.859999656677246 
2190036,-8.949999809265137 
2200036,-8.920000076293945 
2210036,-8.949999809265137 
2220036,-9.039999961853027 
2230036,-8.979999542236328 
2240036,-8.979999542236328 
2250036,-8.949999809265137 
2260036,-9.020000457763672 
2270036,-9.119999885559082 
2280036,-9.020000457763672 
2290036,-9.050000190734863 
2300036,-9.119999885559082 
2310036,-8.970000267028809 
2320036,-9.119999885559082 
2330036,-8.819999694824219 
2340036,-8.880000114440918 
2350036,-9.109999656677246 
2360036,-8.970000267028809 
2370036,-9.0 
2380036,-9.100000381469727 
2390036,-8.949999809265137 
2400036,-8.850000381469727 
2410036,-8.789999961853027 
2420036,-8.9399995803833 
2430036,-8.829999923706055 
2440036,-8.960000038146973 
2450036,-8.789999961853027 
2460036,-9.020000457763672 
2470036,-8.90999984741211 
2480036,-8.979999542236328 
2490036,-8.989999771118164 
2500036,-9.0 
2510036,-8.9399995803833 
2520036,-8.84000015258789 
2530036,-8.640000343322754 
2540036,-8.8100004196167 
2550036,-9.09000015258789 
2560036,-8.859999656677246 
2570036,-9.0 
2580036,-8.829999923706055 
2590036,-8.670000076293945 
2600036,-8.84000015258789 
2610036,-8.710000038146973 
2620036,-8.880000114440918 
2630036,-8.869999885559082 
2640036,-8.8100004196167 
2650036,-8.789999961853027 
2660036,-8.84000015258789 
2670036,-8.90999984741211 
2680036,-8.770000457763672 
2690036,-8.819999694824219 
2700036,-8.829999923706055 
2710036,-8.970000267028809 
2720036,-8.890000343322754 
2730036,-8.770000457763672 
2740036,-8.899999618530273 
2750036,-8.869999885559082 
2760036,-8.899999618530273 
2770036,-8.850000381469727 
2780036,-8.800000190734863 
2790036,-8.720000267028809 
2800036,-8.819999694824219 
2810036,-8.760000228881836 
2820036,-8.789999961853027 
2830036,-8.989999771118164 
2840036,-8.770000457763672 
2850036,-8.640000343322754 
2860036,-8.8100004196167 
2870036,-8.850000381469727 
2880036,-8.8100004196167 
2890036,-8.779999732971191 
2900036,-8.729999542236328 
2910036,-8.850000381469727 
2920036,-8.850000381469727 
2930036,-8.779999732971191 
2940036,-8.800000190734863 
2950023,-8.61400032043457 
2960023,-8.899999618530273 
2970023,-8.649999618530273 
2980023,-8.670000076293945 
2990023,-8.8100004196167 
3000023,-8.789999961853027 
3010023,-8.779999732971191 
3020023,-8.960000038146973 
3030023,-8.789999961853027 
3040022,-8.819999694824219 
3050022,-8.850000381469727 
3060022,-8.770000457763672 
3070022,-8.90999984741211 
3080022,-9.0 
3090022,-8.970000267028809 
3100022,-8.699999809265137 
3110022,-8.600000381469727 
3120022,-8.739999771118164 
3130022,-8.710000038146973 
3140022,-8.6899995803833 
3150022,-8.729999542236328 
3160022,-8.569999694824219 
3170022,-8.869999885559082 
3180022,-8.819999694824219 
3190022,-8.729999542236328 
3200022,-8.84000015258789 
3210022,-8.4399995803833 
3220022,-8.619999885559082 
3230022,-8.989999771118164 
3240022,-8.729999542236328 
3250022,-8.869999885559082 
3260018,-8.800000190734863 
3270006,-8.819999694824219 
3280006,-8.8100004196167 
3290044,-8.625999450683594 
3300044,-8.65999984741211 
3310044,-8.779999732971191 
3320044,-8.670000076293945 
3330044,-8.75 
3340044,-8.640000343322754 
3350044,-8.630000114440918 
3360044,-8.470000267028809 
3370044,-8.8100004196167 
3380044,-8.859999656677246 
3390044,-8.75 
3400044,-8.720000267028809 
3410044,-8.970000267028809 
3420031,-8.539999961853027 
3430031,-8.859999656677246 
3440031,-8.640000343322754 
3450031,-8.800000190734863 
3460031,-8.789999961853027 
3470031,-8.760000228881836 
3480017,-8.890000343322754 
3490017,-8.680000305175781 
3500017,-8.850000381469727 
3510017,-8.8100004196167 
3520017,-8.6899995803833 
3530017,-8.5 
3540017,-8.539999961853027 
3550017,-8.65999984741211 
3560017,-8.869999885559082 
3570017,-8.779999732971191 
3580017,-8.600000381469727 
3590017,-8.920000076293945 
3600017,-8.739999771118164 
3610017,-8.770000457763672 
3620017,-8.65999984741211 
3630017,-8.800000190734863 
3640017,-8.720000267028809 
3650017,-8.710000038146973 
3660017,-8.819999694824219 
3670017,-8.8100004196167 
3680017,-8.699999809265137 
3690017,-8.630000114440918 
3700017,-8.829999923706055 
3710017,-8.59000015258789 
3720017,-8.699999809265137 
3730017,-8.760000228881836 
3740017,-8.949999809265137 
3750017,-8.800000190734863 
3760017,-8.8100004196167 
3770017,-8.770000457763672 
3780017,-8.739999771118164 
3790017,-8.819999694824219 
3800017,-8.9399995803833 
3810017,-8.75 
3820017,-8.779999732971191 
3830017,-8.789999961853027 
3840017,-8.649999618530273 
3850017,-8.699999809265137 
3860017,-8.850000381469727 
3870017,-8.710000038146973 
3880017,-8.770000457763672 
3890017,-8.8100004196167 
3900017,-8.779999732971191 
3910017,-8.770000457763672 
3920017,-8.699999809265137 
3930017,-8.6899995803833 
3940017,-8.84000015258789 
3950017,-8.65999984741211 
3960017,-8.579999923706055 
3970017,-8.579999923706055 
3980017,-8.539999961853027 
3990017,-8.760000228881836 
4000017,-8.770000457763672 
4010017,-8.6899995803833 
4020017,-8.770000457763672 
4030017,-8.800000190734863 
4040017,-8.880000114440918 
4050017,-8.75 
4060017,-8.680000305175781 
4070017,-8.579999923706055 
4080044,-8.779999732971191 
4090044,-8.520000457763672 
4100044,-8.710000038146973 
4110044,-8.739999771118164 
4120044,-8.630000114440918 
4130044,-8.729999542236328 
4140044,-8.729999542236328 
4150044,-8.8100004196167 
4160044,-8.670000076293945 
4170044,-8.649999618530273 
4180044,-8.8100004196167 
4190044,-8.720000267028809 
4200044,-8.680000305175781 
4210040,-8.802000045776367 
4220040,-8.729999542236328 
4230040,-8.640000343322754 
4240040,-8.460000038146973 
4250040,-8.729999542236328 
4260040,-8.859999656677246 
4270040,-8.760000228881836 
4280040,-8.8100004196167 
4290040,-8.59000015258789 
4300040,-8.710000038146973 
4310040,-8.899999618530273 
4320040,-8.800000190734863 
4330040,-8.75 
4340040,-8.800000190734863 
4350040,-8.789999961853027 
4360021,-8.850000381469727 
4370021,-8.729999542236328 
4380021,-8.680000305175781 
4390021,-8.90999984741211 
4400021,-8.739999771118164 
4410021,-8.8100004196167 
4420021,-8.680000305175781 
4430021,-8.649999618530273 
4440021,-8.8100004196167 
4450021,-8.600000381469727 
4460021,-8.640000343322754 
4470021,-8.789999961853027 
4480021,-8.829999923706055 
4490021,-8.899999618530273 
4500021,-8.609999656677246 
4510021,-8.930000305175781 
4520021,-8.770000457763672 
4530021,-8.890000343322754 
4540021,-8.819999694824219 
4550021,-8.6899995803833 
4560021,-8.649999618530273 
4570021,-8.819999694824219 
4580021,-8.760000228881836 
4590021,-8.720000267028809 
4600021,-8.8100004196167 
4610008,-8.633999824523926 
4620008,-8.699999809265137 
4630000,-8.869999885559082 
4640000,-8.680000305175781 
4650000,-8.920000076293945 
4660000,-8.890000343322754 
4670000,-8.699999809265137 
4680000,-8.779999732971191 
4690000,-8.5 
4700000,-8.979999542236328 
4710033,-8.736000061035156 
4720033,-8.710000038146973 
4730033,-8.829999923706055 
4740033,-8.720000267028809 
4750033,-8.720000267028809 
4760033,-8.65999984741211 
4770025,-8.584000587463379 
4780025,-8.5600004196167 
4790025,-8.729999542236328 
4800025,-8.8100004196167 
4810025,-8.710000038146973 
4820025,-8.579999923706055 
4830022,-8.850000381469727 
4840022,-8.899999618530273 
4850022,-8.800000190734863 
4860022,-8.729999542236328 
4870022,-8.6899995803833 
4880022,-8.720000267028809 
4890022,-8.739999771118164 
4900022,-8.720000267028809 
4910022,-8.609999656677246 
4920022,-8.800000190734863 
4930022,-8.859999656677246 
4940022,-8.729999542236328 
4950022,-8.789999961853027 
4960022,-8.640000343322754 
4970022,-8.430000305175781 
4980022,-8.949999809265137 
4990022,-8.670000076293945 
5000022,-9.039999961853027 
5010022,-8.619999885559082 
5020022,-8.710000038146973 
5030022,-8.789999961853027 
5040003,-8.76200008392334 
5050003,-8.6899995803833 
5060003,-8.720000267028809 
5070003,-8.65999984741211 
5080003,-8.710000038146973 
5090003,-8.710000038146973 
5100003,-8.619999885559082 
5110003,-8.699999809265137 
5120003,-8.770000457763672 
5130003,-8.75 
5140047,-8.628000259399414 
5150047,-8.529999732971191 
5160044,-8.704000473022461 
5170044,-8.8100004196167 
5180044,-8.649999618530273 
5190030,-8.732000350952148 
5200030,-8.319999694824219 
5210030,-8.600000381469727 
5220030,-8.720000267028809 
5230021,-8.890000343322754 
5240021,-8.779999732971191 
5250009,-8.665999412536621 
5260009,-8.609999656677246 
5270009,-8.779999732971191 
5280009,-8.699999809265137 
5290009,-8.5600004196167 
5300002,-8.415999412536621 
5310002,-8.609999656677246 
5320002,-8.600000381469727 
5330002,-8.65999984741211 
5340002,-8.720000267028809 
5350002,-8.65999984741211 
5360002,-8.760000228881836 
5370002,-8.550000190734863 
5380002,-8.600000381469727 
5390002,-8.670000076293945 
5400002,-8.710000038146973 
5410000,-8.616000175476074 
5420000,-8.680000305175781 
5430000,-8.680000305175781 
5440000,-8.779999732971191 
5450000,-8.770000457763672 
5460000,-8.600000381469727 
5470000,-8.859999656677246 
5480000,-8.529999732971191 
5490000,-8.859999656677246 
5500000,-8.59000015258789 
5510000,-8.760000228881836 
5520000,-8.670000076293945 
5530000,-8.710000038146973 
5540000,-8.670000076293945 
5550000,-8.899999618530273 
5560000,-8.850000381469727 
5570000,-8.75 
5580000,-8.8100004196167 
5590000,-8.779999732971191 
5600000,-8.5600004196167 
5610000,-8.649999618530273 
5620000,-8.579999923706055 
5630000,-8.609999656677246 
5640000,-8.920000076293945 
5650000,-8.850000381469727 
5660000,-8.899999618530273 
5670038,-8.765999794006348 
5680038,-8.800000190734863 
5690037,-8.569999694824219 
5700037,-8.6899995803833 
5710037,-8.819999694824219 
5720037,-8.789999961853027 
5730037,-8.789999961853027 
5740037,-8.819999694824219 
5750037,-8.6899995803833 
5760037,-8.720000267028809 
5770037,-8.90999984741211 
5780037,-8.550000190734863 
5790037,-8.770000457763672 
5800037,-8.800000190734863 
5810037,-8.75 
5820037,-8.609999656677246 
5830023,-8.779999732971191 
5840023,-8.649999618530273 
5850023,-8.890000343322754 
5860023,-8.779999732971191 
5870023,-8.760000228881836 
5880023,-8.739999771118164 
5890023,-8.739999771118164 
5900023,-8.899999618530273 
5910023,-8.649999618530273 
5920023,-8.779999732971191 
5930023,-8.800000190734863 
5940023,-8.699999809265137 
5950023,-8.699999809265137 
5960023,-8.6899995803833 
5970023,-8.779999732971191 
5980023,-8.619999885559082 
5990012,-8.64799976348877 
6000012,-8.59000015258789 
6010012,-8.6899995803833 
6020012,-8.800000190734863 
6030012,-8.960000038146973 
6040012,-8.899999618530273 
6050012,-8.619999885559082 
6060012,-8.920000076293945 
6070012,-8.75 
6080012,-8.729999542236328 
6090012,-8.630000114440918 
6100012,-8.739999771118164 
6110002,-8.800000190734863 
6120002,-8.600000381469727 
6130002,-8.9399995803833 
6140002,-8.84000015258789 
6150002,-8.770000457763672 
6160002,-8.670000076293945 
6170002,-8.600000381469727 
6180002,-8.609999656677246 
6190002,-8.930000305175781 
6200002,-8.680000305175781 
6210002,-8.6899995803833 
6220002,-8.649999618530273 
6230002,-8.680000305175781 
6240002,-8.65999984741211 
6250002,-8.779999732971191 
6260047,-8.710000038146973 
6270047,-8.789999961853027 
6280047,-8.710000038146973 
6290047,-8.640000343322754 
6300047,-8.989999771118164 
6310047,-8.569999694824219 
6320047,-8.789999961853027 
6330047,-8.430000305175781 
6340047,-8.699999809265137 
6350026,-8.819999694824219 
6360026,-8.789999961853027 
6370026,-8.65999984741211 
6380026,-8.869999885559082 
6390026,-8.720000267028809 
6400026,-8.729999542236328 
6410026,-8.729999542236328 
6420026,-8.670000076293945 
6430026,-8.760000228881836 
6440026,-8.670000076293945 
6450026,-8.75 
6460026,-8.789999961853027 
6470026,-8.699999809265137 
6480026,-8.470000267028809 
6490026,-8.619999885559082 
6500026,-8.600000381469727 
6510026,-8.569999694824219 
6520026,-8.640000343322754 
6530026,-8.539999961853027 
6540026,-8.729999542236328 
6550026,-8.989999771118164 
6560026,-8.720000267028809 
6570026,-8.470000267028809 
6580026,-8.640000343322754 
6590026,-8.720000267028809 
6600026,-8.640000343322754 
6610004,-8.795999526977539 
6620004,-8.619999885559082 
6630004,-8.520000457763672 
6640004,-8.800000190734863 
6650003,-8.447999954223633 
6660047,-8.6899995803833 
6670047,-8.699999809265137 
6680047,-8.869999885559082 
6690047,-8.970000267028809 
6700047,-8.710000038146973 
6710047,-9.069999694824219 
6720047,-8.760000228881836 
6730047,-8.649999618530273 
6740047,-8.75 
6750047,-8.819999694824219 
6760047,-8.760000228881836 
6770047,-8.800000190734863 
6780047,-8.699999809265137 
6790047,-8.619999885559082 
6800047,-8.960000038146973 
6810047,-8.550000190734863 
6820047,-8.739999771118164 
6830047,-8.680000305175781 
6840047,-8.75 
6850047,-8.680000305175781 
6860047,-8.84000015258789 
6870047,-8.640000343322754 
6880047,-8.699999809265137 
6890047,-8.600000381469727 
6900047,-8.90999984741211 
6910041,-8.418000221252441 
6920041,-8.59000015258789 
6930041,-8.739999771118164 
6940041,-8.739999771118164 
6950041,-8.859999656677246 
6960041,-8.699999809265137 
6970041,-8.899999618530273 
6980041,-8.680000305175781 
6990041,-8.779999732971191 
7000041,-8.699999809265137 
7010041,-8.970000267028809 
7020041,-8.819999694824219 
7030041,-8.6899995803833 
7040041,-8.84000015258789 
7050041,-8.680000305175781 
7060041,-8.949999809265137 
7070041,-8.670000076293945 
7080041,-8.630000114440918 
7090041,-8.470000267028809 
7100019,-8.535999298095703 
7110049,-8.609999656677246 
7120049,-8.539999961853027 
7130049,-8.800000190734863 
7140041,-8.829999923706055 
7150041,-8.680000305175781 
7160041,-8.789999961853027 
7170041,-8.869999885559082 
7180041,-8.729999542236328 
7190041,-8.789999961853027 
7200041,-8.6899995803833 
7210041,-8.670000076293945 
7220041,-8.800000190734863 
7230041,-8.90999984741211 
7240041,-8.859999656677246 
7250041,-8.8100004196167 
7260041,-8.90999984741211 
7270041,-8.630000114440918 
7280041,-8.640000343322754 
7290041,-8.930000305175781 
7300041,-8.930000305175781 
7310041,-8.760000228881836 
7320041,-8.970000267028809 
7330041,-8.989999771118164 
7340041,-8.729999542236328 
7350041,-8.720000267028809 
7360041,-8.819999694824219 
7370041,-8.899999618530273 
7380041,-8.550000190734863 
7390041,-8.760000228881836 
7400041,-8.880000114440918 
7410041,-8.710000038146973 
7420041,-8.949999809265137 
7430041,-8.84000015258789 
7440041,-8.779999732971191 
7450041,-8.779999732971191 
7460034,-8.829999923706055 
7470034,-8.800000190734863 
7480034,-8.9399995803833 
7490034,-8.779999732971191 
7500034,-8.649999618530273 
7510034,-8.6899995803833 
7520034,-8.600000381469727 
7530034,-8.760000228881836 
7540034,-8.539999961853027 
7550034,-9.010000228881836 
7560034,-8.789999961853027 
7570034,-8.789999961853027 
7580034,-8.6899995803833 
7590034,-8.640000343322754 
7600034,-8.65999984741211 
7610034,-8.680000305175781 
7620034,-8.850000381469727 
7630034,-8.640000343322754 
7640034,-8.850000381469727 
7650034,-8.899999618530273 
7660034,-8.720000267028809 
7670034,-8.699999809265137 
7680034,-8.9399995803833 
7690034,-8.739999771118164 
7700034,-8.6899995803833 
7710034,-8.619999885559082 
7720034,-8.779999732971191 
7730034,-8.819999694824219 
7740034,-8.760000228881836 
7750034,-8.739999771118164 
7760034,-8.890000343322754 
7770034,-8.6899995803833 
7780034,-9.109999656677246 
7790034,-8.829999923706055 
7800034,-8.800000190734863 
7810034,-8.9399995803833 
7820034,-8.59000015258789 
7830013,-8.90999984741211 
7840013,-8.930000305175781 
7850013,-8.619999885559082 
7860013,-8.760000228881836 
7870013,-8.9399995803833 
7880013,-8.850000381469727 
7890013,-8.800000190734863 
7900013,-8.710000038146973 
7910013,-8.720000267028809 
7920013,-8.880000114440918 
7930013,-8.579999923706055 
7940013,-8.770000457763672 
7950013,-8.75 
7960013,-8.779999732971191 
7970013,-8.720000267028809 
7980013,-8.65999984741211 
7990013,-8.819999694824219 
8000013,-8.630000114440918 
8010013,-8.729999542236328 
8020013,-8.600000381469727 
8030013,-8.6899995803833 
8040013,-8.539999961853027 
8050013,-8.789999961853027 
8060013,-8.699999809265137 
8070013,-8.670000076293945 
8080013,-8.59000015258789 
8090013,-8.770000457763672 
8100036,-8.84000015258789 
8110036,-8.880000114440918 
8120036,-8.670000076293945 
8130036,-8.539999961853027 
8140036,-8.670000076293945 
8150036,-8.859999656677246 
8160036,-8.729999542236328 
8170036,-8.880000114440918 
8180036,-8.640000343322754 
8190036,-8.630000114440918 
8200036,-8.59000015258789 
8210036,-8.510000228881836 
8220036,-8.800000190734863 
8230036,-8.609999656677246 
8240036,-8.859999656677246 
8250036,-8.649999618530273 
8260036,-8.8100004196167 
8270036,-8.869999885559082 
8280036,-9.029999732971191 
8290036,-9.029999732971191 
8300036,-8.5 
8310036,-8.649999618530273 
8320036,-8.880000114440918 
8330036,-8.699999809265137 
8340036,-8.890000343322754 
8350036,-8.59000015258789 
8360036,-8.569999694824219 
8370036,-8.770000457763672 
8380036,-8.850000381469727 
8390044,-8.48799991607666 
8400044,-8.670000076293945 
8410044,-8.800000190734863 
8420044,-8.899999618530273 
8430044,-8.960000038146973 
8440044,-8.720000267028809 
8450044,-8.609999656677246 
8460044,-8.739999771118164 
8470044,-8.90999984741211 
8480044,-8.630000114440918 
8490044,-8.869999885559082 
8500044,-8.760000228881836 
8510044,-8.75 
8520033,-8.757999420166016 
8530021,-8.569999694824219 
8540021,-8.720000267028809 
8550021,-8.670000076293945 
8560048,-8.729999542236328 
8570048,-8.770000457763672 
8580048,-8.75 
8590048,-8.890000343322754 
8600048,-8.550000190734863 
8610048,-8.869999885559082 
8620048,-8.8100004196167 
8630048,-8.619999885559082 
8640048,-8.899999618530273 
8650048,-8.75 
8660048,-8.640000343322754 
8670048,-8.949999809265137 
8680048,-8.829999923706055 
8690048,-8.6899995803833 
8700048,-8.579999923706055 
8710048,-8.710000038146973 
8720048,-8.829999923706055 
8730048,-8.75 
8740048,-8.859999656677246 
8750048,-8.770000457763672 
8760048,-8.5600004196167 
8770048,-8.770000457763672 
8780048,-8.449999809265137 
8790048,-8.819999694824219 
8800048,-8.680000305175781 
8810048,-8.869999885559082 
8820048,-8.59000015258789 
8830048,-8.800000190734863 
8840048,-8.920000076293945 
8850048,-8.920000076293945 
8860048,-8.550000190734863 
8870048,-8.720000267028809 
8880048,-8.800000190734863 
8890048,-8.350000381469727 
8900048,-8.510000228881836 
8910048,-8.829999923706055 
8920048,-8.760000228881836 
8930048,-8.579999923706055 
8940048,-8.510000228881836 
8950048,-8.649999618530273 
8960048,-8.670000076293945 
8970048,-8.569999694824219 
8980048,-8.8100004196167 
8990048,-8.819999694824219 
9000048,-8.5600004196167 
9010044,-8.8100004196167 
9020044,-8.84000015258789 
9030044,-8.550000190734863 
9040044,-8.760000228881836 
9050044,-8.609999656677246 
9060044,-8.720000267028809 
9070044,-8.720000267028809 
9080044,-8.65999984741211 
9090044,-8.630000114440918 
9100044,-8.569999694824219 
9110044,-8.649999618530273 
9120044,-8.569999694824219 
9130044,-8.59000015258789 
9140044,-8.710000038146973 
9150044,-8.399999618530273 
9160044,-8.6899995803833 
9170044,-8.75 
9180044,-8.569999694824219 
9190044,-8.720000267028809 
9200044,-8.489999771118164 
9210044,-8.699999809265137 
9220044,-8.720000267028809 
9230044,-8.850000381469727 
9240044,-8.829999923706055 
9250044,-8.520000457763672 
9260044,-8.6899995803833 
9270043,-8.607999801635742 
9280028,-8.420000076293945 
9290028,-8.6899995803833 
9300028,-8.520000457763672 
9310028,-8.779999732971191 
9320000,-8.423999786376953 
9330000,-8.880000114440918 
9340000,-8.770000457763672 
9350000,-8.600000381469727 
9360000,-8.770000457763672 
9370000,-8.550000190734863 
9380000,-8.75 
9390000,-8.5600004196167 
9400000,-8.75 
9410000,-8.539999961853027 
9420000,-8.979999542236328 
9430000,-8.630000114440918 
9440000,-8.699999809265137 
9450048,-8.685999870300293 
9460048,-8.65999984741211 
9470048,-8.720000267028809 
9480048,-8.680000305175781 
9490048,-8.649999618530273 
9500048,-8.770000457763672 
9510048,-8.819999694824219 
9520048,-8.5 
9530048,-8.899999618530273 
9540048,-8.75 
9550048,-8.800000190734863 
9560048,-8.670000076293945 
9570048,-8.760000228881836 
9580048,-8.930000305175781 
9590048,-8.699999809265137 
9600048,-8.609999656677246 
9610048,-8.800000190734863 
9620048,-8.850000381469727 
9630048,-8.739999771118164 
9640048,-8.899999618530273 
9650005,-8.483999252319336 
9660005,-8.760000228881836 
9670005,-8.760000228881836 
9680005,-8.800000190734863 
9690005,-8.529999732971191 
9700005,-8.569999694824219 
9710005,-8.720000267028809 
9720005,-8.770000457763672 
9730005,-8.699999809265137 
9740005,-8.8100004196167 
9750005,-8.699999809265137 
9760005,-8.670000076293945 
9770005,-8.859999656677246 
9780005,-8.800000190734863 
9790005,-8.829999923706055 
9800005,-8.75 
9810005,-8.729999542236328 
9820005,-8.859999656677246 
9830005,-8.789999961853027 
9840005,-8.65999984741211 
9850005,-8.770000457763672 
9860005,-8.770000457763672 
9870046,-8.84000015258789 
9880046,-8.770000457763672 
9890046,-8.75 
9900046,-8.8100004196167 
9910046,-8.789999961853027 
9920046,-8.770000457763672 
9930046,-8.829999923706055 
9940040,-8.680000305175781 
9950040,-9.0600004196167 
9960040,-8.609999656677246 
9970040,-8.729999542236328 
9980040,-8.5600004196167 
9990040,-8.880000114440918 
10000040,-8.600000381469727 
10010040,-8.75 
10020040,-8.899999618530273 
10030040,-8.8100004196167 
10040040,-8.6899995803833 
10050040,-8.619999885559082 
10060040,-8.720000267028809 
10070040,-8.800000190734863 
10080040,-8.859999656677246 
10090040,-8.970000267028809 
10100040,-8.850000381469727 
10110035,-8.5600004196167 
10120035,-8.760000228881836 
10130035,-8.850000381469727 
10140035,-8.8100004196167 
10150035,-8.800000190734863 
10160035,-8.449999809265137 
10170035,-8.739999771118164 
10180035,-8.739999771118164 
10190035,-8.729999542236328 
10200035,-8.850000381469727 
10210035,-8.789999961853027 
10220035,-8.619999885559082 
10230049,-8.75 
10240049,-8.699999809265137 
10250049,-8.630000114440918 
10260049,-8.859999656677246 
10270049,-8.770000457763672 
10280049,-8.539999961853027 
10290049,-8.84000015258789 
10300049,-8.710000038146973 
10310049,-8.8100004196167 
10320049,-8.649999618530273 
10330049,-8.930000305175781 
10340049,-8.569999694824219 
10350049,-8.4399995803833 
10360049,-8.800000190734863 
10370049,-9.109999656677246 
10380049,-8.989999771118164 
10390049,-8.970000267028809 
10400049,-8.720000267028809 
10410049,-8.75 
10420049,-8.6899995803833 
10430049,-8.779999732971191 
10440049,-8.710000038146973 
10450049,-8.569999694824219 
10460049,-8.4399995803833 
10470049,-8.649999618530273 
10480049,-8.550000190734863 
10490049,-8.739999771118164 
10500049,-8.770000457763672 
10510049,-8.760000228881836 
10520049,-8.779999732971191 
10530049,-8.789999961853027 
10540049,-8.529999732971191 
10550049,-8.699999809265137 
10560049,-8.579999923706055 
10570049,-8.880000114440918 
10580049,-8.670000076293945 
10590030,-8.829999923706055 
10600030,-8.779999732971191 
10610030,-8.84000015258789 
10620030,-8.609999656677246 
10630030,-8.6899995803833 
10640030,-8.890000343322754 
10650030,-8.579999923706055 
10660030,-8.729999542236328 
10670030,-8.75 
10680030,-8.739999771118164 
10690030,-8.729999542236328 
10700030,-8.779999732971191 
10710030,-8.829999923706055 
10720030,-8.4399995803833 
10730030,-8.640000343322754 
10740030,-8.649999618530273 
10750030,-8.670000076293945 
10760030,-8.699999809265137 
10770030,-8.609999656677246 
10780030,-8.640000343322754 
10790030,-8.729999542236328 
10800029,-8.520000457763672 
10810029,-8.430000305175781 
10820029,-8.890000343322754 
10830029,-8.8100004196167 
10840029,-8.760000228881836 
10850029,-8.880000114440918 
10860029,-8.819999694824219 
10870029,-8.920000076293945 
10880029,-8.680000305175781 
10890023,-8.687999725341797 
10900023,-8.779999732971191 
10910023,-8.739999771118164 
10920023,-8.739999771118164 
10930023,-8.65999984741211 
10940023,-8.630000114440918 
10950023,-8.600000381469727 
10960023,-8.550000190734863 
10970023,-8.770000457763672 
10980023,-8.720000267028809 
10990023,-8.710000038146973 
11000023,-8.550000190734863 
11010015,-8.510000228881836 
11020015,-8.899999618530273 
11030015,-8.6899995803833 
11040015,-8.970000267028809 
11050015,-8.65999984741211 
11060015,-8.920000076293945 
11070015,-8.760000228881836 
11080015,-8.640000343322754 
11090007,-8.4399995803833 
11100007,-8.680000305175781 
11110007,-8.649999618530273 
11120007,-8.649999618530273 
11130007,-8.770000457763672 
11140007,-8.770000457763672 
11150007,-8.779999732971191 
11160007,-8.489999771118164 
11170007,-8.989999771118164 
11180007,-8.680000305175781 
11190007,-8.789999961853027 
11200007,-8.65999984741211 
11210007,-8.850000381469727 
11220007,-8.800000190734863 
11230007,-8.680000305175781 
11240007,-8.649999618530273 
11250007,-8.609999656677246 
11260007,-8.770000457763672 
11270007,-8.680000305175781 
11280007,-8.8100004196167 
11290007,-8.6899995803833 
11300044,-8.949999809265137 
11310044,-8.899999618530273 
11320044,-8.630000114440918 
11330044,-8.699999809265137 
11340044,-8.640000343322754 
11350043,-8.739999771118164 
11360043,-8.779999732971191 
11370043,-8.630000114440918 
11380013,-8.729999542236328 
11390001,-8.505999565124512 
11400001,-8.6899995803833 
11410001,-8.720000267028809 
11420001,-8.739999771118164 
11430001,-8.800000190734863 
11440001,-8.760000228881836 
11450001,-8.6899995803833 
11460001,-8.630000114440918 
11470001,-8.699999809265137 
11480001,-8.90999984741211 
11490001,-8.920000076293945 
11500001,-8.779999732971191 
11510001,-8.680000305175781 
11520037,-8.710000038146973 
11530037,-8.609999656677246 
11540037,-8.760000228881836 
11550037,-8.59000015258789 
11560037,-8.789999961853027 
11570037,-8.729999542236328 
11580037,-8.819999694824219 
11590037,-8.6899995803833 
11600037,-8.640000343322754 
11610037,-8.819999694824219 
11620037,-8.880000114440918 
11630037,-8.890000343322754 
11640037,-8.770000457763672 
11650037,-8.670000076293945 
11660037,-8.670000076293945 
11670028,-8.362000465393066 
11680028,-8.739999771118164 
11690028,-8.670000076293945 
11700028,-8.720000267028809 
11710028,-8.510000228881836 
11720028,-8.739999771118164 
11730028,-8.510000228881836 
11740028,-8.850000381469727 
11750028,-8.800000190734863 
11760028,-8.609999656677246 
11770028,-8.829999923706055 
11780028,-8.760000228881836 
11790028,-8.680000305175781 
11800048,-8.779999732971191 
11810048,-8.6899995803833 
11820048,-8.829999923706055 
11830048,-8.609999656677246 
11840048,-8.65999984741211 
11850048,-8.75 
11860048,-8.640000343322754 
11870048,-8.729999542236328 
11880048,-8.640000343322754 
11890048,-8.720000267028809 
11900048,-8.960000038146973 
11910048,-8.520000457763672 
11920048,-8.75 
11930042,-8.619999885559082 
11940042,-8.579999923706055 
11950042,-8.670000076293945 
11960042,-8.699999809265137 
11970042,-8.800000190734863 
11980042,-8.770000457763672 
11990042,-8.930000305175781 
12000042,-8.800000190734863 
12010042,-8.770000457763672 
12020042,-8.9399995803833 
12030042,-8.5600004196167 
12040042,-8.859999656677246 
12050042,-8.75 
12060042,-8.90999984741211 
12070042,-8.829999923706055 
12080042,-8.680000305175781 
12090042,-8.880000114440918 
12100042,-8.899999618530273 
12110014,-8.77400016784668 
12120014,-8.789999961853027 
12130014,-8.649999618530273 
12140014,-8.869999885559082 
12150014,-8.619999885559082 
12160014,-8.850000381469727 
12170014,-8.8100004196167 
12180014,-8.470000267028809 
12190046,-8.600000381469727 
12200046,-8.819999694824219 
12210046,-8.670000076293945 
12220046,-8.739999771118164 
12230046,-8.75 
12240046,-8.789999961853027 
12250046,-8.729999542236328 
12260046,-8.6899995803833 
12270046,-8.850000381469727 
12280046,-8.859999656677246 
12290046,-8.75 
12300046,-8.779999732971191 
12310046,-8.779999732971191 
12320046,-8.5 
12330046,-8.869999885559082 
12340046,-8.729999542236328 
12350046,-8.930000305175781 
12360046,-8.739999771118164 
12370046,-8.84000015258789 
12380046,-8.529999732971191 
12390046,-8.649999618530273 
12400046,-8.609999656677246 
12410032,-8.621999740600586 
12420032,-8.829999923706055 
12430032,-8.779999732971191 
12440031,-8.538000106811523 
12450031,-8.569999694824219 
12460031,-8.520000457763672 
12470031,-8.819999694824219 
12480024,-8.640000343322754 
12490024,-8.619999885559082 
12500024,-8.819999694824219 
12510024,-8.8100004196167 
12520024,-8.579999923706055 
12530024,-8.699999809265137 
12540024,-8.800000190734863 
12550022,-8.645999908447266 
12560022,-8.600000381469727 
12570022,-8.65999984741211 
12580022,-8.729999542236328 
12590022,-8.640000343322754 
12600022,-8.960000038146973 
12610022,-8.930000305175781 
12620022,-9.029999732971191 
12630022,-8.630000114440918 
12640022,-8.890000343322754 
12650022,-8.779999732971191 
12660022,-8.65999984741211 
12670022,-8.800000190734863 
12680022,-9.010000228881836 
12690022,-8.779999732971191 
12700022,-8.859999656677246 
12710022,-8.779999732971191 
12720022,-8.75 
12730022,-8.640000343322754 
12740022,-8.680000305175781 
12750016,-8.708000183105469 
12760016,-8.680000305175781 
12770016,-8.829999923706055 
12780016,-8.800000190734863 
12790016,-8.65999984741211 
12800016,-8.520000457763672 
12810016,-8.930000305175781 
12820016,-8.5600004196167 
12830016,-8.729999542236328 
12840016,-8.720000267028809 
12850016,-8.859999656677246 
12860012,-8.75 
12870012,-8.65999984741211 
12880012,-8.699999809265137 
12890012,-8.59000015258789 
12900012,-8.630000114440918 
12910012,-8.619999885559082 
12920012,-8.619999885559082 
12930000,-8.729999542236328 
12940000,-8.90999984741211 
12950000,-8.640000343322754 
12960000,-8.859999656677246 
12970048,-8.680000305175781 
12980048,-8.75 
12990048,-8.84000015258789 
13000048,-8.890000343322754 
13010048,-8.899999618530273 
13020048,-8.699999809265137 
13030048,-8.6899995803833 
13040048,-8.800000190734863 
13050048,-8.930000305175781 
13060048,-8.649999618530273 
13070045,-8.779999732971191 
13080045,-8.739999771118164 
13090045,-8.739999771118164 
13100045,-8.65999984741211 
13110045,-8.6899995803833 
13120045,-8.729999542236328 
13130045,-8.800000190734863 
13140045,-8.569999694824219 
13150045,-8.850000381469727 
13160045,-8.609999656677246 
13170045,-8.75 
13180045,-8.930000305175781 
13190045,-8.720000267028809 
13200045,-8.520000457763672 
13210045,-8.760000228881836 
13220045,-8.739999771118164 
13230045,-8.800000190734863 
13240045,-8.6899995803833 
13250045,-8.829999923706055 
13260045,-8.600000381469727 
13270045,-9.069999694824219 
13280045,-8.710000038146973 
13290045,-8.649999618530273 
13300045,-8.819999694824219 
13310045,-8.579999923706055 
13320045,-8.5 
13330045,-8.729999542236328 
13340045,-8.779999732971191 
13350045,-8.609999656677246 
13360045,-8.670000076293945 
13370045,-8.640000343322754 
13380045,-8.699999809265137 
13390045,-8.680000305175781 
13400045,-8.539999961853027 
13410045,-8.800000190734863 
13420045,-8.59000015258789 
13430045,-8.670000076293945 
13440045,-8.890000343322754 
13450045,-8.649999618530273 
13460045,-8.869999885559082 
13470045,-8.829999923706055 
13480045,-8.630000114440918 
13490045,-8.75 
13500045,-8.699999809265137 
13510045,-8.75 
13520045,-8.779999732971191 
13530045,-8.720000267028809 
13540045,-8.90999984741211 
13550045,-8.479999542236328 
13560045,-8.6899995803833 
13570045,-8.819999694824219 
13580045,-8.550000190734863 
13590045,-8.619999885559082 
13600045,-8.619999885559082 
13610045,-8.819999694824219 
13620045,-8.470000267028809 
13630045,-8.699999809265137 
13640045,-8.789999961853027 
13650045,-8.619999885559082 
13660045,-8.770000457763672 
13670045,-8.789999961853027 
13680045,-8.859999656677246 
13690045,-8.859999656677246 
13700045,-8.789999961853027 
13710045,-8.819999694824219 
13720045,-8.75 
13730045,-8.789999961853027 
13740045,-8.859999656677246 
13750038,-8.625999450683594 
13760038,-8.789999961853027 
13770038,-8.630000114440918 
13780038,-8.489999771118164 
13790038,-8.979999542236328 
13800038,-8.90999984741211 
13810038,-8.680000305175781 
13820038,-8.850000381469727 
13830038,-8.75 
13840038,-8.970000267028809 
13850038,-8.760000228881836 
13860038,-8.550000190734863 
13870038,-8.720000267028809 
13880038,-8.579999923706055 
13890038,-8.770000457763672 
13900038,-8.760000228881836 
13910026,-8.935999870300293 
13920026,-8.569999694824219 
13930026,-8.770000457763672 
13940026,-8.829999923706055 
13950026,-8.859999656677246 
13960026,-8.829999923706055 
13970026,-8.800000190734863 
13980026,-8.710000038146973 
13990026,-8.550000190734863 
14000026,-8.720000267028809 
14010012,-8.819999694824219 
14020012,-8.59000015258789 
14030042,-8.449999809265137 
14040042,-8.75 
14050042,-8.729999542236328 
14060040,-8.6899995803833 
14070040,-8.699999809265137 
14080040,-8.649999618530273 
14090040,-8.9399995803833 
14100040,-8.579999923706055 
14110040,-8.640000343322754 
14120040,-8.930000305175781 
14130040,-8.720000267028809 
14140040,-8.65999984741211 
14150040,-8.609999656677246 
14160040,-8.630000114440918 
14170040,-8.75 
14180040,-8.520000457763672 
14190040,-8.619999885559082 
14200040,-8.579999923706055 
14210040,-8.739999771118164 
14220040,-8.640000343322754 
14230040,-8.720000267028809 
14240040,-8.729999542236328 
14250040,-8.8100004196167 
14260040,-8.729999542236328 
14270040,-8.699999809265137 
14280040,-8.859999656677246 
14290040,-8.729999542236328 
14300040,-8.670000076293945 
14310040,-8.779999732971191 
14320040,-8.789999961853027 
14330040,-8.670000076293945 
14340040,-8.84000015258789 
14350040,-8.75 
14360040,-8.859999656677246 
14370039,-8.628000259399414 
14380039,-8.680000305175781 
14390039,-8.729999542236328 
14400039,-8.819999694824219 
14410039,-8.920000076293945 
14420039,-9.050000190734863 
14430039,-8.84000015258789 
14440039,-8.65999984741211 
14450039,-8.649999618530273 
14460039,-8.760000228881836 
14470023,-8.579999923706055 
14480023,-8.890000343322754 
14490023,-8.819999694824219 
14500023,-8.729999542236328 
14510023,-8.760000228881836 
14520023,-8.800000190734863 
14530023,-8.729999542236328 
14540023,-8.930000305175781 
14550023,-8.880000114440918 
14560017,-8.838000297546387 
14570017,-8.729999542236328 
14580017,-8.670000076293945 
14590017,-8.789999961853027 
14600017,-8.829999923706055 
14610017,-8.850000381469727 
14620017,-8.930000305175781 
14630017,-8.829999923706055 
14640017,-8.770000457763672 
14650017,-8.6899995803833 
14660010,-8.595999717712402 
14670010,-8.470000267028809 
14680010,-8.609999656677246 
14690010,-8.760000228881836 
14700010,-8.699999809265137 
14710010,-8.850000381469727 
14720010,-8.829999923706055 
14730010,-8.800000190734863 
14740010,-8.8100004196167 
14750010,-8.8100004196167 
14760010,-8.600000381469727 
14770010,-8.729999542236328 
14780010,-8.680000305175781 
14790010,-8.819999694824219 
14800010,-8.699999809265137 
14810010,-8.699999809265137 
14820010,-8.649999618530273 
14830010,-8.720000267028809 
14840010,-8.989999771118164 
14850010,-8.710000038146973 
14860010,-8.890000343322754 
14870010,-8.899999618530273 
14880010,-8.960000038146973 
14890010,-8.829999923706055 
14900010,-8.529999732971191 
14910010,-8.720000267028809 
14920010,-8.40999984741211 
14930010,-8.75 
14940010,-8.600000381469727 
14950010,-8.880000114440918 
14960010,-8.40999984741211 
14970010,-8.550000190734863 
14980000,-8.6899995803833 
14990000,-8.8100004196167 
15000026,-8.742000579833984 
15010026,-8.680000305175781 
15020026,-8.6899995803833 
15030026,-8.40999984741211 
15040026,-8.550000190734863 
15050026,-8.579999923706055 
15060026,-8.710000038146973 
15070026,-8.850000381469727 
15080026,-8.890000343322754 
15090018,-8.754000663757324 
15100018,-8.920000076293945 
15110018,-8.890000343322754 
15120018,-8.699999809265137 
15130018,-8.520000457763672 
15140018,-8.859999656677246 
15150018,-8.710000038146973 
15160018,-8.789999961853027 
15170018,-8.619999885559082 
15180018,-8.789999961853027 
15190018,-8.8100004196167 
15200018,-8.619999885559082 
15210018,-8.779999732971191 
15220018,-8.600000381469727 
15230018,-8.699999809265137 
15240018,-8.819999694824219 
15250018,-8.670000076293945 
15260018,-8.65999984741211 
15270018,-8.850000381469727 
15280018,-8.569999694824219 
15290004,-8.637999534606934 
15300004,-8.680000305175781 
15310004,-8.869999885559082 
15320004,-8.670000076293945 
15330004,-8.869999885559082 
15340004,-8.680000305175781 
15350004,-8.729999542236328 
15360004,-8.65999984741211 
15370004,-8.84000015258789 
15380004,-8.539999961853027 
15390004,-8.880000114440918 
15400004,-8.600000381469727 
15410004,-8.84000015258789 
15420004,-8.649999618530273 
15430004,-8.720000267028809 
15440004,-9.079999923706055 
15450004,-8.760000228881836 
15460004,-8.770000457763672 
15470034,-8.979999542236328 
15480034,-8.760000228881836 
15490031,-8.633999824523926 
15500031,-8.850000381469727 
15510031,-8.84000015258789 
15520031,-8.84000015258789 
15530031,-8.84000015258789 
15540031,-8.600000381469727 
15550031,-8.699999809265137 
15560031,-8.819999694824219 
15570031,-8.710000038146973 
15580031,-8.869999885559082 
15590031,-8.819999694824219 
15600022,-8.572000503540039 
15610022,-8.850000381469727 
15620022,-8.779999732971191 
15630022,-8.729999542236328 
15640022,-8.609999656677246 
15650022,-8.630000114440918 
15660022,-8.760000228881836 
15670040,-8.696000099182129 
15680040,-8.729999542236328 
15690040,-8.579999923706055 
15700040,-8.869999885559082 
15710040,-8.829999923706055 
15720040,-8.850000381469727 
15730028,-8.619999885559082 
15740028,-8.859999656677246 
15750028,-8.569999694824219 
15760028,-8.850000381469727 
15770028,-8.680000305175781 
15780028,-8.6899995803833 
15790028,-8.880000114440918 
15800028,-8.670000076293945 
15810028,-8.649999618530273 
15820028,-8.890000343322754 
15830028,-8.850000381469727 
15840028,-8.979999542236328 
15850028,-8.649999618530273 
15860028,-8.630000114440918 
15870028,-8.800000190734863 
15880028,-8.6899995803833 
15890028,-8.90999984741211 
15900020,-8.694000244140625 
15910020,-8.739999771118164 
15920020,-8.649999618530273 
15930020,-8.720000267028809 
15940044,-8.850000381469727 
15950044,-8.5600004196167 
15960044,-8.949999809265137 
15970044,-8.930000305175781 
15980044,-8.640000343322754 
15990044,-8.75 
16000044,-8.739999771118164 
16010044,-8.989999771118164 
16020044,-8.90999984741211 
16030044,-8.779999732971191 
16040044,-8.84000015258789 
16050044,-8.75 
16060044,-8.920000076293945 
16070044,-8.979999542236328 
16080044,-8.729999542236328 
16090044,-8.869999885559082 
16100044,-8.6899995803833 
16110044,-8.819999694824219 
16120044,-8.819999694824219 
16130044,-8.729999542236328 
16140044,-8.8100004196167 
16150044,-8.8100004196167 
16160044,-8.710000038146973 
16170044,-8.949999809265137 
16180044,-8.770000457763672 
16190044,-8.890000343322754 
16200044,-8.890000343322754 
16210044,-8.8100004196167 
16220034,-8.430000305175781 
16230034,-8.649999618530273 
16240034,-8.880000114440918 
16250021,-8.920000076293945 
16260021,-8.680000305175781 
16270021,-8.770000457763672 
16280021,-8.84000015258789 
16290021,-8.579999923706055 
16300007,-8.621999740600586 
16310007,-8.9399995803833 
16320007,-8.699999809265137 
16330007,-8.789999961853027 
16340007,-8.779999732971191 
16350007,-8.680000305175781 
16360007,-8.84000015258789 
16370007,-8.789999961853027 
16380007,-8.8100004196167 
16390007,-8.600000381469727 
16400007,-8.779999732971191 
16410007,-8.859999656677246 
16420007,-8.710000038146973 
16430007,-8.720000267028809 
16440007,-8.739999771118164 
16450007,-8.789999961853027 
16460007,-8.9399995803833 
16470007,-8.720000267028809 
16480007,-8.84000015258789 
16490007,-8.75 
16500007,-8.850000381469727 
16510007,-8.75 
16520007,-8.880000114440918 
16530007,-8.670000076293945 
16540007,-8.949999809265137 
16550007,-8.880000114440918 
16560007,-8.819999694824219 
16570007,-8.729999542236328 
16580007,-8.9399995803833 
16590007,-8.930000305175781 
16600007,-8.550000190734863 
16610007,-8.829999923706055 
16620007,-8.65999984741211 
16630007,-8.59000015258789 
16640007,-8.760000228881836 
16650007,-8.760000228881836 
16660007,-9.010000228881836 
16670007,-8.760000228881836 
16680007,-8.579999923706055 
16690007,-8.65999984741211 
16700007,-8.850000381469727 
16710007,-8.859999656677246 
16720007,-8.739999771118164 
16730007,-8.789999961853027 
16740003,-8.699999809265137 
16750003,-8.579999923706055 
16760003,-8.779999732971191 
16770003,-8.930000305175781 
16780003,-8.729999542236328 
16790003,-8.670000076293945 
16800003,-8.699999809265137 
16810003,-8.720000267028809 
16820028,-8.880000114440918 
16830028,-8.520000457763672 
16840028,-8.8100004196167 
16850028,-8.75 
16860021,-8.789999961853027 
16870021,-8.84000015258789 
16880021,-8.8100004196167 
16890047,-8.989999771118164 
16900047,-8.829999923706055 
16910047,-8.739999771118164 
16920047,-8.729999542236328 
16930047,-8.819999694824219 
16940047,-9.140000343322754 
16950047,-8.779999732971191 
16960047,-8.640000343322754 
16970047,-8.739999771118164 
16980047,-8.6899995803833 
16990047,-8.890000343322754 
17000047,-8.699999809265137 
17010047,-8.680000305175781 
17020047,-8.800000190734863 
17030043,-8.850000381469727 
17040017,-8.680000305175781 
17050017,-8.930000305175781 
17060017,-8.670000076293945 
17070017,-8.869999885559082 
17080017,-9.029999732971191 
17090017,-8.859999656677246 
17100017,-8.600000381469727 
17110017,-8.739999771118164 
17120017,-8.859999656677246 
17130017,-8.90999984741211 
17140017,-8.619999885559082 
17150017,-8.600000381469727 
17160017,-8.359999656677246 
17170017,-8.789999961853027 
17180017,-8.979999542236328 
17190017,-8.6899995803833 
17200017,-8.779999732971191 
17210017,-8.859999656677246 
17220017,-8.770000457763672 
17230017,-8.829999923706055 
17240017,-8.529999732971191 
17250017,-8.75 
17260017,-8.729999542236328 
17270017,-8.739999771118164 
17280017,-8.460000038146973 
17290017,-8.550000190734863 
17300017,-8.65999984741211 
17310017,-8.710000038146973 
17320017,-8.630000114440918 
17330017,-8.619999885559082 
17340017,-8.800000190734863 
17350017,-8.829999923706055 
17360010,-8.795999526977539 
17370005,-8.90999984741211 
17380036,-8.331999778747559 
17390036,-8.710000038146973 
17400036,-8.770000457763672 
17410036,-8.539999961853027 
17420036,-8.760000228881836 
17430036,-8.710000038146973 
17440036,-8.609999656677246 
17450036,-8.5 
17460036,-8.789999961853027 
17470036,-8.600000381469727 
17480036,-8.8100004196167 
17490025,-8.569999694824219 
17500025,-8.630000114440918 
17510025,-8.739999771118164 
17520025,-8.670000076293945 
17530025,-8.609999656677246 
17540025,-8.40999984741211 
17550025,-8.960000038146973 
17560025,-9.020000457763672 
17570025,-8.59000015258789 
17580025,-8.880000114440918 
17590025,-8.619999885559082 
17600017,-8.77400016784668 
17610017,-8.899999618530273 
17620017,-8.84000015258789 
17630017,-8.699999809265137 
17640017,-8.8100004196167 
17650017,-8.90999984741211 
17660017,-8.6899995803833 
17670017,-8.800000190734863 
17680017,-8.819999694824219 
17690017,-8.670000076293945 
17700017,-8.770000457763672 
17710017,-8.609999656677246 
17720017,-8.619999885559082 
17730017,-8.680000305175781 
17740017,-8.930000305175781 
17750032,-8.90999984741211 
17760032,-8.869999885559082 
17770032,-8.710000038146973 
17780032,-8.739999771118164 
17790032,-8.869999885559082 
17800032,-8.760000228881836 
17810032,-8.739999771118164 
17820032,-8.779999732971191 
17830012,-8.829999923706055 
17840012,-8.8100004196167 
17850012,-8.670000076293945 
17860012,-8.680000305175781 
17870012,-8.649999618530273 
17880012,-8.859999656677246 
17890012,-8.59000015258789 
17900012,-8.75 
17910044,-8.584000587463379 
17920044,-8.720000267028809 
17930044,-8.829999923706055 
17940044,-8.680000305175781 
17950044,-8.6899995803833 
17960034,-8.5600004196167 
17970034,-8.680000305175781 
17980034,-8.720000267028809 
17990034,-8.8100004196167 
18000034,-8.960000038146973 
18010034,-9.0 
18020034,-8.779999732971191 
18030034,-8.859999656677246 
18040034,-8.760000228881836 
18050034,-8.670000076293945 
18060034,-8.699999809265137 
18070034,-8.649999618530273 
18080020,-8.85200023651123 
18090019,-8.899999618530273 
18100019,-8.579999923706055 
18110044,-8.550000190734863 
18120018,-8.378000259399414 
18130018,-8.720000267028809 
18140047,-8.57800006866455 
18150047,-8.710000038146973 
18160047,-8.920000076293945 
18170034,-8.874000549316406 
18180034,-8.850000381469727 
18190034,-8.619999885559082 
18200034,-8.65999984741211 
18210034,-8.600000381469727 
18220034,-8.680000305175781 
18230026,-8.633999824523926 
18240026,-8.859999656677246 
18250026,-8.6899995803833 
18260026,-8.670000076293945 
18270026,-8.899999618530273 
18280026,-8.90999984741211 
18290026,-8.819999694824219 
18300026,-8.699999809265137 
18310026,-8.949999809265137 
18320026,-8.579999923706055 
18330026,-8.899999618530273 
18340010,-8.699999809265137 
18350010,-8.5600004196167 
18360010,-9.0600004196167 
18370010,-8.720000267028809 
18380010,-8.699999809265137 
18390010,-8.760000228881836 
18400045,-8.6899995803833 
18410045,-8.829999923706055 
18420045,-8.890000343322754 
18430045,-8.850000381469727 
18440045,-8.890000343322754 
18450045,-8.75 
18460045,-8.729999542236328 
18470045,-8.920000076293945 
18480045,-8.8100004196167 
18490045,-8.8100004196167 
18500045,-8.75 
18510045,-8.670000076293945 
18520045,-8.760000228881836 
18530045,-8.75 
18540045,-8.670000076293945 
18550045,-8.630000114440918 
18560045,-8.680000305175781 
18570019,-8.54800033569336 
18580019,-8.670000076293945 
18590019,-8.470000267028809 
18600019,-8.6899995803833 
18610019,-8.630000114440918 
18620014,-9.010000228881836 
18630014,-8.75 
18640014,-9.069999694824219 
18650014,-8.710000038146973 
18660009,-8.619999885559082 
18670009,-8.520000457763672 
18680009,-8.880000114440918 
18690009,-8.729999542236328 
18700009,-8.800000190734863 
18710005,-8.76200008392334 
18720005,-8.630000114440918 
18730005,-8.920000076293945 
18740005,-8.670000076293945 
18750005,-8.75 
18760005,-8.619999885559082 
18770005,-8.850000381469727 
18780005,-8.819999694824219 
18790005,-8.630000114440918 
18800005,-8.979999542236328 
18810005,-8.75 
18820005,-8.800000190734863 
18830005,-8.65999984741211 
18840040,-8.760000228881836 
18850040,-8.850000381469727 
18860040,-8.720000267028809 
18870040,-8.680000305175781 
18880040,-8.75 
18890040,-8.84000015258789 
18900040,-8.649999618530273 
18910040,-8.84000015258789 
18920040,-8.970000267028809 
18930040,-8.869999885559082 
18940040,-8.729999542236328 
18950040,-8.710000038146973 
18960040,-8.770000457763672 
18970040,-8.880000114440918 
18980040,-8.640000343322754 
18990040,-8.960000038146973 
19000040,-8.789999961853027 
19010040,-8.770000457763672 
19020040,-8.800000190734863 
19030021,-8.640000343322754 
19040021,-8.989999771118164 
19050021,-8.789999961853027 
19060021,-8.739999771118164 
19070021,-8.850000381469727 
19080021,-8.609999656677246 
19090021,-8.9399995803833 
19100021,-8.800000190734863 
19110021,-8.859999656677246 
19120021,-8.850000381469727 
19130021,-8.680000305175781 
19140046,-8.640000343322754 
19150046,-8.859999656677246 
19160046,-8.800000190734863 
19170035,-8.777999877929688 
19180035,-8.699999809265137 
19190035,-8.949999809265137 
19200035,-8.739999771118164 
19210035,-8.770000457763672 
19220035,-8.84000015258789 
19230035,-8.779999732971191 
19240035,-8.710000038146973 
19250035,-8.949999809265137 
19260035,-8.930000305175781 
19270000,-8.75 
19280000,-8.6899995803833 
19290000,-8.729999542236328 
19300000,-8.979999542236328 
19310000,-9.079999923706055 
19320000,-8.710000038146973 
19330000,-8.859999656677246 
19340000,-8.8100004196167 
19350000,-8.850000381469727 
19360000,-8.609999656677246 
19370000,-8.619999885559082 
19380000,-8.930000305175781 
19390000,-8.539999961853027 
19400000,-8.9399995803833 
19410000,-8.569999694824219 
19420000,-8.649999618530273 
19430000,-8.770000457763672 
19440000,-8.729999542236328 
19450000,-8.829999923706055 
19460000,-8.720000267028809 
19470000,-8.850000381469727 
19480000,-8.579999923706055 
19490000,-8.739999771118164 
19500000,-8.569999694824219 
19510000,-8.779999732971191 
19520000,-8.869999885559082 
19530047,-8.789999961853027 
19540047,-9.0 
19550047,-8.720000267028809 
19560035,-8.835999488830566 
19570035,-8.619999885559082 
19580035,-8.75 
19590035,-8.789999961853027 
19600035,-8.600000381469727 
19610035,-8.739999771118164 
19620035,-8.84000015258789 
19630030,-8.84000015258789 
19640030,-8.760000228881836 
19650030,-8.600000381469727 
19660030,-8.59000015258789 
19670030,-8.770000457763672 
19680030,-8.979999542236328 
19690030,-8.640000343322754 
19700030,-8.380000114440918 
19710030,-8.680000305175781 
19720030,-8.979999542236328 
19730015,-8.770000457763672 
19740015,-8.770000457763672 
19750015,-8.779999732971191 
19760015,-8.649999618530273 
19770007,-8.680000305175781 
19780007,-8.829999923706055 
19790007,-8.649999618530273 
19800007,-8.649999618530273 
19810007,-8.880000114440918 
19820007,-8.630000114440918 
19830007,-8.720000267028809 
19840007,-8.670000076293945 
19850005,-8.63599967956543 
19860005,-8.800000190734863 
19870005,-8.449999809265137 
19880005,-8.619999885559082 
19890005,-8.59000015258789 
19900005,-8.680000305175781 
19910005,-8.859999656677246 
19920005,-8.649999618530273 
19930005,-8.550000190734863 
19940005,-8.819999694824219 
19950005,-8.930000305175781 
19960005,-8.75 
19970005,-8.84000015258789 
19980026,-8.699999809265137 
19990026,-8.710000038146973 
20000013,-8.800000190734863 
20010013,-8.619999885559082 
20020013,-8.600000381469727 
20030013,-8.680000305175781 
20040013,-8.739999771118164 
20050046,-8.545999526977539 
20060046,-8.779999732971191 
20070046,-8.869999885559082 
20080046,-8.869999885559082 
20090046,-8.699999809265137 
20100046,-8.779999732971191 
20110046,-8.829999923706055 
20120046,-8.529999732971191 
20130046,-8.6899995803833 
20140046,-8.710000038146973 
20150046,-8.640000343322754 
20160046,-8.930000305175781 
20170046,-8.680000305175781 
20180046,-8.739999771118164 
20190041,-8.699999809265137 
20200034,-8.906000137329102 
20210034,-8.850000381469727 
20220034,-8.829999923706055 
20230034,-8.710000038146973 
20240018,-8.680000305175781 
20250018,-8.850000381469727 
20260018,-8.880000114440918 
20270018,-8.609999656677246 
20280018,-8.619999885559082 
20290018,-8.930000305175781 
20300014,-8.652000427246094 
20310014,-8.779999732971191 
20320014,-8.4399995803833 
20330010,-8.609999656677246 
20340010,-8.869999885559082 
20350010,-8.890000343322754 
20360033,-8.745999336242676 
20370033,-8.800000190734863 
20380033,-8.699999809265137 
20390033,-8.729999542236328 
20400033,-8.739999771118164 
20410033,-8.739999771118164 
20420033,-8.890000343322754 
20430033,-8.600000381469727 
20440033,-8.510000228881836 
20450033,-8.890000343322754 
20460033,-8.75 
20470033,-8.789999961853027 
20480020,-8.850000381469727 
20490020,-8.760000228881836 
20500020,-8.670000076293945 
20510020,-8.649999618530273 
20520020,-8.619999885559082 
20530020,-8.670000076293945 
20540020,-8.760000228881836 
20550020,-8.8100004196167 
20560020,-8.829999923706055 
20570020,-8.949999809265137 
20580020,-8.800000190734863 
20590020,-8.84000015258789 
20600020,-8.760000228881836 
20610020,-8.649999618530273 
20620020,-8.729999542236328 
20630020,-8.930000305175781 
20640020,-8.680000305175781 
20650020,-8.899999618530273 
20660020,-8.859999656677246 
20670020,-8.800000190734863 
20680020,-8.5 
20690020,-8.779999732971191 
20700020,-8.710000038146973 
20710007,-8.979999542236328 
20720007,-8.670000076293945 
20730007,-8.670000076293945 
20740007,-8.520000457763672 
20750007,-8.739999771118164 
20760007,-8.539999961853027 
20770007,-8.819999694824219 
20780007,-8.760000228881836 
20790005,-8.699999809265137 
20800005,-8.550000190734863 
20810005,-8.829999923706055 
20820005,-8.800000190734863 
20830005,-8.710000038146973 
20840005,-8.640000343322754 
20850005,-8.699999809265137 
20860005,-8.539999961853027 
20870049,-8.618000030517578 
20880049,-8.989999771118164 
20890049,-8.819999694824219 
20900049,-8.5600004196167 
20910049,-8.710000038146973 
20920049,-8.890000343322754 
20930049,-8.710000038146973 
20940049,-8.90999984741211 
20950031,-8.584000587463379 
20960031,-8.710000038146973 
20970031,-8.520000457763672 
20980020,-8.79800033569336 
20990020,-8.670000076293945 
21000020,-8.760000228881836 
21010020,-8.760000228881836 
21020020,-8.84000015258789 
21030008,-8.63599967956543 
21040008,-9.020000457763672 
21050008,-8.869999885559082 
21060008,-8.739999771118164 
21070008,-8.800000190734863 
21080008,-8.920000076293945 
21090008,-8.899999618530273 
21100008,-8.850000381469727 
21110048,-8.460000038146973 
21120042,-8.84000015258789 
21130042,-8.789999961853027 
21140042,-8.649999618530273 
21150029,-8.869999885559082 
21160029,-8.710000038146973 
21170029,-8.720000267028809 
21180029,-8.84000015258789 
21190029,-8.859999656677246 
21200029,-8.770000457763672 
21210029,-8.819999694824219 
21220029,-8.850000381469727 
21230029,-8.800000190734863 
21240023,-8.720000267028809 
21250023,-8.770000457763672 
21260023,-8.800000190734863 
21270023,-8.84000015258789 
21280023,-8.75 
21290023,-8.890000343322754 
21300023,-8.949999809265137 
21310023,-8.710000038146973 
21320023,-8.899999618530273 
21330018,-8.619999885559082 
21340018,-8.619999885559082 
21350018,-8.739999771118164 
21360018,-8.729999542236328 
21370018,-8.869999885559082 
21380018,-8.890000343322754 
21390018,-8.770000457763672 
21400018,-8.819999694824219 
21410018,-8.90999984741211 
21420001,-8.755999565124512 
21430001,-8.920000076293945 
21440001,-8.720000267028809 
21450001,-8.84000015258789 
21460032,-8.722000122070312 
21470032,-8.789999961853027 
21480032,-8.619999885559082 
21490032,-8.84000015258789 
21500032,-8.779999732971191 
21510032,-8.649999618530273 
