10000,-19.415 
20000,-19.33 
30000,-19.305 
40000,-19.24 
50000,-19.17 
60000,-19.155 
70000,-19.17 
80000,-19.0 
90000,-19.115 
100000,-19.015 
110000,-18.89 
120000,-18.91 
130000,-18.945 
140000,-18.88 
150000,-18.97 
160000,-18.715 
170000,-18.775 
180000,-18.755 
190000,-18.66 
200000,-18.615 
210000,-18.755 
220000,-18.765 
230000,-18.725 
240000,-18.8 
250000,-18.66 
260000,-18.75 
270000,-18.815 
280000,-18.64 
290000,-18.685 
300000,-18.555 
310000,-18.785 
320000,-18.65 
330000,-18.605 
340000,-18.655 
350000,-18.435 
360000,-18.675 
370000,-18.635 
380000,-18.58 
390000,-18.525 
400000,-18.435 
410000,-18.555 
420000,-18.71 
430000,-18.4 
440000,-18.475 
450000,-18.425 
460000,-18.51 
470000,-18.51 
480000,-18.455 
490000,-18.29 
500000,-18.35 
510000,-18.305 
520000,-18.225 
530000,-18.415 
540000,-18.285 
550000,-18.415 
560000,-18.295 
570000,-18.21 
580000,-18.38 
590000,-18.285 
600000,-18.225 
610000,-18.06 
620000,-18.02 
630000,-18.19 
640000,-18.065 
650000,-18.33 
660000,-17.85 
670000,-18.075 
680000,-18.075 
690000,-17.92 
700000,-17.685 
710000,-17.93 
720000,-17.775 
730000,-17.995 
740000,-17.72 
750000,-17.74 
760000,-17.785 
770000,-17.635 
780000,-17.675 
790000,-17.695 
800000,-17.745 
810000,-17.610000000000003 
820000,-17.78 
830000,-17.590000000000003 
840000,-17.605000000000004 
850000,-17.395000000000003 
860000,-17.525000000000002 
870000,-17.560000000000002 
880000,-17.585 
890000,-17.555 
900000,-17.400000000000002 
910000,-17.455000000000005 
920000,-17.510000000000005 
930000,-17.56 
940000,-17.4 
950000,-17.245 
960000,-17.440000000000005 
970000,-17.365000000000006 
980000,-17.455000000000005 
990000,-17.39 
1000000,-17.450000000000003 
1010000,-17.385 
1020000,-17.395000000000003 
1030000,-17.190000000000005 
1040000,-17.255000000000003 
1050000,-17.335 
1060000,-17.135000000000005 
1070000,-17.155000000000005 
1080000,-17.280000000000005 
1090000,-17.245000000000005 
1100000,-17.220000000000006 
1110000,-17.275000000000006 
1120000,-17.190000000000005 
1130000,-17.175000000000004 
1140000,-17.140000000000004 
1150000,-17.305000000000003 
1160000,-17.245000000000005 
1170000,-17.300000000000004 
1180000,-17.325000000000003 
1190000,-17.145000000000003 
1200000,-17.235000000000003 
1210000,-17.120000000000005 
1220000,-17.130000000000006 
1230000,-16.970000000000006 
1240000,-17.020000000000003 
1250000,-17.115000000000006 
1260000,-17.150000000000006 
1270000,-16.995000000000005 
1280000,-16.985000000000003 
1290000,-17.120000000000005 
1300000,-17.005000000000006 
1310000,-17.100000000000005 
1320000,-17.195000000000004 
1330000,-16.985000000000003 
1340000,-17.105000000000004 
1350000,-16.785000000000004 
1360000,-17.005000000000006 
1370000,-16.870000000000005 
1380000,-17.085000000000004 
1390000,-16.890000000000004 
1400000,-16.820000000000004 
1410000,-17.080000000000005 
1420000,-17.085000000000004 
1430000,-16.935000000000006 
1440000,-16.990000000000006 
1450000,-16.815000000000005 
1460000,-16.860000000000003 
1470000,-16.800000000000004 
1480000,-16.725000000000005 
1490000,-16.710000000000004 
1500000,-16.810000000000006 
1510000,-16.805000000000003 
1520000,-16.605000000000004 
1530000,-16.825000000000003 
1540000,-16.720000000000006 
1550000,-16.720000000000006 
1560000,-16.575000000000003 
1570000,-16.665000000000006 
1580000,-16.385000000000005 
1590000,-16.615000000000006 
1600000,-16.525000000000006 
1610000,-16.550000000000004 
1620000,-16.415000000000006 
1630000,-16.575000000000003 
1640000,-16.370000000000005 
1650000,-16.150000000000006 
1660000,-16.320000000000004 
1670000,-16.070000000000004 
1680000,-16.095000000000006 
1690000,-16.150000000000006 
1700000,-16.045000000000005 
1710047,-15.969154228855727 
1720047,-15.910000000000004 
1730047,-15.815000000000005 
1740047,-15.855000000000004 
1750047,-15.735000000000005 
1760047,-15.785000000000004 
1770047,-15.735000000000005 
1780047,-15.840000000000005 
1790047,-15.760000000000005 
1800047,-15.545000000000005 
1810047,-15.815000000000005 
1820047,-15.680000000000005 
1830047,-15.745000000000005 
1840047,-15.765000000000004 
1850047,-15.830000000000005 
1860047,-15.810000000000004 
1870047,-15.785000000000004 
1880047,-15.705000000000005 
1890047,-15.845000000000004 
1900047,-15.650000000000004 
1910047,-15.800000000000004 
1920047,-15.840000000000005 
1930047,-15.680000000000005 
1940047,-15.700000000000005 
1950047,-15.900000000000004 
1960047,-15.685000000000004 
1970047,-15.640000000000004 
1980047,-15.480000000000004 
1990047,-15.555000000000005 
2000047,-15.800000000000004 
2010027,-15.420000000000005 
2020027,-15.535000000000004 
2030027,-15.615000000000004 
2040027,-15.575000000000005 
2050027,-15.480000000000004 
2060027,-15.565000000000005 
2070027,-15.455000000000005 
2080027,-15.545000000000005 
2090027,-15.750000000000005 
2100027,-15.540000000000004 
2110027,-15.460000000000004 
2120017,-15.395000000000005 
2130017,-15.485000000000005 
2140017,-15.520000000000005 
2150047,-15.363184079601995 
2160035,-15.396000000000004 
2170035,-15.390000000000004 
2180035,-15.555000000000005 
2190035,-15.485000000000005 
2200016,-15.282000000000005 
2210016,-15.530000000000005 
2220016,-15.490000000000004 
2230016,-15.435000000000004 
2240016,-15.390000000000004 
2250049,-15.448756218905476 
2260049,-15.650000000000004 
2270049,-15.130000000000004 
2280049,-15.290000000000006 
2290036,-15.334000000000005 
2300018,-15.299000000000005 
2310018,-15.415000000000004 
2320018,-15.410000000000004 
2330038,-15.273631840796025 
2340011,-15.411000000000003 
2350003,-15.269000000000005 
2360033,-15.412935323383088 
2370026,-15.181000000000004 
2380026,-15.385000000000005 
2390026,-15.285000000000004 
2400026,-15.240000000000004 
2410026,-15.170000000000005 
2420026,-15.310000000000004 
2430026,-15.515000000000004 
2440026,-15.430000000000005 
2450026,-15.300000000000004 
2460026,-15.270000000000005 
2470026,-15.375000000000005 
2480026,-15.235000000000005 
2490026,-15.400000000000004 
2500007,-15.167000000000005 
2510001,-15.123000000000006 
2520041,-15.21393034825871 
2530041,-15.385000000000005 
2540033,-15.404000000000005 
2550026,-15.271000000000004 
2560005,-15.403000000000006 
2570046,-15.340298507462691 
2580046,-15.385000000000005 
2590030,-15.293000000000006 
2600030,-15.405000000000005 
2610012,-15.269000000000005 
2620012,-15.225000000000005 
2630012,-15.400000000000004 
2640012,-15.265000000000004 
2650012,-15.350000000000005 
2660012,-15.295000000000005 
2670044,-15.461691542288563 
2680044,-15.365000000000004 
2690020,-15.342000000000008 
2700049,-15.326368159203987 
2710036,-15.319000000000006 
2720036,-15.425000000000006 
2730036,-15.410000000000004 
2740036,-15.400000000000004 
2750036,-15.410000000000007 
2760035,-15.283000000000007 
2770032,-15.304000000000006 
2780032,-15.490000000000004 
2790022,-15.170000000000005 
2800019,-15.242786069651746 
2810032,-15.309452736318415 
2820026,-15.463000000000005 
2830021,-15.340000000000005 
2840021,-15.375000000000005 
2850000,-15.098000000000006 
2860000,-15.420000000000007 
2870027,-15.262686567164184 
2880014,-15.184000000000005 
2890012,-15.306000000000004 
2900045,-15.050746268656724 
2910045,-15.355000000000004 
2920045,-15.320000000000004 
2930027,-14.949000000000005 
2940020,-15.171000000000003 
2950020,-15.225000000000005 
2960020,-15.280000000000005 
2970001,-15.037000000000004 
2980043,-15.058706467661697 
2990022,-15.053000000000006 
3000003,-15.192000000000005 
3010045,-15.173134328358215 
3020014,-14.918000000000006 
3030038,-14.883582089552245 
3040009,-14.862000000000005 
3050009,-14.98000000000001 
3060009,-15.170000000000005 
3070024,-14.845771144278611 
3080020,-15.082000000000008 
3090013,-14.846000000000004 
3100040,-15.043781094527368 
3110036,-14.71840796019901 
3120022,-14.882000000000005 
3130045,-14.881592039801 
3140010,-14.695000000000007 
3150010,-15.060000000000004 
3160006,-14.907000000000007 
3170006,-14.925000000000004 
3180039,-15.110447761194036 
3190014,-14.770000000000005 
3200046,-14.984079601990056 
3210046,-14.945000000000007 
3220046,-14.850000000000005 
3230037,-14.807000000000006 
3240037,-14.690000000000005 
3250024,-14.879000000000005 
3260002,-14.756000000000004 
3270008,-14.54427860696518 
3280049,-14.788059701492543 
3290003,-14.943000000000007 
3300004,-14.574129353233838 
3310041,-14.46435643564357 
3320035,-14.638000000000007 
3330044,-14.664676616915429 
3340013,-14.443000000000007 
3350013,-14.855000000000004 
3360036,-14.54825870646767 
3370031,-14.505000000000004 
3380023,-14.699000000000005 
3390023,-14.745000000000005 
3400015,-14.559000000000005 
3410003,-14.666000000000006 
3420042,-14.535323383084583 
3430040,-14.696000000000003 
3440040,-14.590000000000005 
3450043,-14.364179104477618 
3460021,-14.526000000000005 
3470021,-14.580000000000005 
3480029,-14.448756218905476 
3490020,-14.562000000000006 
3500020,-14.445000000000007 
3510020,-14.540000000000004 
3520025,-14.298507462686572 
3530000,-14.425000000000006 
3540026,-14.244554455445549 
3550029,-14.468656716417916 
3560016,-14.384000000000006 
3570002,-14.532000000000005 
3580029,-14.327363184079607 
3590043,-14.575124378109459 
3600043,-14.715000000000005 
3610032,-14.683000000000007 
3620002,-14.425000000000004 
3630036,-14.585074626865676 
3640049,-14.672636815920402 
3650043,-14.608000000000006 
3660043,-14.600000000000007 
3670003,-14.565000000000005 
3680026,-14.423880597014934 
3690013,-14.107920792079213 
3700022,-14.400995024875629 
3710005,-14.646000000000006 
3720008,-14.16019900497513 
3730008,-14.690000000000005 
3740008,-14.590000000000005 
3750004,-14.427000000000005 
3760043,-14.575124378109459 
3770036,-14.491000000000003 
3780017,-14.53930348258707 
3790032,-14.437810945273636 
3800032,-14.350000000000007 
3810032,-14.570000000000004 
3820023,-14.547000000000004 
3830023,-14.695000000000004 
3840019,-14.667000000000005 
3850016,-14.379000000000005 
3860010,-14.485572139303489 
3870043,-14.951243781094533 
3880039,-14.627000000000004 
3890022,-14.576000000000004 
3900003,-14.647000000000006 
3910028,-14.477611940298512 
3920028,-14.545000000000005 
3930036,-14.458706467661697 
3940001,-14.480000000000004 
3950001,-14.555000000000005 
3960001,-14.785000000000004 
3970025,-14.290099009900997 
3980046,-14.414925373134333 
3990013,-14.554000000000006 
4000044,-14.653731343283587 
4010009,-14.318407960199009 
4020022,-14.34427860696518 
4030022,-14.700000000000005 
4040022,-14.650000000000004 
4050022,-14.950000000000005 
4060022,-14.705000000000005 
4070008,-14.602000000000006 
4080034,-14.61393034825871 
4090024,-14.50248756218906 
4100008,-14.598000000000004 
4110007,-14.694527363184086 
4120032,-14.661691542288562 
4130001,-14.628000000000007 
4140038,-14.57114427860697 
4150031,-14.491000000000003 
4160027,-14.633830845771149 
4170027,-14.940000000000005 
4180024,-14.347263681592045 
4190021,-14.794000000000006 
4200003,-14.634000000000006 
4210029,-14.529353233830854 
4220000,-14.382000000000007 
4230035,-14.60199004975125 
4240035,-14.820000000000004 
4250043,-14.463681592039807 
4260022,-14.548000000000007 
4270020,-14.776000000000003 
4280005,-14.815000000000005 
4290004,-14.63980099502488 
4300034,-14.815920398009954 
4310023,-14.693000000000007 
4320000,-14.499000000000008 
4330002,-14.501492537313439 
4340009,-14.640796019900503 
4350048,-14.38109452736319 
4360046,-14.448756218905478 
4370042,-14.220895522388064 
4380040,-14.516000000000005 
4390022,-14.619000000000005 
4400036,-14.709452736318415 
4410036,-14.735000000000005 
4420030,-14.443000000000007 
4430011,-14.522000000000006 
4440011,-14.615000000000004 
4450035,-14.420895522388063 
4460000,-14.385000000000005 
4470016,-14.19601990049752 
4480036,-14.198019801980202 
4490025,-14.468000000000007 
4500048,-14.299502487562195 
4510005,-14.038805970149259 
4520008,-14.359203980099508 
4530027,-14.30149253731344 
4540033,-14.330348258706472 
4550018,-14.370000000000006 
4560005,-14.337313432835826 
4570035,-14.378109452736323 
4580037,-14.305940594059411 
4590009,-14.154000000000005 
4600008,-14.673000000000004 
4610013,-14.283582089552244 
4620013,-14.495000000000005 
4630035,-13.94455445544555 
4640010,-14.255000000000006 
4650022,-13.830693069306935 
4660000,-14.316000000000006 
4670016,-14.205970149253739 
4680047,-14.259405940594064 
4690024,-14.364000000000006 
4700015,-14.09154228855722 
4710001,-14.407000000000005 
4720037,-14.380099502487568 
4730008,-14.242000000000008 
4740008,-14.395000000000007 
4750015,-13.890099009900995 
4760023,-14.359203980099508 
4770036,-14.284577114427865 
4780024,-14.005970149253738 
4790003,-14.293000000000006 
4800003,-14.199004975124383 
4810037,-13.968316831683175 
4820008,-14.141293532338315 
4830035,-14.178109452736324 
4840031,-14.176119402985082 
4850040,-14.152238805970155 
4860019,-14.223000000000006 
4870001,-13.86534653465347 
4880034,-14.209950248756222 
4890040,-14.210945273631845 
4900030,-14.315000000000007 
4910041,-14.191044776119409 
4920032,-14.192000000000007 
4930013,-14.347000000000005 
4940023,-13.940298507462693 
4950004,-14.347000000000007 
4960020,-13.912871287128718 
4970007,-14.269000000000005 
4980034,-14.282587064676623 
4990015,-13.962189054726375 
5000033,-14.04577114427861 
5010010,-14.444000000000006 
5020028,-14.110447761194038 
5030002,-14.243000000000006 
5040010,-13.921782178217828 
5050028,-13.892079207920798 
5060000,-14.194000000000006 
5070000,-14.240000000000004 
5080002,-14.193034825870653 
5090016,-14.1223880597015 
5100019,-13.82277227722773 
5110008,-14.238000000000007 
5120043,-14.019801980198025 
5130023,-14.050000000000004 
5140022,-13.973134328358215 
5150041,-14.017910447761201 
5160044,-14.055721393034833 
5170019,-14.064676616915428 
5180003,-14.057711442786076 
5190007,-14.007960199004982 
5200010,-14.219900497512445 
5210010,-14.390000000000004 
5220000,-14.210000000000006 
5230028,-14.135323383084582 
5240049,-13.972139303482594 
5250037,-13.92178217821783 
5260014,-14.229000000000006 
5270039,-14.298507462686572 
5280004,-14.125000000000007 
5290049,-14.034482758620696 
5300008,-14.263000000000007 
5310047,-14.255445544554462 
5320029,-13.954228855721398 
5330010,-14.127000000000008 
5340006,-14.207000000000004 
5350034,-14.050746268656722 
5360018,-14.077611940298514 
5370002,-14.203000000000007 
5380006,-14.092537313432842 
5390045,-13.839603960396046 
5400030,-14.125000000000005 
5410032,-14.11840796019901 
5420004,-14.244000000000005 
5430039,-14.258706467661698 
5440023,-14.058000000000007 
5450040,-14.227860696517418 
5460020,-14.300000000000004 
5470006,-13.992039800995032 
5480036,-14.039603960396045 
5490049,-14.065671641791049 
5500034,-14.164179104477617 
5510009,-13.95024875621891 
5520035,-14.156218905472643 
5530013,-14.111000000000008 
5540006,-14.131000000000006 
5550041,-14.283582089552247 
5560012,-13.768159203980106 
5570040,-13.867326732673273 
5580040,-14.094059405940603 
5590018,-14.166000000000004 
5600024,-13.769306930693077 
5610032,-14.115422885572146 
5620038,-14.036815920398015 
5630017,-13.918407960199012 
5640010,-14.145273631840801 
5650042,-14.013930348258713 
5660017,-14.160000000000004 
5670045,-14.274626865671648 
5680045,-14.440000000000005 
5690045,-14.014925373134336 
5700041,-14.352000000000007 
5710044,-14.209950248756227 
5720009,-14.120000000000005 
5730002,-14.065671641791052 
5740018,-14.240796019900502 
5750041,-13.971287128712879 
5760038,-14.294000000000006 
5770012,-14.403000000000004 
5780031,-14.012935323383092 
5790022,-14.056716417910454 
5800013,-14.322000000000008 
5810014,-13.803960396039608 
5820027,-14.185074626865678 
5830004,-14.194000000000006 
5840026,-14.113432835820904 
5850049,-13.88217821782179 
5860040,-14.041791044776126 
5870004,-14.358000000000006 
5880032,-14.055721393034831 
5890021,-14.263000000000007 
5900010,-14.127363184079607 
5910024,-14.241791044776123 
5920003,-14.073000000000006 
5930041,-13.98109452736319 
5940038,-14.189000000000007 
5950010,-14.199000000000005 
5960010,-14.100000000000005 
5970038,-14.209950248756222 
5980021,-14.191000000000006 
5990033,-14.053731343283589 
6000028,-14.039800995024882 
6010006,-14.096000000000004 
6020025,-14.301492537313436 
6030020,-13.955223880597021 
6040026,-14.215920398009958 
6050006,-14.450000000000005 
6060002,-14.167000000000007 
6070032,-14.328358208955228 
6080032,-14.475000000000005 
6090038,-14.225870646766177 
6100027,-14.158000000000005 
6110029,-14.11840796019901 
6120020,-14.147000000000006 
6130020,-14.260000000000007 
6140045,-14.318407960199009 
6150008,-14.216000000000006 
6160000,-14.093532338308464 
6170028,-14.180099502487566 
6180046,-13.87227722772278 
6190004,-14.046000000000006 
6200042,-13.936633663366342 
6210013,-14.177000000000005 
6220013,-14.425000000000004 
6230032,-13.908910891089116 
6240002,-14.100000000000005 
6250006,-13.92835820895523 
6260027,-14.061691542288562 
6270013,-14.267000000000005 
6280004,-14.157000000000005 
6290011,-14.068656716417916 
6300048,-14.05346534653466 
6310001,-14.131000000000006 
6320048,-13.773529411764711 
6330006,-14.146000000000006 
6340011,-14.11940298507463 
6350006,-14.360000000000005 
6360049,-14.41393034825871 
6370047,-14.331000000000007 
6380028,-14.202000000000007 
6390023,-14.230000000000008 
6400020,-14.289000000000005 
6410037,-14.267661691542294 
6420021,-13.819801980198028 
6430006,-13.865671641791051 
6440042,-14.35024875621891 
6450039,-14.389000000000005 
6460039,-14.510000000000005 
6470030,-14.347000000000005 
6480008,-14.286000000000007 
6490008,-14.605000000000004 
6500002,-14.361194029850752 
6510036,-14.301492537313436 
6520018,-14.279000000000005 
6530018,-14.069651741293537 
6540002,-14.453000000000007 
6550020,-13.966336633663373 
6560040,-14.437810945273636 
6570015,-14.135000000000007 
6580023,-14.209950248756222 
6590023,-14.320000000000004 
6600046,-14.155223880597022 
6610046,-14.435000000000004 
6620042,-14.407000000000007 
6630037,-14.275000000000004 
6640003,-14.297000000000008 
6650009,-14.350248756218912 
6660043,-14.231840796019906 
6670026,-14.33432835820896 
6680040,-14.590049751243788 
6690007,-14.148258706467667 
6700004,-14.217910447761199 
6710025,-14.27562189054727 
6720044,-14.38109452736319 
6730025,-14.262000000000006 
6740026,-14.10149253731344 
6750018,-14.088557213930354 
6760041,-14.190049751243789 
6770046,-14.12437810945274 
6780039,-14.399004975124381 
6790039,-14.445000000000007 
6800035,-14.036815920398015 
6810046,-13.907462686567172 
6820006,-14.310000000000004 
6830018,-14.193034825870654 
6840034,-14.071287128712878 
6850008,-14.353000000000007 
6860020,-14.30746268656717 
6870019,-14.062686567164185 
6880039,-14.179104477611945 
6890038,-14.127363184079607 
6900001,-14.16019900497513 
6910038,-14.426865671641796 
6920011,-14.341000000000003 
6930026,-14.099009900990103 
6940042,-13.907920792079215 
6950039,-14.324000000000005 
6960009,-14.435000000000004 
6970019,-14.2089552238806 
6980031,-14.367164179104483 
6990017,-14.427000000000005 
7000036,-14.29154228855722 
7010011,-14.16500000000001 
7020042,-14.325373134328363 
7030018,-14.162000000000004 
7040034,-14.096517412935329 
7050023,-14.057711442786076 
7060024,-14.230845771144283 
7070043,-14.11741293532339 
7080043,-14.475000000000005 
7090044,-14.156218905472643 
7100008,-14.378000000000007 
7110026,-14.289552238805978 
7120048,-14.038613861386146 
7130049,-14.031840796019909 
7140040,-14.542000000000005 
7150032,-14.284000000000008 
7160008,-14.157000000000007 
7170030,-14.177227722772285 
7180044,-14.281592039801001 
7190024,-14.270000000000008 
7200024,-14.435000000000004 
7210012,-14.080597014925377 
7220038,-14.390049751243787 
7230046,-14.175124378109459 
7240046,-14.200000000000005 
7250011,-14.450000000000005 
7260041,-14.3134328358209 
7270044,-14.100497512437817 
7280015,-14.122000000000007 
7290009,-14.433000000000007 
7300009,-14.525000000000004 
7310047,-14.354228855721397 
7320012,-14.195000000000004 
7330035,-14.218811881188122 
7340027,-14.168159203980105 
7350034,-14.287562189054732 
7360021,-14.299000000000008 
7370006,-14.490000000000004 
7380006,-14.635000000000005 
7390041,-14.50248756218906 
7400002,-14.272000000000006 
7410019,-14.093069306930698 
7420048,-14.101980198019808 
7430048,-14.485000000000005 
7440031,-14.488557213930353 
7450007,-14.176119402985082 
7460023,-14.35522388059702 
7470025,-14.21293532338309 
7480040,-14.059405940594067 
7490032,-14.414000000000005 
7500000,-14.131000000000006 
7510030,-14.298507462686572 
7520027,-14.198009950248764 
7530012,-14.600000000000005 
7540045,-14.144554455445553 
7550049,-14.007920792079215 
7560042,-14.351000000000004 
7570042,-14.630000000000004 
7580025,-14.361000000000006 
7590029,-14.341293532338314 
7600049,-14.427860696517417 
7610007,-14.286000000000007 
7620019,-14.112871287128717 
7630049,-14.268656716417917 
7640008,-14.283000000000007 
7650016,-14.085572139303489 
7660038,-14.128358208955229 
7670018,-14.520000000000005 
7680043,-14.194029850746274 
7690043,-14.385000000000005 
7700013,-14.435000000000004 
7710013,-14.360000000000005 
7720013,-14.445000000000004 
7730043,-14.24378109452737 
7740025,-14.339000000000006 
7750006,-14.527000000000005 
7760025,-14.107462686567171 
7770043,-14.379104477611946 
7780040,-14.357213930348264 
7790005,-14.185000000000008 
7800048,-13.991133004926114 
7810048,-14.15000000000001 
7820041,-14.309452736318411 
7830009,-14.185074626865678 
7840026,-14.227860696517418 
7850035,-14.097029702970303 
7860015,-14.315000000000007 
7870036,-14.25572139303483 
7880007,-14.247000000000005 
7890028,-14.225870646766174 
7900027,-14.072277227722779 
7910016,-14.243000000000006 
7920019,-14.22487562189055 
7930002,-14.281000000000006 
7940001,-13.933333333333339 
7950000,-14.116831683168323 
7960039,-14.196039603960402 
7970000,-14.182000000000007 
7980031,-14.275621890547269 
7990043,-14.098507462686573 
8000046,-14.274626865671648 
8010017,-14.042000000000007 
8020017,-14.455000000000005 
8030033,-14.076237623762381 
8040026,-14.105472636815927 
8050014,-14.411000000000003 
8060014,-14.535000000000004 
8070004,-14.13432835820896 
8080045,-14.041584158415846 
8090045,-14.250000000000005 
8100023,-13.881592039801001 
8110033,-14.253731343283587 
8120018,-14.335000000000006 
8130006,-14.086000000000006 
8140025,-13.86435643564357 
8150001,-13.92277227722773 
8160045,-14.389108910891096 
8170044,-14.218000000000007 
8180003,-14.228000000000007 
8190048,-14.034653465346542 
8200045,-14.249000000000006 
8210045,-14.45000000000001 
8220036,-14.10646766169155 
8230009,-14.166000000000006 
8240021,-14.247761194029856 
8250044,-14.00099009900991 
8260035,-14.09651741293533 
8270015,-14.200000000000005 
8280031,-14.235820895522396 
8290019,-14.140298507462695 
8300004,-14.280000000000008 
8310013,-14.187064676616922 
8320002,-14.243000000000006 
8330046,-14.255445544554462 
8340032,-14.142000000000005 
8350004,-14.109000000000005 
8360039,-14.173267326732677 
8370021,-14.339000000000006 
8380049,-14.349253731343289 
8390014,-14.225000000000007 
8400004,-14.420000000000005 
8410010,-14.046766169154235 
8420013,-14.214925373134337 
8430014,-14.00696517412936 
8440032,-14.1452736318408 
8450036,-14.087562189054733 
8460023,-14.389000000000005 
8470023,-14.355000000000004 
8480017,-14.333000000000006 
8490036,-14.017910447761201 
8500036,-14.390000000000004 
8510045,-14.21194029850747 
8520007,-14.169000000000006 
8530049,-14.217910447761199 
8540048,-14.328000000000007 
8550012,-14.138000000000007 
8560013,-14.141293532338315 
8570005,-14.128358208955232 
8580021,-14.161194029850751 
8590014,-13.96616915422886 
8600010,-14.26567164179105 
8610022,-14.123383084577119 
8620032,-14.228855721393039 
8630032,-14.199004975124383 
8640014,-14.359000000000005 
8650031,-14.327363184079607 
8660023,-14.436815920398015 
8670016,-14.111000000000008 
8680018,-14.411940298507469 
8690006,-14.411000000000003 
8700035,-14.674626865671648 
8710046,-14.18109452736319 
8720034,-14.556000000000004 
8730033,-14.162189054726374 
8740002,-14.398000000000007 
8750017,-14.343283582089558 
8760037,-14.323383084577124 
8770046,-14.256716417910454 
8780014,-14.219900497512446 
8790008,-14.598000000000006 
8800039,-14.404975124378115 
8810024,-14.407960199004979 
8820047,-14.140298507462695 
8830047,-14.365000000000004 
8840042,-14.174129353233837 
8850026,-14.598000000000006 
8860035,-14.29154228855722 
8870010,-14.430000000000007 
8880028,-14.219900497512446 
8890019,-14.547000000000004 
8900032,-14.015841584158421 
8910000,-14.411000000000007 
8920013,-14.26965174129354 
8930013,-14.555000000000007 
8940013,-14.630000000000004 
8950018,-14.243781094527368 
8960018,-14.520000000000005 
8970018,-14.390000000000004 
8980005,-14.183084577114434 
8990049,-14.346268656716424 
9000003,-14.248000000000006 
9010045,-14.40199004975125 
9020032,-14.409000000000006 
9030021,-14.498000000000006 
9040009,-14.361000000000006 
9050001,-14.244000000000005 
9060022,-14.121393034825878 
9070032,-14.074626865671647 
9080013,-14.407000000000005 
9090013,-14.505000000000006 
9100039,-14.494527363184085 
9110001,-14.354000000000006 
9120001,-14.560000000000004 
9130029,-14.374129353233835 
9140021,-14.207960199004981 
9150013,-14.277611940298513 
9160010,-14.282587064676624 
9170037,-13.762561576354685 
9180033,-14.290547263681598 
9190027,-14.373000000000005 
9200008,-14.227000000000006 
9210031,-14.32437810945274 
9220017,-14.362000000000007 
9230030,-14.354228855721399 
9240030,-14.350000000000005 
9250030,-14.435000000000004 
9260012,-14.219000000000005 
9270041,-14.371144278606971 
9280049,-14.269651741293538 
9290005,-14.052000000000007 
9300039,-14.231840796019906 
9310007,-14.291000000000006 
9320019,-14.246534653465352 
9330044,-14.148514851485153 
9340044,-14.37000000000001 
9350040,-14.227000000000007 
9360041,-14.19601990049752 
9370041,-14.245000000000005 
9380024,-14.090547263681598 
9390018,-14.293000000000006 
9400032,-14.261691542288562 
9410032,-14.480000000000004 
9420034,-14.178109452736324 
9430040,-14.09154228855722 
9440039,-14.415920398009957 
9450039,-14.365000000000004 
9460028,-14.197014925373141 
9470001,-14.351000000000008 
9480006,-14.199004975124383 
9490042,-14.071287128712877 
9500023,-14.081592039801002 
9510034,-13.9920792079208 
9520034,-14.420000000000005 
9530042,-14.185074626865676 
9540042,-14.400000000000004 
9550000,-14.236000000000004 
9560029,-14.20199004975125 
9570029,-14.240000000000004 
9580004,-14.125000000000007 
9590042,-13.976237623762385 
9600048,-14.424875621890555 
9610014,-14.342000000000006 
9620024,-14.189054726368166 
9630004,-14.335000000000004 
9640044,-14.445544554455452 
9650033,-14.20199004975125 
9660033,-14.500000000000005 
9670026,-13.956218905472642 
9680041,-14.308457711442793 
9690029,-14.126000000000007 
9700029,-14.335000000000004 
9710023,-14.293000000000005 
9720046,-14.369154228855727 
9730018,-14.074000000000005 
9740024,-14.234653465346542 
9750039,-13.890547263681599 
9760034,-14.195000000000004 
9770006,-14.284000000000006 
9780006,-14.114427860696521 
9790020,-14.241791044776125 
9800047,-14.083168316831689 
9810005,-14.321000000000005 
9820012,-14.207960199004981 
9830038,-14.244554455445552 
9840017,-14.358000000000006 
9850013,-14.031840796019905 
9860013,-14.220000000000004 
9870005,-14.023880597014934 
9880025,-14.188118811881195 
9890009,-14.266666666666673 
9900009,-14.655000000000005 
9910002,-13.996019900497519 
9920031,-14.131683168316838 
9930049,-14.209950248756225 
9940039,-14.258706467661696 
9950039,-14.375000000000007 
9960019,-14.235000000000005 
9970000,-14.367000000000008 
9980047,-14.232835820895527 
9990021,-13.592079207920799 
10000009,-14.411000000000007 
10010038,-14.316417910447768 
10020038,-14.420000000000005 
10030047,-14.11741293532339 
10040021,-14.318000000000007 
10050024,-14.229850746268662 
10060019,-14.27500000000001 
10070019,-14.014925373134336 
10080008,-14.213000000000006 
10090040,-14.267661691542296 
10100046,-14.081592039801002 
10110046,-14.345000000000006 
10120046,-13.9452736318408 
10130029,-14.130348258706471 
10140018,-14.303000000000006 
10150042,-14.187064676616922 
10160043,-14.041791044776126 
10170045,-14.093532338308464 
10180045,-14.248756218905479 
10190038,-14.105472636815927 
10200038,-14.285000000000004 
10210038,-14.335000000000006 
10220034,-14.232000000000006 
10230009,-14.355000000000008 
10240009,-14.420000000000005 
10250044,-14.348258706467666 
10260042,-13.961194029850752 
10270042,-14.155000000000006 
10280013,-14.052000000000005 
10290048,-14.094059405940603 
10300022,-14.313000000000006 
10310041,-14.042786069651747 
10320029,-14.271000000000008 
10330024,-14.094527363184087 
10340046,-14.327363184079607 
10350043,-13.701980198019807 
10360014,-14.046766169154235 
10370018,-14.057711442786076 
10380023,-14.243781094527368 
10390014,-13.877611940298515 
10400041,-14.317412935323388 
10410016,-14.310000000000004 
10420046,-14.273631840796025 
10430024,-14.366000000000007 
10440031,-14.252736318407965 
10450009,-14.055721393034831 
10460009,-14.145000000000007 
10470029,-14.333333333333337 
10480032,-14.218811881188127 
10490010,-14.236000000000006 
10500045,-14.422885572139307 
10510024,-14.378000000000007 
10520046,-14.11840796019901 
10530020,-14.258000000000004 
10540039,-14.490547263681599 
10550035,-14.502000000000004 
10560026,-14.181094527363191 
10570008,-14.339000000000006 
10580029,-14.186069651741299 
10590048,-14.351243781094533 
10600011,-14.406000000000006 
10610023,-14.267661691542294 
10620033,-14.189054726368164 
10630006,-14.256000000000007 
10640039,-14.155223880597022 
10650024,-14.395000000000005 
10660047,-14.403980099502496 
10670002,-14.075000000000006 
10680037,-14.108910891089113 
10690001,-14.133000000000006 
10700010,-14.142288557213936 
10710022,-14.132673267326737 
10720009,-14.519000000000005 
10730025,-14.116417910447769 
10740007,-14.359000000000005 
10750042,-14.133663366336638 
10760005,-14.214925373134337 
10770039,-14.425870646766176 
10780040,-14.390049751243788 
10790043,-14.055721393034831 
10800037,-14.348000000000006 
10810037,-14.535000000000004 
10820022,-14.220000000000004 
10830044,-14.237810945273637 
10840020,-14.142000000000007 
10850037,-14.188059701492543 
10860006,-14.293000000000006 
10870012,-14.2905472636816 
10880032,-14.338308457711449 
10890002,-14.405000000000005 
10900045,-14.389054726368165 
10910045,-14.184079601990055 
10920016,-14.012000000000008 
10930016,-14.440000000000007 
10940022,-14.300497512437818 
10950034,-14.193034825870653 
10960008,-14.243000000000004 
10970000,-14.424000000000005 
10980038,-14.389054726368165 
10990038,-14.525000000000004 
11000000,-14.389000000000005 
11010039,-14.500497512437818 
11020016,-13.93432835820896 
11030029,-14.349253731343287 
11040048,-14.21691542288558 
11050030,-14.384000000000006 
11060038,-14.140298507462695 
11070005,-14.274000000000006 
11080005,-14.200000000000005 
11090005,-14.425000000000004 
11100039,-14.03267326732674 
11110031,-14.30248756218906 
11120018,-14.424000000000005 
11130004,-14.302000000000007 
11140019,-14.283582089552244 
11150046,-14.397014925373144 
11160019,-14.451000000000006 
11170022,-14.329353233830851 
11180031,-14.311442786069655 
11190015,-14.368000000000006 
11200028,-14.219900497512445 
11210039,-14.270646766169161 
11220015,-14.330348258706476 
11230032,-14.02885572139304 
11240006,-14.378000000000007 
11250030,-14.205940594059411 
11260003,-14.376000000000007 
11270021,-14.234825870646771 
11280021,-14.395000000000007 
11290048,-14.377114427860702 
11300021,-14.301000000000009 
11310019,-14.406000000000006 
11320011,-13.884577114427866 
11330035,-14.595024875621897 
11340019,-14.453000000000007 
11350008,-14.363000000000007 
11360023,-14.134328358208961 
11370007,-14.218000000000007 
11380007,-14.335000000000006 
11390003,-14.494527363184085 
11400012,-14.192039800995031 
11410025,-14.080198019801987 
11420040,-14.323383084577122 
11430028,-14.126000000000003 
11440028,-14.475000000000007 
11450043,-14.313432835820903 
11460020,-13.984079601990056 
11470009,-14.20696517412936 
11480048,-14.356218905472643 
11490048,-14.360000000000005 
11500012,-14.268000000000006 
11510048,-14.275621890547269 
11520029,-14.107000000000006 
11530022,-14.140298507462692 
11540046,-14.251741293532344 
11550012,-14.007000000000007 
11560027,-14.288557213930353 
11570037,-14.228855721393042 
11580048,-14.28557213930349 
11590010,-14.149000000000006 
11600029,-13.968316831683175 
11610025,-14.557000000000006 
11620046,-14.161194029850753 
11630018,-14.319000000000008 
11640032,-14.246766169154235 
11650020,-14.443781094527367 
11660008,-14.130348258706473 
11670015,-14.242786069651746 
11680040,-14.248756218905477 
11690005,-14.034825870646772 
11700005,-14.320000000000004 
11710038,-14.488557213930354 
11720043,-14.21890547263682 
11730025,-14.274000000000006 
11740047,-14.148258706467669 
11750046,-14.152238805970155 
11760025,-14.108000000000006 
11770025,-14.700000000000005 
11780010,-14.039800995024882 
11790000,-14.290000000000004 
11800041,-14.249504950495057 
11810013,-14.429000000000006 
11820016,-14.045771144278612 
11830023,-14.21293532338309 
11840021,-14.170149253731351 
11850036,-14.079601990049756 
11860044,-14.120398009950257 
11870042,-14.331000000000007 
11880032,-14.255000000000004 
11890040,-14.374129353233837 
11900003,-13.971144278606971 
11910003,-14.410000000000007 
11920029,-14.315422885572143 
11930019,-14.415000000000004 
11940002,-14.391000000000005 
11950021,-14.440796019900503 
11960020,-13.948258706467668 
11970020,-14.520000000000005 
11980005,-14.22000000000001 
11990038,-14.40398009950249 
12000014,-14.072000000000005 
12010043,-14.316417910447768 
12020043,-14.480000000000004 
12030036,-14.254726368159211 
12040032,-14.282000000000005 
12050042,-14.159203980099507 
12060038,-14.627000000000008 
12070001,-14.161000000000007 
12080030,-14.241791044776125 
12090012,-14.209000000000005 
12100036,-14.276616915422892 
12110005,-14.218000000000007 
12120012,-14.043781094527368 
12130046,-14.187064676616922 
12140019,-14.175124378109459 
12150019,-14.194029850746274 
12160009,-13.99500000000001 
12170009,-14.125000000000005 
12180026,-14.30746268656717 
12190045,-14.316417910447768 
12200021,-14.257000000000007 
12210041,-13.985074626865677 
12220035,-14.137313432835827 
12230023,-14.186000000000003 
12240023,-14.37000000000001 
12250021,-14.150248756218911 
12260028,-14.11840796019901 
12270037,-14.336318407960205 
12280044,-13.90495049504951 
12290035,-14.127000000000008 
12300040,-14.189054726368166 
12310005,-14.120000000000005 
12320035,-14.3134328358209 
12330024,-13.953233830845777 
12340043,-14.331343283582095 
12350024,-14.317000000000005 
12360006,-14.169000000000006 
12370045,-14.30149253731344 
12380004,-14.078000000000007 
12390002,-14.0905472636816 
12400017,-14.293532338308463 
12410049,-14.377114427860702 
12420026,-14.214000000000006 
12430004,-14.180099502487566 
12440004,-14.240000000000004 
12450017,-13.941584158415848 
12460017,-14.435000000000004 
12470001,-14.123000000000006 
12480000,-14.288000000000006 
12490049,-14.132338308457717 
12500027,-14.101000000000008 
12510017,-14.054726368159214 
12520003,-14.272000000000007 
12530003,-14.465000000000005 
12540046,-13.936633663366345 
12550008,-14.194000000000006 
12560034,-14.325373134328366 
12570034,-14.375000000000005 
12580002,-14.361000000000004 
12590005,-14.115422885572146 
12600036,-14.081592039801002 
12610039,-14.095522388059704 
12620016,-14.204000000000006 
12630009,-14.085572139303489 
12640041,-14.352238805970154 
12650020,-14.363000000000007 
12660040,-14.179104477611945 
12670040,-14.228855721393039 
12680040,-14.355000000000004 
12690019,-14.23300000000001 
12700023,-14.017910447761201 
12710031,-14.244776119402994 
12720015,-14.298000000000009 
12730033,-14.175124378109459 
12740033,-14.485000000000007 
12750004,-14.242000000000008 
12760030,-14.220895522388068 
12770012,-14.169000000000006 
12780002,-14.305000000000005 
12790038,-14.2905472636816 
12800042,-14.11243781094528 
12810049,-14.01890547263682 
12820031,-14.419000000000006 
12830018,-14.304000000000006 
12840021,-14.095522388059708 
12850007,-14.402000000000005 
12860007,-14.410000000000007 
12870030,-14.02079207920793 
12880040,-13.847290640394093 
12890029,-14.408000000000007 
12900003,-14.253000000000007 
12910014,-14.20099502487563 
12920033,-14.336318407960205 
12930015,-14.154000000000005 
12940049,-14.072277227722779 
12950010,-14.232000000000005 
12960047,-14.536318407960204 
12970011,-14.243000000000006 
12980038,-13.909900990099015 
12990006,-14.086000000000007 
13000048,-14.382089552238813 
13010024,-14.237000000000005 
13020041,-14.292537313432842 
13030034,-14.436000000000009 
13040007,-14.005970149253734 
13050015,-14.1452736318408 
13060035,-14.263681592039806 
13070031,-14.512000000000008 
13080013,-14.264000000000005 
13090019,-14.116417910447769 
13100033,-14.136633663366343 
13110045,-14.152475247524757 
13120036,-14.051741293532343 
13130009,-14.035820895522397 
13140004,-14.305000000000007 
13150010,-14.245771144278613 
13160008,-14.406000000000006 
13170028,-14.363184079601995 
13180003,-14.175000000000004 
13190020,-14.377114427860702 
13200000,-14.350000000000005 
13210022,-14.421890547263686 
13220020,-14.401000000000009 
13230001,-14.172000000000004 
13240042,-14.096039603960403 
13250022,-14.164179104477617 
13260031,-14.20696517412936 
13270016,-14.109452736318412 
13280025,-14.132338308457717 
13290003,-14.306000000000006 
13300020,-14.466666666666672 
13310020,-14.260000000000007 
13320005,-14.355000000000004 
13330032,-14.117821782178224 
13340022,-14.248756218905477 
13350027,-14.194029850746276 
13360017,-14.305000000000005 
13370006,-14.341293532338314 
13380048,-14.281188118811887 
13390048,-14.425000000000004 
13400006,-14.121000000000006 
13410006,-14.213930348258714 
13420043,-13.796039603960402 
13430043,-14.475000000000005 
13440011,-13.88656716417911 
13450030,-13.958415841584165 
13460021,-14.152000000000008 
13470048,-14.367164179104483 
13480025,-14.199000000000005 
13490034,-14.092537313432842 
13500042,-13.936318407960204 
13510048,-13.982089552238811 
13520031,-14.146000000000008 
13530025,-14.221890547263689 
13540032,-14.232835820895527 
13550037,-14.069651741293537 
13560003,-14.147000000000007 
13570011,-14.185074626865678 
13580008,-14.038805970149262 
13590001,-14.251000000000008 
13600016,-14.21890547263682 
13610032,-14.121393034825878 
13620034,-14.02885572139304 
13630018,-14.058000000000007 
13640010,-13.959203980099508 
13650043,-14.312871287128718 
13660030,-13.989054726368165 
13670021,-13.9223880597015 
13680017,-14.087000000000005 
13690045,-14.219900497512446 
13700037,-13.93930348258707 
13710014,-14.389000000000005 
13720029,-14.233830845771148 
13730002,-14.346000000000004 
13740049,-14.142574257425748 
13750035,-14.141293532338315 
13760011,-14.102000000000007 
13770039,-14.16019900497513 
13780025,-14.122000000000005 
13790008,-14.201000000000008 
13800038,-14.039603960396045 
13810002,-14.498000000000006 
13820038,-13.79014778325124 
13830048,-14.099502487562196 
13840046,-14.191000000000006 
13850019,-13.846766169154238 
13860001,-14.124000000000006 
13870003,-14.332338308457716 
13880017,-14.210891089108918 
13890032,-14.014925373134332 
13900002,-14.025000000000004 
13910002,-14.335000000000004 
13920039,-14.05346534653466 
13930039,-14.255000000000004 
13940046,-13.819900497512442 
13950010,-13.983000000000006 
13960012,-13.974129353233836 
13970001,-14.192039800995031 
13980035,-14.067661691542295 
13990030,-14.273631840796025 
14000035,-14.303482587064682 
14010045,-14.318407960199012 
14020011,-14.137000000000008 
14030025,-14.037810945273637 
14040013,-14.151000000000005 
14050000,-14.093532338308464 
14060025,-14.432835820895527 
14070022,-14.494000000000005 
14080005,-14.296000000000006 
14090030,-14.238805970149258 
14100030,-14.420000000000007 
14110030,-14.1542288557214 
14120024,-14.268000000000006 
14130037,-14.165174129353238 
14140010,-14.301000000000005 
14150002,-14.369000000000005 
14160002,-14.295000000000005 
14170007,-14.12437810945274 
14180023,-14.066336633663372 
14190019,-14.076616915422893 
14200006,-14.329000000000006 
14210032,-14.100990099009909 
14220019,-14.114000000000006 
14230020,-14.205970149253737 
14240031,-14.205970149253737 
14250045,-13.918811881188125 
14260045,-14.375000000000007 
14270012,-14.189000000000005 
14280037,-14.158415841584162 
14290000,-13.926368159203989 
14300027,-14.317412935323388 
14310028,-14.230845771144287 
14320028,-14.445000000000004 
14330028,-14.645000000000005 
14340040,-14.222885572139308 
14350000,-14.310000000000008 
14360000,-14.400000000000004 
14370002,-14.103482587064683 
14380008,-14.250746268656721 
14390013,-13.985148514851492 
14400041,-14.249751243781102 
14410027,-14.071641791044781 
14420043,-14.35024875621891 
14430028,-14.11940298507463 
14440018,-14.230000000000004 
14450049,-14.07661691542289 
14460048,-14.271641791044782 
14470048,-14.475000000000005 
14480025,-14.227860696517418 
14490042,-14.317412935323388 
14500043,-14.16616915422886 
14510039,-14.467000000000008 
14520041,-14.267661691542296 
14530022,-14.372000000000005 
14540046,-14.047524752475255 
14550041,-14.253731343283587 
14560000,-14.118000000000006 
14570027,-14.411940298507469 
14580025,-14.055721393034831 
14590019,-14.333000000000006 
14600027,-14.364179104477618 
14610020,-14.070646766169158 
14620020,-14.310000000000004 
14630029,-14.172139303482593 
14640021,-14.053731343283587 
14650044,-14.324378109452745 
14660036,-14.139000000000008 
14670019,-14.121000000000006 
14680040,-14.315422885572147 
14690009,-14.253000000000007 
14700041,-14.048514851485153 
14710038,-14.469000000000008 
14720038,-14.455000000000007 
14730039,-14.28557213930349 
14740040,-14.171144278606972 
14750022,-14.159000000000006 
14760004,-14.008955223880605 
14770017,-14.040796019900503 
14780018,-14.001980198019806 
14790011,-13.98109452736319 
14800017,-14.126368159203988 
14810004,-14.389000000000005 
14820030,-14.27562189054727 
14830000,-14.235000000000005 
14840041,-14.419900497512442 
14850041,-14.240000000000004 
14860041,-14.330000000000005 
14870014,-14.236000000000006 
14880014,-14.240000000000004 
14890045,-14.130693069306938 
14900008,-14.081000000000007 
14910026,-14.00597014925374 
14920048,-14.237810945273637 
14930042,-14.203000000000007 
14940023,-14.392000000000005 
14950040,-13.979207920792085 
14960040,-13.965000000000005 
14970027,-14.099000000000006 
14980041,-14.02288557213931 
14990049,-14.090547263681598 
15000020,-14.147000000000007 
15010000,-14.075000000000005 
15020033,-14.399004975124381 
15030033,-14.070000000000007 
15040006,-14.196000000000003 
15050030,-14.057425742574264 
15060019,-14.438000000000006 
15070034,-14.338308457711447 
15080047,-14.16435643564357 
15090029,-14.219000000000005 
15100041,-13.874626865671647 
15110016,-14.500000000000005 
15120038,-14.138308457711448 
15130008,-14.215000000000005 
15140000,-14.267661691542296 
15150015,-14.168316831683173 
15160043,-14.060396039603969 
15170040,-14.349000000000006 
15180040,-14.520000000000005 
15190003,-14.281000000000004 
15200029,-13.992039800995032 
15210007,-14.045771144278612 
15220031,-14.29651741293533 
15230002,-14.166169154228863 
15240027,-14.069306930693074 
15250049,-13.999009900990107 
15260036,-14.179000000000006 
15270017,-14.352000000000006 
15280026,-14.017821782178224 
15290025,-14.017910447761201 
15300013,-14.020895522388066 
15310034,-14.100990099009909 
15320003,-14.373000000000005 
15330018,-14.328358208955228 
15340018,-14.540000000000006 
15350024,-14.20099502487563 
15360012,-14.401000000000005 
15370039,-14.227860696517421 
15380049,-13.935643564356443 
15390019,-14.320000000000004 
15400017,-14.120398009950256 
15410044,-14.461691542288563 
15420014,-14.500000000000005 
15430011,-14.347263681592045 
15440042,-14.11144278606966 
15450012,-14.210000000000004 
15460032,-14.273631840796028 
15470028,-14.302000000000005 
15480033,-14.248756218905477 
15490030,-14.11840796019901 
15500005,-13.990099009901 
15510001,-14.315422885572143 
15520006,-14.398009950248763 
15530028,-14.39203980099503 
15540038,-14.064356435643571 
15550038,-14.430000000000005 
15560030,-14.569000000000006 
15570000,-14.360000000000005 
15580000,-14.465000000000005 
15590042,-14.325742574257431 
15600024,-14.429000000000007 
15610002,-14.421000000000008 
15620045,-14.045544554455452 
15630049,-14.3860696517413 
15640048,-14.30646766169155 
15650007,-14.143000000000006 
15660009,-14.441791044776124 
15670002,-14.146000000000004 
15680002,-14.570000000000004 
15690002,-14.390000000000004 
15700027,-14.26237623762377 
15710000,-14.411000000000003 
15720009,-14.520398009950256 
15730004,-14.193069306930699 
15740029,-14.114427860696521 
15750018,-13.87425742574258 
15760027,-14.132338308457717 
15770044,-14.481592039801 
15780000,-14.047000000000008 
15790000,-14.365000000000004 
15800000,-14.135000000000005 
15810028,-14.155223880597022 
15820020,-14.214000000000006 
15830043,-14.204975124378116 
15840027,-14.368000000000004 
15850005,-14.116000000000007 
15860027,-14.342288557213935 
15870011,-14.293000000000006 
15880020,-14.067661691542295 
15890040,-14.094527363184087 
15900039,-14.273000000000007 
15910029,-13.940298507462696 
15920007,-14.281000000000006 
15930038,-14.444776119402992 
15940038,-14.115000000000007 
15950002,-14.082587064676623 
15960024,-14.416915422885577 
15970026,-14.128358208955229 
15980025,-14.366169154228862 
15990016,-13.97227722772278 
16000011,-13.95024875621891 
16010024,-14.020895522388066 
16020020,-14.332000000000008 
16030035,-14.074626865671647 
16040049,-13.88415841584159 
16050030,-14.117000000000008 
16060000,-14.054726368159209 
16070047,-14.335643564356442 
16080047,-14.375000000000005 
16090044,-14.324000000000005 
16100023,-14.303000000000006 
16110014,-14.046766169154235 
16120024,-14.298507462686572 
16130032,-14.06567164179105 
16140041,-14.037623762376244 
16150013,-14.078606965174135 
16160038,-14.124378109452746 
16170032,-14.338000000000006 
16180026,-13.973134328358215 
16190021,-14.475000000000005 
16200007,-14.087000000000007 
16210044,-14.063366336633669 
16220010,-14.097000000000005 
16230010,-14.160000000000007 
16240004,-14.107462686567171 
16250024,-14.388059701492542 
16260021,-14.01890547263682 
16270035,-14.182089552238812 
16280026,-14.597000000000005 
16290025,-13.918407960199012 
16300047,-14.252736318407965 
16310020,-14.131000000000006 
16320007,-13.869651741293538 
16330032,-13.876237623762384 
16340036,-14.1223880597015 
16350038,-14.266336633663371 
16360025,-14.108457711442794 
16370021,-14.152000000000008 
16380011,-14.03482587064677 
16390019,-14.140298507462695 
16400026,-14.053731343283587 
16410015,-14.208000000000006 
16420047,-14.307462686567172 
16430041,-14.228000000000007 
16440000,-13.933000000000007 
16450049,-14.047524752475255 
16460024,-14.225000000000007 
16470038,-14.29154228855722 
16480031,-13.90646766169155 
16490049,-14.364179104477618 
16500035,-14.507000000000005 
16510021,-14.001990049751251 
16520011,-14.049751243781099 
16530009,-14.239800995024881 
16540007,-14.381000000000007 
16550021,-14.256716417910454 
16560018,-14.183084577114434 
16570030,-14.357213930348264 
16580002,-14.222885572139308 
16590018,-14.176119402985082 
16600011,-14.321000000000005 
16610035,-14.3860696517413 
16620024,-14.298000000000009 
16630033,-14.435820895522394 
16640019,-14.28059701492538 
16650042,-13.961386138613868 
16660048,-14.27562189054727 
16670025,-14.013930348258713 
16680011,-14.067000000000007 
16690034,-14.304477611940305 
16700035,-14.09651741293533 
16710041,-14.290547263681598 
16720048,-13.899502487562195 
16730040,-14.257711442786075 
16740012,-14.164000000000005 
16750013,-13.907920792079215 
16760043,-14.019801980198027 
16770045,-14.128358208955229 
16780015,-13.866336633663373 
16790049,-13.983168316831689 
16800029,-14.310000000000004 
16810013,-13.998009950248763 
16820038,-14.243781094527368 
16830010,-13.94427860696518 
16840049,-14.465671641791051 
16850049,-14.140000000000004 
16860042,-13.976237623762385 
16870014,-14.038805970149262 
16880030,-14.215920398009954 
16890019,-14.012935323383092 
16900030,-14.230845771144283 
16910014,-14.183000000000007 
16920034,-14.159203980099509 
16930043,-14.226865671641796 
16940037,-14.378000000000004 
16950047,-13.910891089108917 
16960044,-14.008910891089114 
16970001,-14.014000000000008 
16980045,-13.884729064039416 
16990004,-14.158000000000007 
17000020,-14.141293532338315 
17010005,-14.300000000000006 
17020007,-14.083582089552246 
17030007,-14.495000000000005 
17040023,-14.151243781094532 
17050005,-14.339000000000006 
17060010,-14.199004975124383 
17070045,-14.422885572139307 
17080025,-13.895522388059709 
17090037,-14.11840796019901 
17100033,-14.146268656716423 
17110002,-14.203000000000007 
17120045,-14.219900497512446 
17130044,-14.528000000000006 
17140044,-14.320000000000004 
17150039,-14.328358208955228 
17160013,-14.238000000000007 
17170001,-14.381000000000006 
17180040,-14.191089108910898 
17190049,-14.455721393034832 
17200000,-14.072000000000005 
17210013,-14.070297029702976 
17220007,-14.256716417910454 
17230043,-14.110891089108918 
17240021,-14.271000000000006 
17250004,-14.146000000000008 
17260047,-14.190049751243786 
17270029,-14.154000000000005 
17280045,-14.404975124378117 
17290029,-14.253000000000007 
17300010,-14.056716417910454 
17310040,-14.123762376237629 
17320007,-14.159000000000006 
17330023,-14.171144278606972 
17340019,-14.27064676616916 
17350001,-13.879601990049757 
17360019,-14.399004975124384 
17370008,-13.918407960199014 
17380031,-14.399004975124381 
17390028,-14.179000000000006 
17400009,-14.186069651741299 
17410043,-14.097029702970303 
17420037,-14.152238805970155 
17430049,-14.058706467661697 
17440042,-14.216000000000006 
17450030,-14.306000000000006 
17460042,-14.01890547263682 
17470019,-14.169000000000006 
17480019,-14.250000000000005 
17490023,-14.256716417910454 
17500008,-14.260000000000005 
17510016,-14.085148514851491 
17520038,-14.133333333333338 
17530017,-13.725742574257431 
17540049,-14.038613861386144 
17550000,-13.877611940298513 
17560002,-13.894527363184086 
17570026,-14.192039800995031 
17580002,-14.031840796019905 
17590032,-14.159203980099509 
17600011,-14.358000000000004 
17610043,-14.222885572139308 
17620045,-13.999004975124384 
17630000,-14.125000000000005 
17640010,-14.074626865671647 
17650048,-14.144554455445551 
17660047,-14.058000000000007 
17670037,-14.094527363184087 
17680022,-14.370000000000005 
17690013,-14.447000000000008 
17700002,-13.898507462686574 
17710035,-14.34925373134329 
17720049,-14.147263681592046 
17730014,-14.100000000000007 
17740036,-14.387064676616921 
17750017,-13.858415841584165 
17760021,-14.067326732673274 
17770019,-13.946268656716427 
17780041,-14.133333333333338 
17790030,-14.313000000000006 
17800007,-14.244000000000005 
17810010,-13.802970297029711 
17820022,-14.123383084577119 
17830036,-13.87425742574258 
17840008,-14.234000000000007 
17850045,-13.909900990099015 
17860046,-14.116417910447769 
17870021,-14.000000000000007 
17880044,-14.085572139303489 
17890036,-14.058706467661697 
17900011,-14.295000000000005 
17910039,-14.254726368159211 
17920030,-13.91741293532339 
17930002,-14.078606965174135 
17940029,-14.337313432835826 
17950037,-14.18507462686568 
17960041,-14.21691542288558 
17970029,-14.351000000000004 
17980002,-14.191000000000004 
17990010,-14.24477611940299 
18000008,-14.326000000000004 
18010001,-13.90198019801981 
18020038,-14.382089552238812 
18030016,-14.356000000000009 
18040009,-14.07562189054727 
18050003,-14.408000000000007 
18060046,-14.100000000000005 
18070013,-14.099000000000006 
18080009,-14.272000000000006 
18090006,-14.003980099502494 
18100041,-13.910891089108917 
18110034,-14.07064676616916 
18120031,-14.539000000000005 
18130016,-13.945273631840802 
18140037,-14.066666666666674 
18150031,-14.127363184079607 
18160007,-14.132000000000007 
18170001,-14.39601990049752 
18180045,-13.860098522167494 
18190032,-14.319000000000006 
18200017,-14.095000000000004 
18210022,-13.65517241379311 
18220047,-14.258706467661698 
18230011,-14.037810945273637 
18240034,-14.219900497512445 
18250029,-14.079601990049756 
18260008,-13.82885572139304 
18270009,-14.215920398009958 
18280001,-14.129000000000005 
18290001,-14.144278606965178 
18300010,-14.147263681592046 
18310022,-14.123383084577119 
18320000,-13.946268656716423 
18330042,-14.112871287128717 
18340021,-14.273000000000007 
18350030,-13.998009950248763 
18360005,-13.935323383084581 
18370024,-13.90396039603961 
18380011,-14.349000000000006 
18390033,-14.058415841584164 
18400008,-14.365000000000007 
18410044,-13.957425742574264 
18420017,-14.406000000000004 
18430037,-14.029850746268664 
18440020,-14.045771144278612 
18450044,-14.052736318407966 
18460011,-13.909452736318416 
18470041,-14.179104477611945 
18480034,-14.115422885572142 
18490028,-13.978217821782186 
18500014,-14.107000000000006 
18510044,-14.447761194029857 
18520036,-14.068656716417916 
18530033,-14.429000000000006 
18540028,-14.445000000000004 
18550049,-14.230845771144287 
18560000,-14.167000000000005 
18570022,-14.183084577114434 
18580048,-14.02178217821783 
18590048,-14.395000000000007 
18600007,-14.128000000000007 
18610029,-14.207960199004981 
18620005,-14.222000000000005 
18630014,-14.30149253731344 
18640039,-14.188118811881196 
18650020,-14.417000000000005 
18660012,-13.726732673267332 
18670044,-14.292537313432842 
18680028,-14.146534653465352 
18690037,-14.321393034825878 
18700009,-13.954000000000006 
18710033,-14.331343283582095 
18720032,-14.273000000000007 
18730002,-14.185000000000004 
18740045,-14.060396039603969 
18750005,-14.090000000000007 
18760021,-14.096517412935329 
18770049,-14.397029702970302 
18780025,-14.157000000000005 
18790003,-14.131000000000006 
18800038,-14.000000000000007 
18810014,-14.452000000000005 
18820040,-13.91287128712872 
18830023,-14.286000000000003 
18840017,-14.223000000000004 
18850017,-14.305000000000007 
18860010,-14.05572139303483 
18870018,-14.095522388059708 
18880007,-13.963184079601996 
18890009,-14.193034825870653 
18900016,-13.869651741293538 
18910015,-14.223000000000006 
18920044,-13.938613861386145 
18930042,-14.269651741293536 
18940030,-14.075621890547268 
18950043,-14.125373134328362 
18960029,-14.112000000000007 
18970029,-14.495000000000006 
18980029,-14.445000000000007 
18990008,-13.953233830845777 
19000019,-14.395024875621898 
19010006,-14.008955223880603 
19020026,-14.139303482587069 
19030039,-14.185074626865676 
19040012,-14.05074626865672 
19050047,-13.970297029702976 
19060003,-14.002000000000008 
19070038,-14.202970297029708 
19080030,-14.093069306930698 
19090013,-14.100497512437817 
19100017,-14.177114427860703 
19110006,-14.483000000000006 
19120026,-13.446078431372557 
19130041,-14.353233830845776 
19140028,-14.113432835820902 
19150000,-14.284000000000006 
19160021,-14.081188118811886 
19170041,-14.049504950495054 
19180037,-14.061691542288564 
19190034,-14.134000000000006 
19200004,-13.985074626865677 
19210004,-14.325000000000005 
19220014,-14.074626865671647 
19230016,-14.183084577114435 
19240003,-14.093532338308464 
19250039,-13.95247524752476 
19260015,-14.342000000000006 
19270009,-14.1223880597015 
19280037,-14.139603960396048 
19290011,-14.338000000000006 
19300002,-14.19104477611941 
19310034,-14.277611940298513 
19320049,-13.995049504950503 
19330030,-13.763184079601997 
19340010,-14.030000000000006 
19350043,-14.179207920792084 
19360024,-14.182000000000006 
19370047,-14.169306930693077 
19380035,-14.351000000000006 
19390045,-14.14925373134329 
19400028,-14.241000000000009 
19410018,-14.084577114427866 
19420003,-13.94554455445545 
19430017,-14.067661691542295 
19440032,-14.114427860696527 
19450029,-14.078606965174137 
19460014,-13.722772277227728 
19470015,-14.210945273631845 
19480005,-13.960199004975129 
19490021,-13.937623762376242 
19500017,-14.081592039801 
19510018,-14.096517412935329 
19520041,-13.832673267326738 
19530016,-14.150000000000007 
19540004,-13.842574257425749 
19550039,-13.724137931034491 
19560042,-13.669306930693075 
19570036,-14.261691542288563 
19580036,-14.340000000000007 
19590010,-13.621782178217828 
19600038,-14.120398009950256 
19610019,-14.112000000000007 
19620014,-14.085000000000006 
19630014,-14.170000000000005 
19640006,-14.098507462686575 
19650042,-14.245771144278613 
19660028,-14.297000000000008 
19670008,-14.340000000000005 
19680008,-14.290000000000004 
19690025,-13.929702970297035 
19700044,-14.072636815920406 
19710049,-13.925373134328362 
19720012,-14.085572139303487 
19730044,-14.247761194029856 
19740039,-13.737623762376241 
19750039,-14.585000000000004 
19760013,-13.998009950248763 
19770016,-14.304477611940301 
19780019,-14.08059701492538 
19790027,-14.165174129353238 
19800031,-14.057711442786076 
19810037,-14.230845771144287 
19820008,-14.177000000000005 
19830008,-14.405000000000005 
19840040,-14.347263681592045 
19850040,-14.535000000000007 
19860032,-14.059000000000005 
19870043,-14.046534653465354 
19880006,-14.071000000000005 
19890004,-14.341000000000006 
19900046,-14.202985074626874 
19910003,-14.059000000000005 
19920028,-13.861386138613868 
19930005,-14.054000000000006 
19940031,-13.957425742574264 
19950017,-14.126368159203988 
19960027,-14.009950248756226 
19970003,-13.887000000000008 
19980017,-13.973134328358215 
19990003,-14.00696517412936 
20000025,-14.327363184079607 
20010039,-14.127363184079607 
20020015,-14.402000000000005 
20030027,-14.206930693069312 
20040046,-14.241791044776123 
20050013,-14.124000000000006 
20060026,-14.060696517412941 
20070041,-14.158415841584162 
20080042,-14.026865671641799 
20090002,-14.170000000000005 
20100033,-14.215920398009958 
20110011,-14.266000000000005 
20120005,-14.231840796019906 
20130044,-14.261691542288563 
20140001,-14.159000000000006 
20150007,-14.136318407960204 
20160046,-14.425870646766176 
20170022,-14.086567164179112 
20180016,-14.197014925373141 
20190018,-14.133333333333338 
20200006,-14.266000000000005 
20210048,-13.97425742574258 
20220022,-14.113000000000005 
20230022,-14.340000000000005 
20240031,-14.087562189054733 
20250044,-14.224875621890552 
20260038,-14.043000000000005 
20270007,-14.278000000000006 
20280019,-14.202985074626872 
20290022,-14.085572139303487 
20300039,-13.718226600985227 
20310019,-14.179104477611947 
20320026,-14.07326732673268 
20330018,-14.364000000000006 
20340013,-14.440000000000005 
20350016,-14.040796019900503 
20360040,-14.30646766169155 
20370018,-14.000995024875625 
20380011,-14.14029850746269 
20390006,-14.12437810945274 
20400027,-14.115841584158423 
20410015,-14.226000000000004 
20420023,-14.090547263681598 
20430023,-14.325000000000005 
20440029,-13.877611940298515 
20450017,-14.211000000000006 
20460025,-14.035820895522393 
20470034,-14.077611940298514 
20480004,-14.225000000000007 
20490006,-14.252736318407965 
20500023,-13.88514851485149 
20510032,-14.11243781094528 
20520001,-14.103000000000007 
20530013,-13.889552238805976 
20540000,-13.85970149253732 
20550049,-13.983168316831689 
20560041,-13.588118811881193 
20570017,-14.132000000000005 
20580011,-13.978109452736325 
20590000,-13.868656716417917 
20600007,-14.183084577114434 
20610009,-14.113432835820902 
20620000,-14.302000000000007 
20630025,-14.13930348258707 
20640042,-13.919402985074631 
20650016,-14.048000000000007 
20660007,-13.9223880597015 
20670027,-13.729064039408874 
20680002,-14.145000000000008 
20690019,-14.063681592039806 
20700011,-13.984079601990056 
20710048,-13.989108910891094 
20720005,-14.184000000000005 
20730010,-14.179104477611945 
20740019,-13.943283582089558 
20750046,-14.317412935323388 
20760046,-14.155000000000005 
20770016,-14.260000000000005 
20780045,-13.928712871287136 
20790037,-13.751485148514856 
20800046,-13.978109452736325 
20810007,-13.842786069651748 
20820016,-14.19203980099503 
20830046,-14.114427860696521 
20840021,-14.000000000000005 
20850048,-14.232835820895527 
20860009,-13.942000000000007 
20870037,-14.418905472636823 
20880033,-13.83366336633664 
20890018,-14.115000000000004 
20900000,-14.349000000000006 
20910039,-14.290099009900997 
20920033,-14.198000000000006 
20930004,-13.794059405940601 
20940031,-13.9940594059406 
20950037,-14.19104477611941 
20960028,-13.98217821782179 
20970011,-13.84257425742575 
20980023,-14.217910447761199 
20990012,-14.043000000000006 
21000013,-14.126368159203988 
21010013,-13.960199004975129 
21020038,-14.273631840796025 
21030033,-14.515000000000004 
21040033,-14.475000000000005 
21050020,-14.339000000000006 
21060004,-14.208000000000006 
21070006,-14.242786069651746 
21080040,-14.311442786069659 
21090048,-14.214925373134335 
21100017,-13.963184079601996 
21110018,-14.126368159203988 
21120043,-14.189054726368164 
21130024,-14.10149253731344 
21140039,-14.179104477611945 
21150039,-14.280000000000008 
21160039,-14.295000000000005 
21170016,-14.369000000000005 
21180005,-14.018000000000006 
21190000,-14.009950248756223 
21200009,-13.943283582089558 
21210015,-14.19601990049752 
21220008,-14.035820895522397 
21230035,-14.00396039603961 
21240002,-14.344000000000005 
21250033,-14.100990099009906 
21260021,-14.015920398009957 
21270028,-14.21293532338309 
21280011,-13.783168316831691 
21290037,-13.97227722772278 
21300002,-14.255000000000006 
21310024,-13.851231527093601 
21320015,-14.026865671641799 
21330004,-14.147263681592046 
21340032,-14.299502487562192 
21350024,-14.464000000000006 
21360049,-14.074626865671647 
21370028,-14.333000000000006 
21380004,-14.192000000000007 
21390000,-14.081592039801002 
21400015,-14.283582089552246 
21410028,-14.17512437810946 
21420028,-14.285000000000004 
21430040,-13.895049504950501 
21440005,-14.195000000000004 
21450028,-14.25472636815921 
21460042,-14.082587064676623 
21470038,-14.327000000000007 
21480039,-13.962189054726373 
21490014,-14.135000000000005 
21500004,-14.250000000000005 
21510021,-13.909452736318414 
21520003,-14.103482587064683 
21530041,-14.16435643564357 
21540002,-13.92736318407961 
21550014,-14.00396039603961 
21560001,-14.063681592039808 
21570027,-13.937931034482764 
21580042,-13.886138613861393 
21590035,-14.021000000000008 
21600004,-14.113000000000007 
21610005,-14.16616915422886 
21620022,-14.078606965174135 
21630008,-14.222000000000005 
21640003,-14.155000000000005 
21650031,-14.389054726368167 
21660012,-13.962189054726375 
21670045,-13.986138613861392 
21680029,-14.147263681592046 
21690007,-14.306000000000006 
21700039,-13.90495049504951 
21710044,-13.871287128712877 
21720021,-14.049000000000005 
21730000,-13.923383084577122 
21740011,-14.091089108910898 
21750032,-14.071287128712878 
21760006,-14.038000000000006 
21770043,-14.093069306930698 
21780016,-13.90149253731344 
21790017,-13.838613861386145 
21800015,-13.951243781094533 
21810019,-13.968159203980106 
21820001,-14.053731343283587 
21830001,-14.555000000000007 
21840035,-14.311442786069659 
21850032,-14.237810945273637 
21860048,-14.076616915422893 
21870036,-14.136000000000006 
21880017,-14.252000000000004 
21890017,-14.245000000000005 
21900030,-13.91188118811882 
21910017,-13.979104477611946 
21920030,-14.0950495049505 
21930005,-14.170000000000005 
21940039,-13.929064039408875 
21950047,-13.911442786069655 
21960007,-13.935000000000004 
21970000,-13.936318407960204 
21980006,-14.031840796019905 
21990048,-13.860396039603968 
22000014,-14.151243781094532 
22010037,-14.000995024875628 
22020025,-14.110447761194036 
22030019,-14.298000000000007 
22040024,-13.990049751243788 
22050001,-14.404000000000005 
22060000,-13.88415841584159 
22070011,-14.105940594059414 
22080042,-14.126368159203988 
22090032,-14.315000000000005 
22100045,-14.075621890547271 
22110034,-14.428000000000006 
22120015,-13.947524752475255 
22130037,-13.726732673267332 
22140033,-14.152000000000008 
22150039,-14.066666666666674 
22160001,-14.064000000000005 
22170002,-14.280597014925378 
22180019,-14.188059701492543 
22190004,-13.965174129353239 
22200009,-14.174129353233836 
22210043,-14.21584158415842 
22220000,-14.139000000000005 
22230031,-14.200000000000005 
22240026,-13.990049751243786 
22250002,-13.947263681592045 
22260048,-14.15544554455446 
22270028,-13.782178217821787 
22280007,-13.903482587064683 
22290045,-14.0950495049505 
22300032,-14.349000000000006 
22310032,-14.430000000000005 
22320006,-14.338000000000005 
22330000,-14.303000000000004 
22340011,-13.803960396039608 
22350038,-14.217910447761199 
22360038,-14.435000000000004 
22370031,-13.891542288557222 
22380035,-14.251741293532344 
22390019,-14.133000000000006 
22400016,-14.108457711442792 
22410045,-14.057425742574262 
22420018,-14.311000000000009 
22430041,-14.02079207920793 
22440047,-14.091542288557221 
22450044,-14.143283582089557 
22460037,-14.364179104477618 
22470006,-14.058000000000007 
22480037,-13.987064676616923 
22490033,-14.162000000000004 
22500008,-14.130000000000004 
22510002,-14.203000000000005 
22520033,-14.200995024875628 
22530041,-14.005970149253738 
22540034,-14.276000000000009 
22550006,-14.269000000000005 
22560046,-14.199004975124383 
22570031,-14.03482587064677 
22580001,-14.340000000000007 
22590021,-14.084158415841591 
22600012,-14.066666666666674 
22610003,-14.01691542288558 
22620045,-14.113432835820902 
22630027,-13.726732673267334 
22640038,-14.00199004975125 
22650014,-13.867661691542295 
22660028,-14.20696517412936 
22670012,-14.333000000000006 
22680036,-13.998009950248763 
22690045,-14.1223880597015 
22700018,-14.116000000000007 
22710004,-14.20099502487563 
22720017,-14.238613861386144 
22730028,-14.385074626865679 
22740047,-14.082178217821788 
22750025,-14.496000000000004 
22760040,-14.069306930693076 
22770040,-14.420000000000007 
22780049,-14.346268656716424 
22790002,-14.146000000000006 
22800018,-14.161194029850753 
22810009,-14.230845771144283 
22820028,-14.1223880597015 
22830005,-14.309000000000005 
22840035,-14.532338308457716 
22850012,-14.143283582089557 
22860017,-14.258706467661698 
22870005,-14.190049751243789 
22880011,-13.96237623762377 
22890038,-14.347263681592045 
22900000,-14.02885572139304 
22910044,-13.904433497536951 
22920014,-14.014925373134332 
22930021,-14.02388059701493 
22940039,-14.13532338308458 
22950045,-14.10594059405941 
22960045,-14.460000000000006 
22970045,-14.024875621890551 
22980045,-13.87064676616916 
22990029,-14.172139303482593 
23000037,-14.060696517412941 
23010002,-14.140000000000008 
23020013,-14.066666666666674 
23030034,-14.116417910447765 
23040021,-13.819900497512442 
23050022,-14.18109452736319 
23060041,-14.147263681592046 
23070010,-14.073000000000006 
23080011,-13.967326732673275 
23090043,-14.078217821782184 
23100017,-14.143000000000006 
23110039,-14.21293532338309 
23120012,-14.171000000000006 
23130012,-14.430000000000005 
23140044,-14.201980198019807 
23150030,-14.01194029850747 
23160049,-14.072636815920404 
23170019,-13.915422885572143 
23180036,-14.043781094527368 
23190014,-14.050746268656724 
23200001,-13.989054726368165 
23210048,-14.123383084577119 
23220043,-14.13432835820896 
23230010,-13.884577114427866 
23240037,-14.043781094527368 
23250041,-14.042786069651747 
23260008,-14.149000000000006 
23270023,-13.658415841584162 
23280014,-13.872636815920403 
23290049,-13.98514851485149 
23300010,-14.031840796019909 
23310025,-13.886138613861391 
23320035,-13.805970149253735 
23330020,-13.800995024875629 
23340007,-14.129000000000005 
23350037,-13.980198019801987 
23360021,-13.968159203980106 
23370003,-13.869000000000005 
23380012,-13.676237623762383 
23390036,-14.156435643564363 
23400042,-13.967164179104483 
23410037,-14.12437810945274 
23420020,-14.366000000000007 
23430041,-14.11144278606966 
23440041,-14.185000000000004 
23450037,-14.252000000000004 
23460018,-14.152000000000005 
23470007,-13.720792079207927 
23480032,-14.168316831683173 
23490014,-14.209000000000005 
23500048,-13.97326732673268 
23510009,-13.957213930348264 
23520029,-14.283582089552244 
23530000,-14.147000000000007 
23540029,-14.157213930348265 
23550001,-14.119000000000005 
23560046,-14.223880597014933 
23570046,-14.04477611940299 
23580008,-13.924378109452741 
23590008,-14.004975124378117 
23600043,-14.099502487562196 
23610019,-14.061691542288564 
23620049,-14.223880597014933 
23630022,-13.986138613861392 
23640032,-14.054726368159209 
23650022,-14.175000000000004 
23660042,-14.378109452736323 
23670041,-13.93366336633664 
23680014,-14.341000000000006 
23690040,-14.091089108910898 
23700019,-13.819801980198026 
23710018,-14.39601990049752 
23720023,-14.144278606965178 
23730007,-14.167164179104484 
23740026,-14.062686567164185 
23750003,-14.224000000000006 
23760002,-13.819801980198026 
23770045,-14.035643564356441 
23780007,-14.264000000000005 
23790006,-13.968316831683175 
23800031,-13.925742574257432 
23810016,-14.370000000000005 
23820030,-14.147263681592046 
23830030,-14.123762376237629 
23840036,-14.081592039801002 
23850020,-13.973000000000004 
23860002,-14.139000000000005 
23870008,-14.260696517412942 
23880022,-14.11243781094528 
23890038,-14.02178217821783 
23900042,-14.147263681592044 
23910023,-14.367000000000004 
23920042,-13.90396039603961 
23930033,-14.322000000000005 
23940038,-14.288557213930353 
23950022,-14.017910447761201 
23960044,-14.073631840796025 
23970036,-14.053731343283587 
23980004,-13.986069651741301 
23990021,-14.237810945273637 
24000011,-14.184079601990055 
24010011,-14.365000000000004 
24020024,-14.36417910447762 
24030047,-14.224875621890552 
24040047,-14.305000000000007 
24050034,-14.339000000000006 
24060013,-14.148000000000007 
24070027,-14.02288557213931 
24080031,-13.968159203980106 
24090037,-14.17611940298508 
24100046,-14.21194029850747 
24110027,-14.272000000000007 
24120020,-14.239800995024881 
24130014,-14.153000000000006 
24140033,-14.1223880597015 
24150015,-14.164000000000005 
24160012,-13.994088669950743 
24170005,-14.025870646766174 
24180035,-14.412935323383092 
24190023,-14.576000000000004 
24200023,-14.355000000000008 
24210043,-14.034653465346542 
24220032,-14.133000000000006 
24230031,-14.172139303482593 
24240047,-14.136318407960207 
24250020,-14.131000000000006 
24260045,-14.054455445544559 
24270043,-14.234825870646771 
24280030,-14.068316831683177 
24290002,-14.169000000000006 
24300011,-14.082587064676623 
24310017,-14.225870646766174 
24320037,-14.109452736318415 
24330002,-13.995024875621898 
24340011,-14.29154228855722 
24350031,-14.139303482587069 
24360025,-14.132338308457717 
24370004,-14.137313432835827 
24380016,-14.138308457711448 
24390013,-14.088557213930356 
24400028,-14.178217821782182 
24410045,-14.287562189054732 
24420030,-14.395000000000007 
24430006,-14.00696517412936 
24440027,-14.19601990049752 
24450033,-14.146268656716423 
24460009,-14.227000000000006 
24470024,-14.049504950495054 
24480039,-14.407960199004982 
24490038,-13.849504950495056 
24500035,-14.038805970149259 
24510011,-13.997000000000007 
24520038,-14.297512437810953 
24530026,-14.040796019900501 
24540011,-14.250000000000005 
24550049,-14.119801980198023 
24560002,-14.046000000000006 
24570040,-13.857425742574266 
24580007,-14.144000000000005 
24590007,-14.480000000000004 
24600031,-14.087562189054733 
24610042,-14.200995024875628 
24620025,-14.426000000000005 
24630024,-14.052736318407966 
24640035,-14.156218905472642 
24650017,-14.284000000000006 
24660046,-14.037810945273637 
24670037,-14.121393034825878 
24680001,-14.283000000000007 
24690008,-14.128358208955229 
24700042,-14.042574257425748 
24710015,-14.140298507462692 
24720026,-14.01691542288558 
24730021,-14.298507462686572 
24740009,-14.171000000000008 
24750042,-13.971287128712875 
24760030,-13.71741293532339 
24770022,-14.02388059701493 
24780017,-13.900497512437818 
24790019,-14.222885572139308 
24800019,-14.235000000000008 
24810016,-14.01890547263682 
24820025,-14.132338308457717 
24830038,-13.986069651741298 
24840045,-14.277611940298513 
24850045,-14.024875621890551 
24860031,-14.001990049751251 
24870029,-14.239800995024885 
24880034,-14.054726368159209 
24890003,-13.82885572139304 
24900008,-14.00495049504951 
24910007,-14.167164179104484 
