10000,0.4300000071525574 
20000,0.5600000023841858 
30000,0.4099999964237213 
40000,0.5 
50000,0.7699999809265137 
60000,0.9800000190734863 
70000,0.7900000214576721 
80000,0.9599999785423279 
90000,0.949999988079071 
100000,1.1100000143051147 
110000,0.8799999952316284 
120000,0.7799999713897705 
130000,0.8199999928474426 
140000,1.0199999809265137 
150000,1.4500000476837158 
160000,1.149999976158142 
170000,1.4700000286102295 
180000,1.350000023841858 
190000,1.7300000190734863 
200000,1.3899999856948853 
210044,1.6799999475479126 
220044,1.5 
230044,1.7999999523162842 
240044,1.5800000429153442 
250035,1.7899999618530273 
260035,2.0899999141693115 
270035,2.259999990463257 
280035,2.180000066757202 
290035,2.069999933242798 
300035,2.549999952316284 
310035,2.240000009536743 
320035,2.2699999809265137 
330035,2.559999942779541 
340034,2.8399999141693115 
350034,2.5399999618530273 
360020,2.7200000286102295 
370007,2.9800000190734863 
380007,2.6600000858306885 
390007,2.7100000381469727 
400007,2.569999933242798 
410007,2.700000047683716 
420003,2.9200000762939453 
430021,2.690000057220459 
440022,3.0799999237060547 
450019,3.200000047683716 
460019,2.9000000953674316 
470019,2.75 
480026,3.0799999237060547 
490009,2.7799999713897705 
500039,2.950000047683716 
510036,3.069999933242798 
520011,3.140000104904175 
530011,3.0199999809265137 
540034,3.380000114440918 
550034,3.1500000953674316 
560023,3.609999895095825 
570014,3.059999942779541 
580009,3.3299999237060547 
590041,3.1500000953674316 
600019,3.2799999713897705 
610049,3.0999999046325684 
620020,2.9600000381469727 
630045,3.180000066757202 
640011,3.2100000381469727 
650011,3.440000057220459 
660033,3.630000114440918 
670023,3.2899999618530273 
680023,3.0399999618530273 
690017,3.549999952316284 
700044,3.430000066757202 
710017,3.259999990463257 
720009,2.9800000190734863 
730017,3.430000066757202 
740011,3.319999933242798 
750035,3.240000009536743 
760041,3.4200000762939453 
770029,3.700000047683716 
780025,3.490000009536743 
790030,3.4600000381469727 
800022,3.809999942779541 
810032,3.130000114440918 
820004,3.0899999141693115 
830038,3.740000009536743 
840005,3.640000104904175 
850017,3.700000047683716 
860027,3.7799999713897705 
870039,3.5999999046325684 
880025,3.430000066757202 
890011,3.549999952316284 
900002,3.559999942779541 
910009,3.640000104904175 
920000,3.3299999237060547 
930021,3.6700000762939453 
940005,3.430000066757202 
950014,3.3299999237060547 
960023,3.430000066757202 
970039,3.509999990463257 
980044,3.630000114440918 
990006,3.619999885559082 
1000008,3.5899999141693115 
1010024,3.9600000381469727 
1020031,3.680000066757202 
1030034,3.7799999713897705 
1040023,4.010000228881836 
1050012,3.450000047683716 
1060037,3.940000057220459 
1070028,4.349999904632568 
1080040,4.070000171661377 
1090006,3.880000114440918 
1100002,4.070000171661377 
1110004,3.7699999809265137 
1120047,4.039999961853027 
1130034,3.5899999141693115 
1140037,3.690000057220459 
1150038,3.8499999046325684 
1160046,3.9700000286102295 
1170032,4.079999923706055 
1180034,3.9600000381469727 
1190005,3.549999952316284 
1200000,3.559999942779541 
1210030,3.990000009536743 
1220021,4.019999980926514 
1230004,3.990000009536743 
1240021,3.8399999141693115 
1250025,4.039999961853027 
1260027,3.509999990463257 
1270016,3.7699999809265137 
1280008,3.859999895095825 
1290047,4.0 
1300023,3.819999933242798 
1310034,3.740000009536743 
1320017,3.930000066757202 
1330032,4.300000190734863 
1340047,4.079999923706055 
1350004,3.940000057220459 
1360028,4.46999979019165 
1370029,4.380000114440918 
1380011,4.409999847412109 
1390020,4.059999942779541 
1400014,3.759999990463257 
1410017,4.090000152587891 
1420046,3.9200000762939453 
1430026,3.9600000381469727 
1440009,4.21999979019165 
1450014,4.139999866485596 
1460033,4.289999961853027 
1470043,4.21999979019165 
1480002,3.7100000381469727 
1490040,4.260000228881836 
1500005,4.369999885559082 
1510048,4.440000057220459 
1520045,4.820000171661377 
1530007,5.0 
1540020,4.539999961853027 
1550003,4.710000038146973 
1560009,4.25 
1570015,4.699999809265137 
1580001,4.869999885559082 
1590047,4.539999961853027 
1600023,5.019999980926514 
1610000,4.420000076293945 
1620016,4.0 
1630019,4.800000190734863 
1640035,5.010000228881836 
1650031,4.329999923706055 
1660012,4.699999809265137 
1670038,4.300000190734863 
1680045,4.929999828338623 
1690032,4.610000133514404 
1700024,4.710000038146973 
1710003,4.480000019073486 
1720041,4.760000228881836 
1730024,4.369999885559082 
1740027,4.460000038146973 
1750020,4.789999961853027 
1760021,4.980000019073486 
1770007,4.889999866485596 
1780040,4.519999980926514 
1790006,4.960000038146973 
1800003,4.789999961853027 
1810012,4.840000152587891 
1820010,4.699999809265137 
1830001,4.960000038146973 
1840010,5.03000020980835 
1850045,4.909999847412109 
1860024,5.179999828338623 
1870031,5.489999771118164 
1880043,4.869999885559082 
1890024,4.949999809265137 
1900036,5.150000095367432 
1910021,4.699999809265137 
1920014,5.539999961853027 
1930036,5.349999904632568 
1940022,4.96999979019165 
1950027,4.980000019073486 
1960008,5.199999809265137 
1970048,5.489999771118164 
1980029,5.150000095367432 
1990031,4.980000019073486 
2000018,5.260000228881836 
2010023,5.400000095367432 
2020012,5.150000095367432 
2030017,5.929999828338623 
2040028,5.21999979019165 
2050027,5.820000171661377 
2060041,5.079999923706055 
2070042,5.670000076293945 
2080022,5.440000057220459 
2090000,5.809999942779541 
2100029,5.730000019073486 
2110000,6.369999885559082 
2120025,5.619999885559082 
2130034,5.949999809265137 
2140017,5.889999866485596 
2150032,5.860000133514404 
2160016,6.119999885559082 
2170034,5.920000076293945 
2180011,5.610000133514404 
2190025,6.300000190734863 
2200044,6.059999942779541 
2210035,5.940000057220459 
2220001,6.010000228881836 
2230004,6.050000190734863 
2240047,6.420000076293945 
2250020,5.690000057220459 
2260018,6.380000114440918 
2270000,6.230000019073486 
2280030,6.099999904632568 
2290016,5.880000114440918 
2300015,6.190000057220459 
2310030,6.230000019073486 
2320045,6.139999866485596 
2330010,5.78000020980835 
2340006,5.989999771118164 
2350010,7.28000020980835 
2360004,6.619999885559082 
2370047,6.590000152587891 
2380029,7.010000228881836 
2390045,6.690000057220459 
2400005,6.539999961853027 
2410011,7.0 
2420026,6.78000020980835 
2430007,7.010000228881836 
2440011,6.599999904632568 
2450023,6.599999904632568 
2460044,6.480000019073486 
2470022,7.190000057220459 
2480023,6.650000095367432 
2490033,6.880000114440918 
2500023,7.260000228881836 
2510045,6.960000038146973 
2520009,6.949999809265137 
2530037,6.849999904632568 
2540042,7.510000228881836 
2550010,7.019999980926514 
2560022,7.349999904632568 
2570013,7.28000020980835 
2580044,6.989999771118164 
2590044,7.010000228881836 
2600014,6.309999942779541 
2610044,6.840000152587891 
2620043,6.989999771118164 
2630008,7.079999923706055 
2640001,7.039999961853027 
2650017,6.949999809265137 
2660002,7.019999980926514 
2670000,7.079999923706055 
2680008,6.619999885559082 
2690016,6.539999961853027 
2700031,7.349999904632568 
2710005,7.510000228881836 
2720010,7.21999979019165 
2730022,7.53000020980835 
2740013,7.389999866485596 
2750048,6.96999979019165 
2760009,7.159999847412109 
2770030,7.400000095367432 
2780006,7.28000020980835 
2790008,6.71999979019165 
2800035,7.539999961853027 
2810008,7.269999980926514 
2820034,7.5 
2830027,7.949999809265137 
2840011,7.489999771118164 
2850005,7.539999961853027 
2860043,7.329999923706055 
2870049,7.269999980926514 
2880017,7.190000057220459 
2890002,7.599999904632568 
2900022,8.119999885559082 
2910034,7.570000171661377 
2920047,6.900000095367432 
2930004,7.760000228881836 
2940038,7.300000190734863 
2950025,7.730000019073486 
2960002,7.400000095367432 
2970043,8.220000267028809 
2980025,8.0 
2990027,7.869999885559082 
3000033,8.649999618530273 
3010018,7.849999904632568 
3020042,7.159999847412109 
3030002,7.96999979019165 
3040033,7.75 
3050022,7.920000076293945 
3060010,7.929999828338623 
3070022,7.550000190734863 
3080038,8.0600004196167 
3090032,8.050000190734863 
3100034,7.630000114440918 
3110028,8.15999984741211 
3120028,8.010000228881836 
3130019,7.75 
3140013,7.730000019073486 
3150005,7.820000171661377 
3160031,7.940000057220459 
3170000,7.869999885559082 
3180010,8.25 
3190017,8.300000190734863 
3200033,8.649999618530273 
3210005,7.96999979019165 
3220037,7.909999847412109 
3230031,8.510000228881836 
3240022,8.300000190734863 
3250020,7.889999866485596 
3260009,8.619999885559082 
3270013,8.359999656677246 
3280013,7.949999809265137 
3290026,8.010000228881836 
3300013,8.25 
3310006,8.649999618530273 
3320017,8.359999656677246 
3330027,8.039999961853027 
3340032,8.479999542236328 
3350001,8.579999923706055 
3360019,9.0600004196167 
3370001,7.869999885559082 
3380001,8.1899995803833 
3390005,8.199999809265137 
3400017,8.9399995803833 
3410007,8.40999984741211 
3420014,8.520000457763672 
3430041,7.940000057220459 
3440023,8.670000076293945 
3450004,8.640000343322754 
3460017,8.430000305175781 
3470036,8.0 
3480006,8.489999771118164 
3490020,8.170000076293945 
3500012,8.710000038146973 
3510023,8.710000038146973 
3520012,8.5600004196167 
3530017,8.3100004196167 
3540021,8.170000076293945 
3550013,8.329999923706055 
3560024,8.59000015258789 
3570008,8.260000228881836 
3580010,8.329999923706055 
3590049,8.470000267028809 
3600005,8.710000038146973 
3610003,8.449999809265137 
3620004,8.350000381469727 
3630029,8.239999771118164 
3640047,8.520000457763672 
3650024,8.720000267028809 
3660006,8.25 
3670026,9.1899995803833 
3680009,9.020000457763672 
3690005,8.40999984741211 
3700004,8.970000267028809 
3710019,8.680000305175781 
3720005,8.050000190734863 
3730006,8.210000038146973 
3740037,8.479999542236328 
3750023,8.029999732971191 
3760023,8.819999694824219 
3770011,8.550000190734863 
3780028,8.470000267028809 
3790016,8.850000381469727 
3800034,8.5600004196167 
3810036,8.640000343322754 
3820016,8.510000228881836 
3830004,8.199999809265137 
3840029,9.130000114440918 
3850012,8.829999923706055 
3860009,8.789999961853027 
3870027,8.4399995803833 
3880008,8.6899995803833 
3890004,9.0600004196167 
3900034,8.6899995803833 
3910045,8.430000305175781 
3920038,8.210000038146973 
3930017,8.5 
3940023,8.359999656677246 
3950049,8.710000038146973 
3960019,8.380000114440918 
3970009,8.670000076293945 
3980023,8.479999542236328 
3990004,8.819999694824219 
4000012,8.729999542236328 
4010005,9.039999961853027 
4020015,9.15999984741211 
4030000,8.65999984741211 
4040020,9.0600004196167 
4050031,9.510000228881836 
4060024,8.819999694824219 
4070006,8.8100004196167 
4080017,8.800000190734863 
4090001,8.109999656677246 
4100015,9.220000267028809 
4110012,8.8100004196167 
4120028,8.569999694824219 
4130019,9.100000381469727 
4140032,8.569999694824219 
4150024,8.8100004196167 
4160020,8.829999923706055 
4170014,8.479999542236328 
4180000,8.699999809265137 
4190035,9.0 
4200047,8.5600004196167 
4210006,8.640000343322754 
4220043,8.510000228881836 
4230003,9.020000457763672 
4240018,9.449999809265137 
4250023,8.760000228881836 
4260008,9.140000343322754 
4270017,8.829999923706055 
4280043,8.670000076293945 
4290014,9.029999732971191 
4300013,8.579999923706055 
4310016,8.760000228881836 
4320012,8.880000114440918 
4330013,8.449999809265137 
4340009,8.890000343322754 
4350018,9.350000381469727 
4360016,8.970000267028809 
4370010,9.0600004196167 
4380008,9.0 
4390021,8.699999809265137 
4400002,8.270000457763672 
4410005,8.90999984741211 
4420037,8.779999732971191 
4430001,9.260000228881836 
4440011,8.640000343322754 
4450033,9.050000190734863 
4460003,9.220000267028809 
4470010,9.319999694824219 
4480029,8.8100004196167 
4490011,9.3100004196167 
4500009,9.050000190734863 
4510038,9.069999694824219 
4520015,9.170000076293945 
4530039,9.0600004196167 
4540006,9.449999809265137 
4550002,8.789999961853027 
4560015,9.359999656677246 
4570018,9.5 
4580011,9.229999542236328 
4590010,9.020000457763672 
4600004,9.279999732971191 
4610026,8.880000114440918 
4620023,9.430000305175781 
4630017,9.15999984741211 
4640039,8.479999542236328 
4650019,9.050000190734863 
4660015,9.270000457763672 
4670025,9.039999961853027 
4680006,9.210000038146973 
4690004,9.359999656677246 
4700025,8.970000267028809 
4710029,8.739999771118164 
4720005,8.930000305175781 
4730010,8.899999618530273 
4740000,9.329999923706055 
4750028,9.359999656677246 
4760013,9.100000381469727 
4770016,9.079999923706055 
4780014,9.460000038146973 
4790006,9.210000038146973 
4800048,8.850000381469727 
4810017,9.34000015258789 
4820014,9.069999694824219 
4830023,8.979999542236328 
4840012,9.34000015258789 
4850041,9.390000343322754 
4860016,8.84000015258789 
4870000,9.229999542236328 
4880007,9.180000305175781 
4890015,9.289999961853027 
4900046,9.170000076293945 
4910014,9.460000038146973 
4920030,8.930000305175781 
4930002,9.210000038146973 
4940019,9.170000076293945 
4950017,9.210000038146973 
4960010,8.9399995803833 
4970002,9.640000343322754 
4980018,9.199999809265137 
4990016,9.34000015258789 
5000019,9.449999809265137 
5010007,9.329999923706055 
5020036,9.09000015258789 
5030037,9.1899995803833 
5040040,8.819999694824219 
5050011,9.359999656677246 
5060021,8.989999771118164 
5070012,9.25 
5080013,9.239999771118164 
5090003,9.130000114440918 
5100021,9.130000114440918 
5110021,8.6899995803833 
5120038,9.369999885559082 
5130004,8.880000114440918 
5140005,8.800000190734863 
5150038,8.869999885559082 
5160015,9.210000038146973 
5170015,8.979999542236328 
5180001,9.020000457763672 
5190004,9.5 
5200016,8.75 
5210014,9.329999923706055 
5220009,8.869999885559082 
5230007,9.0 
5240003,8.8100004196167 
5250019,8.850000381469727 
5260033,9.1899995803833 
5270020,9.140000343322754 
5280031,8.850000381469727 
5290009,8.960000038146973 
5300007,9.390000343322754 
5310001,9.0600004196167 
5320011,9.130000114440918 
5330002,9.15999984741211 
5340010,8.619999885559082 
5350009,8.84000015258789 
5360027,9.260000228881836 
5370016,9.260000228881836 
5380007,9.210000038146973 
5390033,9.15999984741211 
5400022,9.170000076293945 
5410010,9.170000076293945 
5420008,9.520000457763672 
5430016,9.109999656677246 
5440010,9.079999923706055 
5450030,9.1899995803833 
5460013,9.149999618530273 
5470011,9.1899995803833 
5480002,9.119999885559082 
5490031,8.979999542236328 
5500030,8.850000381469727 
5510007,9.3100004196167 
5520021,9.050000190734863 
5530030,9.220000267028809 
5540027,9.0600004196167 
5550019,9.640000343322754 
5560003,9.210000038146973 
5570018,9.0 
5580019,9.0 
5590034,9.279999732971191 
5600024,9.319999694824219 
5610004,8.970000267028809 
5620006,8.979999542236328 
5630024,9.079999923706055 
5640044,9.390000343322754 
5650027,9.210000038146973 
5660036,9.010000228881836 
5670043,9.0600004196167 
5680035,9.25 
5690016,9.40999984741211 
5700028,9.260000228881836 
5710007,9.039999961853027 
5720029,9.109999656677246 
5730038,8.930000305175781 
5740013,9.020000457763672 
5750020,9.039999961853027 
5760035,8.899999618530273 
5770019,8.989999771118164 
5780023,9.40999984741211 
5790015,9.420000076293945 
5800008,9.34000015258789 
5810017,9.4399995803833 
5820002,9.109999656677246 
5830030,9.329999923706055 
5840023,9.100000381469727 
5850028,9.6899995803833 
5860013,9.3100004196167 
5870007,8.90999984741211 
5880002,8.829999923706055 
5890019,8.869999885559082 
5900005,9.279999732971191 
5910001,9.220000267028809 
5920024,9.15999984741211 
5930000,9.529999732971191 
5940004,9.119999885559082 
5950024,8.979999542236328 
5960026,8.899999618530273 
5970037,8.619999885559082 
5980017,9.069999694824219 
5990000,8.930000305175781 
6000003,9.039999961853027 
6010009,9.149999618530273 
6020017,9.149999618530273 
6030010,9.020000457763672 
6040021,9.329999923706055 
6050033,9.319999694824219 
6060013,8.949999809265137 
6070031,9.25 
6080023,9.3100004196167 
6090003,9.029999732971191 
6100041,9.0600004196167 
6110007,9.3100004196167 
6120007,9.359999656677246 
6130002,9.029999732971191 
6140000,9.180000305175781 
6150019,8.880000114440918 
6160012,9.5600004196167 
6170028,9.300000190734863 
6180013,9.210000038146973 
6190039,9.399999618530273 
6200014,9.210000038146973 
6210004,9.039999961853027 
6220002,9.350000381469727 
6230023,9.069999694824219 
6240001,9.369999885559082 
6250016,9.34000015258789 
6260023,9.510000228881836 
6270017,9.489999771118164 
6280038,8.989999771118164 
6290009,9.180000305175781 
6300015,8.920000076293945 
6310013,8.890000343322754 
6320013,9.369999885559082 
6330012,9.350000381469727 
6340002,9.4399995803833 
6350017,9.5600004196167 
6360018,9.380000114440918 
6370014,9.140000343322754 
6380025,9.09000015258789 
6390033,9.229999542236328 
6400022,8.949999809265137 
6410008,9.34000015258789 
6420046,9.300000190734863 
6430007,9.4399995803833 
6440025,9.550000190734863 
6450010,9.109999656677246 
6460001,9.140000343322754 
6470030,9.25 
6480002,9.289999961853027 
6490010,9.460000038146973 
6500027,9.100000381469727 
6510016,9.289999961853027 
6520009,9.270000457763672 
6530009,8.930000305175781 
6540018,9.039999961853027 
6550034,9.40999984741211 
6560003,9.25 
6570014,9.25 
6580006,8.630000114440918 
6590029,9.050000190734863 
6600012,9.130000114440918 
6610036,9.489999771118164 
6620000,9.390000343322754 
6630022,9.289999961853027 
6640029,9.1899995803833 
6650013,8.880000114440918 
6660009,9.100000381469727 
6670000,9.460000038146973 
6680009,9.550000190734863 
6690018,9.119999885559082 
6700000,9.329999923706055 
6710037,9.350000381469727 
6720014,9.319999694824219 
6730000,8.970000267028809 
6740017,9.199999809265137 
6750016,9.220000267028809 
6760033,9.069999694824219 
6770010,9.329999923706055 
6780013,9.119999885559082 
6790016,9.399999618530273 
6800002,9.220000267028809 
6810028,9.300000190734863 
6820002,9.489999771118164 
6830000,9.140000343322754 
6840009,9.319999694824219 
6850031,9.34000015258789 
6860015,9.210000038146973 
6870020,9.479999542236328 
6880006,9.489999771118164 
6890005,9.34000015258789 
6900033,9.460000038146973 
6910038,9.319999694824219 
6920030,9.260000228881836 
6930000,9.649999618530273 
6940010,9.630000114440918 
6950012,9.0 
6960013,8.899999618530273 
6970014,9.319999694824219 
6980010,9.609999656677246 
6990032,9.010000228881836 
7000008,9.239999771118164 
7010015,9.630000114440918 
7020018,9.0600004196167 
7030029,9.289999961853027 
7040014,9.149999618530273 
7050000,9.770000457763672 
7060001,9.25 
7070012,9.3100004196167 
7080002,9.239999771118164 
7090017,9.329999923706055 
7100025,9.390000343322754 
7110012,8.819999694824219 
7120007,9.460000038146973 
7130022,9.329999923706055 
7140004,9.170000076293945 
7150012,9.149999618530273 
7160003,9.15999984741211 
7170000,9.229999542236328 
7180016,9.40999984741211 
7190002,9.430000305175781 
7200007,8.989999771118164 
7210016,9.380000114440918 
7220019,9.220000267028809 
7230001,8.899999618530273 
7240016,9.210000038146973 
7250012,9.619999885559082 
7260001,9.279999732971191 
7270002,9.390000343322754 
7280026,9.479999542236328 
7290007,9.3100004196167 
7300010,9.470000267028809 
7310009,9.449999809265137 
7320030,8.9399995803833 
7330014,9.579999923706055 
7340026,9.210000038146973 
7350026,9.140000343322754 
7360026,9.579999923706055 
7370024,9.270000457763672 
7380005,9.140000343322754 
7390009,9.4399995803833 
7400006,9.260000228881836 
7410025,9.529999732971191 
7420009,9.34000015258789 
7430030,9.1899995803833 
7440032,9.65999984741211 
7450003,9.329999923706055 
7460023,9.680000305175781 
7470007,9.119999885559082 
7480013,9.210000038146973 
7490001,9.170000076293945 
7500019,9.15999984741211 
7510019,9.460000038146973 
7520016,9.5600004196167 
7530029,9.399999618530273 
7540000,9.390000343322754 
7550010,9.199999809265137 
7560037,9.470000267028809 
7570017,9.399999618530273 
7580003,9.5600004196167 
7590010,9.430000305175781 
7600011,9.670000076293945 
7610006,9.579999923706055 
7620024,9.199999809265137 
7630015,8.869999885559082 
7640019,8.899999618530273 
7650001,9.470000267028809 
7660003,9.15999984741211 
7670006,9.399999618530273 
7680012,9.550000190734863 
7690018,9.399999618530273 
7700034,9.199999809265137 
7710002,9.399999618530273 
7720003,9.539999961853027 
7730008,9.329999923706055 
7740021,9.100000381469727 
7750024,9.270000457763672 
7760035,9.420000076293945 
7770007,9.1899995803833 
7780022,9.420000076293945 
7790027,9.359999656677246 
7800020,9.329999923706055 
7810004,9.369999885559082 
7820021,9.050000190734863 
7830003,9.3100004196167 
7840003,9.40999984741211 
7850018,9.15999984741211 
7860036,9.0600004196167 
7870004,9.300000190734863 
7880003,9.430000305175781 
7890009,9.279999732971191 
7900006,9.329999923706055 
7910014,9.229999542236328 
7920006,9.0 
7930008,8.600000381469727 
7940023,9.4399995803833 
7950015,9.420000076293945 
7960011,9.199999809265137 
7970001,9.260000228881836 
7980018,9.770000457763672 
7990013,9.119999885559082 
8000013,9.300000190734863 
8010002,8.979999542236328 
8020008,9.520000457763672 
8030021,9.220000267028809 
8040014,9.600000381469727 
8050033,9.0600004196167 
8060022,9.399999618530273 
8070010,9.430000305175781 
8080040,9.4399995803833 
8090005,9.630000114440918 
8100004,9.479999542236328 
8110004,9.619999885559082 
8120000,9.119999885559082 
8130040,9.130000114440918 
8140008,9.34000015258789 
8150041,9.239999771118164 
8160031,9.220000267028809 
8170014,9.369999885559082 
8180011,9.739999771118164 
8190017,9.390000343322754 
8200002,9.279999732971191 
8210029,9.720000267028809 
8220011,9.449999809265137 
8230007,9.039999961853027 
8240017,9.579999923706055 
8250023,9.510000228881836 
8260003,9.579999923706055 
8270015,9.239999771118164 
8280022,9.170000076293945 
8290033,8.989999771118164 
8300022,9.40999984741211 
8310013,9.449999809265137 
8320018,9.75 
8330001,9.59000015258789 
8340041,9.329999923706055 
8350010,9.109999656677246 
8360001,9.430000305175781 
8370002,9.579999923706055 
8380007,9.369999885559082 
8390036,9.079999923706055 
8400008,9.170000076293945 
8410007,9.34000015258789 
8420000,9.470000267028809 
8430016,9.069999694824219 
8440009,9.300000190734863 
8450015,9.670000076293945 
8460009,9.399999618530273 
8470007,9.5600004196167 
8480007,9.539999961853027 
8490004,9.510000228881836 
8500014,9.180000305175781 
8510011,9.390000343322754 
8520008,9.34000015258789 
8530016,9.350000381469727 
8540001,9.390000343322754 
8550043,9.260000228881836 
8560015,9.479999542236328 
8570004,9.119999885559082 
8580007,9.399999618530273 
8590002,9.020000457763672 
8600013,9.359999656677246 
8610022,9.470000267028809 
8620000,9.680000305175781 
8630011,9.039999961853027 
8640001,9.3100004196167 
8650004,9.25 
8660009,9.539999961853027 
