10000,0.09096364676952362 
20000,0.10652188211679459 
30000,0.0988670065999031 
40000,0.10777910053730011 
50000,0.09278099238872528 
60000,0.142811119556427 
70000,0.13874828815460205 
80000,0.11827480047941208 
90000,0.13841219246387482 
100000,0.12568670511245728 
110000,0.1393831968307495 
120000,0.131723552942276 
130000,0.13593389093875885 
140000,0.13814744353294373 
150000,0.1524365395307541 
160000,0.1493765413761139 
170000,0.11620450764894485 
180000,0.14145535230636597 
190000,0.13149377703666687 
200000,0.1572725921869278 
210000,0.12382911890745163 
220000,0.14385566115379333 
230000,0.14828701317310333 
240000,0.15637345612049103 
250000,0.14350929856300354 
260000,0.1483694612979889 
270000,0.12883524596691132 
280000,0.13853055238723755 
290000,0.132724329829216 
300000,0.13385577499866486 
310000,0.1348133534193039 
320000,0.12319694459438324 
330000,0.15134620666503906 
340000,0.13947439193725586 
350000,0.13982734084129333 
360000,0.15968318283557892 
370000,0.13765309751033783 
380000,0.1730148196220398 
390000,0.14312081038951874 
400000,0.12225927412509918 
410000,0.1292543262243271 
420000,0.14309681951999664 
430000,0.14568933844566345 
440000,0.14584079384803772 
450000,0.1093025654554367 
460000,0.14827623963356018 
470000,0.1468740701675415 
480039,0.15055683255195618 
490039,0.13725391030311584 
500039,0.1387147456407547 
510027,0.1393444538116455 
520027,0.13228414952754974 
530027,0.1285870224237442 
540027,0.12607614696025848 
550027,0.14284463226795197 
560027,0.15662050247192383 
570027,0.15186817944049835 
580027,0.12121402472257614 
590027,0.14170457422733307 
600027,0.1566677838563919 
610027,0.12575984001159668 
620027,0.14314760267734528 
630027,0.13415613770484924 
640027,0.16617614030838013 
650027,0.12562578916549683 
660027,0.15067511796951294 
670027,0.1475103199481964 
680004,0.1261187046766281 
690004,0.13757123053073883 
700004,0.1424134224653244 
710004,0.1437942534685135 
720004,0.16898541152477264 
730004,0.10586393624544144 
740004,0.12682770192623138 
750004,0.12399391084909439 
760004,0.1617799997329712 
770004,0.1476336270570755 
780004,0.15934672951698303 
790004,0.14522410929203033 
800004,0.15771469473838806 
810004,0.10832686722278595 
820004,0.1372261643409729 
830004,0.1335884928703308 
840004,0.13975811004638672 
850004,0.15040503442287445 
860004,0.1657123565673828 
870004,0.15041407942771912 
880004,0.11817481368780136 
890004,0.14916254580020905 
900004,0.1346224844455719 
910004,0.12584978342056274 
920004,0.12524856626987457 
930004,0.14969493448734283 
940004,0.15580546855926514 
950004,0.16119542717933655 
960004,0.16541317105293274 
970004,0.14313925802707672 
980004,0.12698465585708618 
990004,0.16645506024360657 
1000004,0.13810065388679504 
1010004,0.1822798103094101 
1020004,0.14699119329452515 
1030004,0.15503771603107452 
1040004,0.15178406238555908 
1050004,0.15659762918949127 
1060004,0.18177197873592377 
1070004,0.1593383252620697 
1080004,0.18514829874038696 
1090004,0.2050563395023346 
1100004,0.17658023536205292 
1110004,0.1905023753643036 
1120004,0.1557966023683548 
1130004,0.16913869976997375 
1140004,0.14820067584514618 
1150004,0.18063336610794067 
1160004,0.19963212311267853 
1170004,0.17981386184692383 
1180004,0.19108620285987854 
1190004,0.1842460036277771 
1200004,0.18395844101905823 
1210042,0.19383841753005981 
1220032,0.1814066469669342 
1230032,0.1998378336429596 
1240032,0.21317867934703827 
1250032,0.2141742706298828 
1260032,0.1918821930885315 
1270032,0.17073862254619598 
1280032,0.2212851494550705 
1290032,0.20793811976909637 
1300032,0.1730363667011261 
1310032,0.20384734869003296 
1320032,0.21609042584896088 
1330032,0.20575256645679474 
1340032,0.19235306978225708 
1350032,0.1675431877374649 
1360032,0.20217426121234894 
1370032,0.19315342605113983 
1380032,0.19708797335624695 
1390032,0.22937487065792084 
1400032,0.21595428884029388 
1410032,0.20894990861415863 
1420032,0.22683322429656982 
1430032,0.20024295151233673 
1440032,0.23114711046218872 
1450032,0.21815893054008484 
1460032,0.23407234251499176 
1470032,0.22569014132022858 
1480014,0.244688019156456 
1490014,0.1626528948545456 
1500014,0.21866966784000397 
1510014,0.24156074225902557 
1520014,0.2179509997367859 
1530047,0.24163995683193207 
1540047,0.21794147789478302 
1550047,0.26016345620155334 
1560047,0.21705032885074615 
1570047,0.22578008472919464 
1580047,0.2330625355243683 
1590047,0.26071831583976746 
1600047,0.21028932929039001 
1610047,0.22586733102798462 
1620006,0.2575235664844513 
1630006,0.254544734954834 
1640006,0.23717370629310608 
1650006,0.23920509219169617 
1660014,0.2576536238193512 
1670014,0.2678571939468384 
1680014,0.242215096950531 
1690014,0.2732260227203369 
1700014,0.26323676109313965 
1710049,0.33100995421409607 
1720049,0.271681547164917 
1730023,0.27653396129608154 
1740023,0.2819972336292267 
1750023,0.281933069229126 
1760023,0.2832687199115753 
1770017,0.28336378931999207 
1780017,0.3240664601325989 
1790017,0.34995996952056885 
1800017,0.3104232847690582 
1810017,0.3174767792224884 
1820017,0.3047668933868408 
1830032,0.34166815876960754 
1840047,0.3024812638759613 
1850034,0.3102268576622009 
1860034,0.3022059202194214 
1870011,0.3197975158691406 
1880011,0.3219754099845886 
1890011,0.3269539773464203 
1900001,0.36275941133499146 
1910001,0.354070246219635 
1920012,0.3362062871456146 
1930012,0.368125319480896 
1940012,0.36733734607696533 
1950012,0.3657974302768707 
1960012,0.3755462169647217 
1970012,0.3360384702682495 
1980027,0.3880101144313812 
1990003,0.3473587930202484 
2000003,0.3508489727973938 
2010003,0.3482482135295868 
2020044,0.36972227692604065 
2030039,0.37498438358306885 
2040039,0.3484570384025574 
2050039,0.37011945247650146 
2060035,0.38729527592658997 
2070006,0.39290738105773926 
2080006,0.42199110984802246 
2090006,0.38125282526016235 
2100006,0.37836992740631104 
2110045,0.38022637367248535 
2120045,0.38588839769363403 
2130045,0.4014652371406555 
2140045,0.3748210668563843 
2150045,0.3945346176624298 
2160045,0.3975663483142853 
2170045,0.4006422460079193 
2180040,0.4015297293663025 
2190016,0.3725581765174866 
2200016,0.43283963203430176 
2210018,0.4621482789516449 
2220018,0.45417141914367676 
2230036,0.4446510374546051 
2240019,0.4338204860687256 
2250019,0.42774391174316406 
2260046,0.38597792387008667 
2270046,0.4390040934085846 
2280045,0.4052186608314514 
2290045,0.39366522431373596 
2300028,0.4176052212715149 
2310028,0.4355068504810333 
2320028,0.4495796859264374 
2330028,0.4364396035671234 
2340039,0.4443995952606201 
2350039,0.4201810359954834 
2360039,0.39113926887512207 
2370039,0.4152456223964691 
2380025,0.41458675265312195 
2390014,0.40806224942207336 
2400014,0.447483628988266 
2410036,0.4485892951488495 
2420036,0.452614426612854 
2430016,0.4572087526321411 
2440016,0.403472900390625 
2450016,0.44162896275520325 
2460016,0.4383314251899719 
2470037,0.470999538898468 
2480008,0.4603795111179352 
2490008,0.40984734892845154 
2500008,0.3916866183280945 
2510040,0.4729859530925751 
2520040,0.3988821506500244 
2530008,0.46973785758018494 
2540043,0.4397892653942108 
2550011,0.5068233609199524 
2560011,0.42058509588241577 
2570011,0.4327739477157593 
2580011,0.4501980245113373 
2590011,0.42709410190582275 
2600011,0.4679098129272461 
2610011,0.3980831205844879 
2620032,0.4519052505493164 
2630042,0.4546810984611511 
2640017,0.41366562247276306 
2650017,0.45054590702056885 
2660014,0.41715285181999207 
2670014,0.4382248818874359 
2680028,0.4532235264778137 
2690028,0.4262439012527466 
2700044,0.46551498770713806 
2710044,0.4444546401500702 
2720044,0.4172518849372864 
2730044,0.46806269884109497 
2740024,0.431806743144989 
2750024,0.43018653988838196 
2760024,0.461399108171463 
2770009,0.4845202565193176 
2780009,0.43554455041885376 
2790020,0.4512581527233124 
2800020,0.47128891944885254 
2810029,0.45572754740715027 
2820029,0.4346592426300049 
2830029,0.44283705949783325 
2840029,0.4184926152229309 
2850028,0.4716818332672119 
2860002,0.4536309540271759 
2870002,0.4980508089065552 
2880002,0.46108412742614746 
2890002,0.4093948006629944 
2900002,0.422945111989975 
2910002,0.43631529808044434 
2920002,0.4707799553871155 
2930002,0.39664700627326965 
2940002,0.4207255244255066 
2950002,0.42455238103866577 
2960040,0.47377488017082214 
2970040,0.4785943925380707 
2980040,0.4150882661342621 
2990026,0.42568838596343994 
3000026,0.43994301557540894 
3010026,0.41165703535079956 
3020026,0.4712792634963989 
3030026,0.46844443678855896 
3040038,0.47294217348098755 
3050003,0.45853713154792786 
3060003,0.4389744699001312 
3070028,0.4439469277858734 
3080005,0.4810607433319092 
3090005,0.4528077244758606 
3100005,0.44708168506622314 
3110005,0.4603937268257141 
3120004,0.49671250581741333 
3130004,0.49934837222099304 
3140004,0.4687310755252838 
3150046,0.44075334072113037 
3160046,0.45181769132614136 
3170046,0.4891030788421631 
3180046,0.4346589744091034 
3190021,0.43038085103034973 
3200043,0.47519299387931824 
3210043,0.443942666053772 
3220043,0.4493488073348999 
3230014,0.4527806043624878 
3240045,0.4405234456062317 
3250023,0.46691256761550903 
3260023,0.47883254289627075 
3270023,0.4550460875034332 
3280023,0.46515434980392456 
3290046,0.4766395092010498 
3300041,0.4484005272388458 
3310022,0.4664553105831146 
3320033,0.4831331968307495 
3330008,0.4482685923576355 
3340008,0.4530567526817322 
3350008,0.48692965507507324 
3360008,0.46030330657958984 
3370031,0.46135130524635315 
3380031,0.45346489548683167 
3390031,0.427205890417099 
3400031,0.45451241731643677 
3410031,0.4732207953929901 
3420047,0.4368332028388977 
3430034,0.47417303919792175 
3440016,0.43885138630867004 
3450016,0.46782416105270386 
3460049,0.47111037373542786 
3470049,0.43310219049453735 
3480049,0.45071375370025635 
3490010,0.4752333164215088 
3500034,0.47644951939582825 
3510034,0.44644224643707275 
3520034,0.49725541472435 
3530025,0.4322361648082733 
3540025,0.5138323903083801 
3550025,0.46785902976989746 
3560025,0.43900203704833984 
3570025,0.49631980061531067 
3580019,0.44631537795066833 
3590049,0.5033257603645325 
3600049,0.45968925952911377 
3610049,0.46987155079841614 
3620030,0.4976712465286255 
3630030,0.4806443154811859 
3640009,0.4712974429130554 
3650009,0.4276982843875885 
3660012,0.4737200438976288 
3670012,0.4151974022388458 
3680034,0.4765419363975525 
3690034,0.4631437659263611 
3700034,0.49338528513908386 
3710027,0.46905022859573364 
3720027,0.47709354758262634 
3730027,0.4514812231063843 
3740027,0.4581751227378845 
3750018,0.49923813343048096 
3760048,0.46436941623687744 
3770016,0.42822426557540894 
3780016,0.46180593967437744 
3790016,0.44179531931877136 
3800048,0.47151073813438416 
3810048,0.4689894914627075 
3820044,0.43129289150238037 
3830032,0.47451019287109375 
3840032,0.4599393606185913 
3850022,0.48754146695137024 
3860022,0.5015129446983337 
3870036,0.41840195655822754 
3880036,0.4756341874599457 
3890036,0.49191150069236755 
3900010,0.4439522624015808 
3910010,0.47890403866767883 
3920010,0.47246086597442627 
3930009,0.4211786985397339 
3940009,0.4539450705051422 
3950007,0.49160072207450867 
3960025,0.44792962074279785 
3970010,0.4648708403110504 
3980010,0.46847257018089294 
3990036,0.4563101530075073 
4000036,0.4860819876194 
4010004,0.4867602288722992 
4020004,0.48720458149909973 
4030004,0.4447186291217804 
4040020,0.4432852864265442 
4050039,0.4388473629951477 
4060039,0.4477996528148651 
4070039,0.4479123055934906 
4080039,0.46588820219039917 
4090039,0.4670179784297943 
4100039,0.472036749124527 
4110039,0.45130234956741333 
4120021,0.48107680678367615 
4130004,0.4707687795162201 
4140020,0.5084071755409241 
4150035,0.48094213008880615 
4160035,0.45690619945526123 
4170035,0.46547484397888184 
4180035,0.42569786310195923 
4190035,0.4370254576206207 
4200010,0.43714526295661926 
4210001,0.4549979269504547 
4220001,0.42316627502441406 
4230001,0.437088280916214 
4240001,0.4892324209213257 
4250001,0.48375964164733887 
4260032,0.465678870677948 
4270009,0.43437549471855164 
4280009,0.488693505525589 
4290043,0.44872307777404785 
4300016,0.5024794936180115 
4310016,0.4443225860595703 
4320040,0.4945453703403473 
4330040,0.4750819504261017 
4340008,0.46260374784469604 
4350008,0.47467541694641113 
4360008,0.47507789731025696 
4370008,0.45771411061286926 
4380029,0.41593676805496216 
4390029,0.5043032765388489 
4400029,0.4746781885623932 
4410046,0.5046099424362183 
4420037,0.5068187117576599 
4430037,0.4331381320953369 
4440037,0.4219304621219635 
4450037,0.47172972559928894 
4460037,0.47570741176605225 
4470037,0.48075374960899353 
4480046,0.48747891187667847 
4490032,0.5145632028579712 
4500032,0.4560677707195282 
4510032,0.495540052652359 
4520032,0.48043859004974365 
4530035,0.4642496407032013 
4540035,0.4413434565067291 
4550025,0.4700115919113159 
4560044,0.5066087245941162 
4570023,0.48812487721443176 
4580023,0.4578087627887726 
4590023,0.4882673919200897 
4600037,0.47051772475242615 
4610037,0.4832298755645752 
4620008,0.4545920193195343 
4630008,0.42911824584007263 
4640002,0.48507025837898254 
4650015,0.495764821767807 
4660015,0.4878489375114441 
4670003,0.4496481418609619 
4680033,0.5096004009246826 
4690020,0.45752739906311035 
4700044,0.44097936153411865 
4710007,0.4993728995323181 
4720007,0.44038450717926025 
4730007,0.4659532308578491 
4740007,0.45479559898376465 
4750007,0.5133213996887207 
4760007,0.4738173186779022 
4770007,0.43927234411239624 
4780043,0.4428979754447937 
4790042,0.4632435142993927 
4800042,0.45315730571746826 
4810042,0.47558119893074036 
4820008,0.47752684354782104 
4830043,0.4404240548610687 
4840043,0.46366751194000244 
4850043,0.4837567210197449 
4860043,0.46515247225761414 
4870016,0.4820549488067627 
4880035,0.48740264773368835 
4890009,0.4772266149520874 
4900009,0.4574344754219055 
4910009,0.5023666620254517 
4920030,0.4481375217437744 
4930030,0.47986626625061035 
4940030,0.4380963444709778 
4950030,0.4650135338306427 
4960027,0.4904029369354248 
4970027,0.46343785524368286 
4980027,0.4375171363353729 
4990027,0.5124508142471313 
5000009,0.4548429250717163 
5010009,0.4996173083782196 
5020009,0.4519538879394531 
5030042,0.48972100019454956 
5040035,0.4491231441497803 
5050005,0.46493569016456604 
5060032,0.46090075373649597 
5070016,0.45699867606163025 
5080016,0.4720885753631592 
5090016,0.4691159725189209 
5100016,0.4891301095485687 
5110016,0.4911611080169678 
5120049,0.48250770568847656 
5130018,0.5104745030403137 
5140034,0.449626088142395 
5150015,0.4957529902458191 
5160022,0.4733349680900574 
5170022,0.47647354006767273 
5180020,0.4701083302497864 
5190043,0.49220016598701477 
5200033,0.4865906834602356 
5210033,0.505754828453064 
5220048,0.4594506025314331 
5230029,0.4998181164264679 
5240002,0.4801033139228821 
5250002,0.490034818649292 
5260026,0.44934260845184326 
5270020,0.4670422673225403 
5280020,0.41712379455566406 
5290035,0.42888495326042175 
5300035,0.4783438444137573 
5310035,0.5064533352851868 
5320035,0.4312511682510376 
5330035,0.4787822663784027 
5340035,0.4220123291015625 
5350046,0.4145478308200836 
5360046,0.5069648623466492 
5370005,0.43669068813323975 
5380005,0.45348218083381653 
5390000,0.4617166817188263 
5400011,0.5051378011703491 
5410015,0.4792908728122711 
5420037,0.46123915910720825 
5430037,0.4575379192829132 
5440037,0.4707464277744293 
5450003,0.47383421659469604 
5460025,0.48937931656837463 
5470005,0.49817702174186707 
5480035,0.48153239488601685 
5490000,0.4341992437839508 
5500032,0.4820331633090973 
5510032,0.47843316197395325 
5520042,0.4515307545661926 
5530042,0.446717232465744 
5540042,0.4801459014415741 
5550042,0.44322752952575684 
5560010,0.46732959151268005 
5570010,0.45686405897140503 
5580010,0.41400596499443054 
5590045,0.4930943548679352 
5600045,0.4723128378391266 
5610002,0.46642979979515076 
5620037,0.48904770612716675 
5630005,0.45123982429504395 
5640041,0.460452675819397 
5650004,0.47366881370544434 
5660033,0.4894450306892395 
5670001,0.44140803813934326 
5680000,0.43182846903800964 
5690000,0.48435744643211365 
5700000,0.4616430997848511 
5710043,0.5025992393493652 
5720042,0.45545390248298645 
5730042,0.450400173664093 
5740003,0.4699336588382721 
5750003,0.4843556880950928 
5760003,0.5001190304756165 
5770025,0.5090470314025879 
5780025,0.4861977696418762 
5790025,0.47413480281829834 
5800049,0.45383507013320923 
5810049,0.45464888215065 
5820009,0.4918985366821289 
5830003,0.4224993884563446 
5840003,0.49459975957870483 
5850012,0.4414149820804596 
5860028,0.4566846787929535 
5870028,0.44326677918434143 
5880028,0.473911851644516 
5890039,0.4390411376953125 
5900006,0.4842284023761749 
5910047,0.5092280507087708 
5920047,0.4832894206047058 
5930047,0.4437068700790405 
5940047,0.4817001223564148 
5950047,0.5192290544509888 
5960019,0.4484688639640808 
5970019,0.47911328077316284 
5980036,0.43169474601745605 
5990036,0.49676549434661865 
6000030,0.45639923214912415 
6010030,0.41504693031311035 
6020030,0.5208762288093567 
6030008,0.4851272702217102 
6040023,0.5247055292129517 
6050023,0.48947903513908386 
6060043,0.4635998606681824 
6070043,0.44530636072158813 
6080032,0.47879356145858765 
6090032,0.47179657220840454 
6100032,0.47653236985206604 
6110032,0.4385603070259094 
6120003,0.5355224013328552 
6130003,0.4652159810066223 
6140003,0.47901368141174316 
6150034,0.4893083870410919 
6160034,0.5077179074287415 
6170011,0.4658567011356354 
6180035,0.4927028715610504 
6190035,0.4515376687049866 
6200035,0.5164891481399536 
6210018,0.4930035471916199 
6220018,0.4858967065811157 
6230008,0.49590152502059937 
6240008,0.4310911297798157 
6250008,0.47018182277679443 
6260044,0.4681028425693512 
6270044,0.45705994963645935 
6280044,0.5244995355606079 
6290034,0.47849011421203613 
6300035,0.4569905996322632 
6310035,0.4885801076889038 
6320035,0.49592894315719604 
6330035,0.4938541650772095 
6340035,0.44388285279273987 
6350035,0.5090500712394714 
6360014,0.5114266872406006 
6370014,0.4406895041465759 
6380011,0.4897301197052002 
6390011,0.43689730763435364 
6400011,0.4570854604244232 
6410045,0.4663746953010559 
6420027,0.4569518268108368 
6430027,0.4678283631801605 
6440027,0.4625539481639862 
6450027,0.4704205393791199 
6460030,0.5085057616233826 
6470006,0.44566380977630615 
6480018,0.4787055253982544 
6490018,0.4528096914291382 
6500033,0.451202929019928 
6510004,0.4664565324783325 
6520015,0.46676361560821533 
6530027,0.5067299008369446 
6540030,0.4792850911617279 
6550030,0.46185630559921265 
6560011,0.5266469120979309 
6570018,0.47423824667930603 
6580018,0.5103000402450562 
6590018,0.4404715299606323 
6600018,0.4389469623565674 
6610018,0.44844570755958557 
6620018,0.4713674783706665 
6630031,0.4348171353340149 
6640031,0.45904749631881714 
6650031,0.42643997073173523 
6660002,0.44681021571159363 
6670025,0.4857836961746216 
6680025,0.43760186433792114 
6690021,0.4691709280014038 
6700021,0.5038463473320007 
6710021,0.49566563963890076 
6720021,0.4463891088962555 
6730036,0.4821070730686188 
6740036,0.4947180151939392 
6750036,0.4563344717025757 
6760036,0.45144596695899963 
6770047,0.4536881744861603 
6780044,0.45881012082099915 
6790025,0.4722179174423218 
6800025,0.4794844090938568 
6810002,0.44629108905792236 
6820039,0.4555782675743103 
6830034,0.4684237241744995 
6840034,0.48563116788864136 
6850034,0.4772423803806305 
6860030,0.4646494686603546 
6870014,0.4868167042732239 
6880014,0.47903451323509216 
6890048,0.4795090854167938 
6900049,0.462311714887619 
6910025,0.43343865871429443 
6920009,0.48031365871429443 
6930009,0.4249054789543152 
6940009,0.46219557523727417 
6950009,0.48992642760276794 
6960009,0.4499080777168274 
6970009,0.4562506079673767 
6980006,0.46325188875198364 
6990021,0.4700098931789398 
7000035,0.5110625624656677 
7010019,0.5034376382827759 
7020016,0.46708202362060547 
7030016,0.46453484892845154 
7040001,0.4702721834182739 
7050017,0.4916563034057617 
7060002,0.4510921537876129 
7070033,0.5099421143531799 
7080033,0.5016176104545593 
7090007,0.4487496316432953 
7100033,0.44889193773269653 
7110043,0.47181984782218933 
7120043,0.4363664388656616 
7130008,0.5078440308570862 
7140008,0.46695616841316223 
7150008,0.4753513038158417 
7160008,0.45028236508369446 
7170008,0.46072110533714294 
7180019,0.5044147968292236 
7190039,0.43651583790779114 
7200034,0.44869083166122437 
7210034,0.4801098704338074 
7220034,0.4930099546909332 
7230034,0.4328741133213043 
7240034,0.49920356273651123 
7250034,0.4245145916938782 
7260034,0.4834195673465729 
7270034,0.4390806257724762 
7280034,0.4656970500946045 
7290034,0.5170232057571411 
7300024,0.4703144431114197 
7310021,0.4893082082271576 
7320021,0.4827270209789276 
7330021,0.4227449893951416 
7340021,0.44122326374053955 
7350021,0.4552809000015259 
7360021,0.4647350311279297 
7370021,0.4878752827644348 
7380025,0.4905652701854706 
7390025,0.46019428968429565 
7400025,0.5003230571746826 
7410025,0.44818711280822754 
7420024,0.46706336736679077 
7430024,0.4823055565357208 
7440044,0.5085222721099854 
7450044,0.4814172685146332 
7460044,0.4585568308830261 
7470044,0.46199339628219604 
7480014,0.4713146984577179 
7490014,0.4785606265068054 
7500014,0.4619651138782501 
7510031,0.473425030708313 
7520001,0.47508373856544495 
7530037,0.46638861298561096 
7540037,0.47221970558166504 
7550030,0.48035526275634766 
7560024,0.4588654339313507 
7570006,0.4752803146839142 
7580036,0.47880154848098755 
7590005,0.4364091753959656 
7600023,0.5108240246772766 
7610026,0.46276870369911194 
7620015,0.43819087743759155 
7630047,0.45400992035865784 
7640047,0.49601784348487854 
7650024,0.4882921278476715 
7660003,0.4752136170864105 
7670028,0.4813777804374695 
7680025,0.48667269945144653 
7690025,0.440595805644989 
7700015,0.44816428422927856 
7710015,0.4865540564060211 
7720015,0.45455923676490784 
7730015,0.44418248534202576 
7740012,0.4733887016773224 
7750009,0.4607648551464081 
7760047,0.494048535823822 
7770047,0.42236247658729553 
7780047,0.48847222328186035 
7790047,0.4523474872112274 
7800006,0.5129251480102539 
7810024,0.4613545536994934 
7820021,0.45314955711364746 
7830010,0.4735281467437744 
7840045,0.46822795271873474 
7850000,0.468169242143631 
7860040,0.4642700254917145 
7870040,0.4479834735393524 
7880007,0.46119388937950134 
7890029,0.4366289973258972 
7900020,0.48759347200393677 
7910034,0.40833431482315063 
7920034,0.4491954743862152 
7930030,0.4625278413295746 
7940000,0.449573278427124 
7950000,0.45448580384254456 
7960045,0.47932079434394836 
7970020,0.4451572895050049 
7980009,0.4671708643436432 
7990009,0.4724279046058655 
8000002,0.4573107659816742 
8010002,0.47028014063835144 
8020023,0.5079230666160583 
8030023,0.4787736237049103 
8040023,0.49382293224334717 
8050020,0.4552828073501587 
8060035,0.46626198291778564 
8070035,0.44512489438056946 
8080035,0.45023730397224426 
8090007,0.4995654225349426 
8100047,0.48297810554504395 
8110026,0.4590839445590973 
8120015,0.5013827681541443 
8130015,0.44363638758659363 
8140015,0.4814232587814331 
8150045,0.4596827030181885 
8160034,0.4615910053253174 
8170018,0.4608776867389679 
8180040,0.4530932605266571 
8190040,0.4201472997665405 
8200016,0.44565871357917786 
8210016,0.4753967225551605 
8220016,0.46203547716140747 
8230002,0.5073932409286499 
8240041,0.4847383201122284 
8250011,0.4409640431404114 
8260037,0.44895094633102417 
8270037,0.46436136960983276 
8280037,0.42217886447906494 
8290037,0.4476183354854584 
8300037,0.4477023184299469 
8310009,0.48849859833717346 
8320040,0.4340401887893677 
8330003,0.4414176642894745 
8340003,0.4626840353012085 
8350009,0.510353147983551 
8360040,0.4741629660129547 
8370040,0.4326742887496948 
8380040,0.46593478322029114 
8390040,0.47498080134391785 
8400021,0.4438946545124054 
8410021,0.47854432463645935 
8420021,0.4131802022457123 
8430006,0.46415627002716064 
8440033,0.5050745010375977 
8450025,0.4887954592704773 
8460034,0.50301194190979 
8470012,0.4256621301174164 
8480021,0.4608335793018341 
8490037,0.47613856196403503 
8500037,0.4741095006465912 
8510045,0.4504533112049103 
8520045,0.44994303584098816 
8530045,0.42157119512557983 
8540031,0.47519993782043457 
8550019,0.4390377700328827 
8560019,0.43542948365211487 
8570000,0.505124032497406 
8580020,0.5193198323249817 
8590020,0.4648604094982147 
8600045,0.45801103115081787 
8610045,0.4881102740764618 
8620045,0.4913901090621948 
8630045,0.4695921838283539 
8640029,0.47438371181488037 
8650008,0.45565831661224365 
8660038,0.45276039838790894 
8670038,0.4553041160106659 
8680038,0.5030719637870789 
8690009,0.4919035732746124 
8700030,0.45507803559303284 
8710047,0.4914359748363495 
8720047,0.4903867244720459 
8730022,0.461985319852829 
8740042,0.4806251525878906 
8750034,0.4786592721939087 
8760034,0.423157274723053 
8770024,0.49160802364349365 
8780024,0.44679874181747437 
8790024,0.48775967955589294 
8800002,0.47512269020080566 
8810002,0.4782991111278534 
8820002,0.4979223608970642 
8830031,0.46935519576072693 
8840012,0.4343918263912201 
8850048,0.4807256758213043 
8860022,0.4435960352420807 
8870022,0.45695552229881287 
8880022,0.43628376722335815 
8890022,0.47467735409736633 
8900036,0.49017852544784546 
8910036,0.43738558888435364 
8920036,0.4829064607620239 
8930011,0.4687126874923706 
8940008,0.4896669089794159 
8950000,0.4726586937904358 
8960032,0.472717821598053 
8970047,0.47275906801223755 
8980031,0.47290298342704773 
8990010,0.48689597845077515 
9000042,0.45070385932922363 
9010020,0.4712148904800415 
9020020,0.46796905994415283 
9030015,0.46257495880126953 
9040003,0.4555654227733612 
9050003,0.5074353218078613 
9060003,0.47985729575157166 
9070023,0.4359782934188843 
9080012,0.47262683510780334 
9090006,0.45684584975242615 
9100000,0.42473843693733215 
9110018,0.43306025862693787 
9120008,0.4513372480869293 
9130008,0.4358932077884674 
9140042,0.4510387182235718 
9150009,0.4598904848098755 
9160043,0.45124611258506775 
9170043,0.47165289521217346 
9180036,0.46980029344558716 
9190041,0.47824668884277344 
9200021,0.4789983332157135 
9210014,0.49926018714904785 
9220043,0.4735970199108124 
9230009,0.49112075567245483 
9240000,0.42164289951324463 
9250041,0.48465248942375183 
9260014,0.4816249907016754 
9270025,0.4765191972255707 
9280041,0.4517825245857239 
9290033,0.4564570486545563 
9300018,0.489349365234375 
9310009,0.4872116446495056 
9320037,0.46593472361564636 
9330029,0.4706878364086151 
9340001,0.4826120138168335 
9350045,0.4349958896636963 
9360045,0.4911861717700958 
9370017,0.45566120743751526 
9380043,0.47926461696624756 
9390024,0.479356050491333 
9400030,0.4481441378593445 
9410016,0.48472386598587036 
9420007,0.4977778196334839 
9430038,0.4798375368118286 
9440011,0.4871138632297516 
9450007,0.47296714782714844 
9460026,0.4534902274608612 
9470026,0.4821450710296631 
9480042,0.42969101667404175 
9490042,0.48568955063819885 
9500006,0.47795742750167847 
9510023,0.47272956371307373 
9520029,0.47329002618789673 
9530020,0.461557000875473 
9540038,0.46025168895721436 
9550023,0.4449061155319214 
9560003,0.44887280464172363 
9570035,0.46490478515625 
9580035,0.4684610366821289 
9590006,0.4548296332359314 
9600004,0.48713141679763794 
9610029,0.4419965445995331 
9620019,0.4612887501716614 
9630030,0.5201928019523621 
9640006,0.5217854380607605 
9650035,0.39612555503845215 
9660035,0.46494099497795105 
9670035,0.4551084041595459 
9680017,0.430726557970047 
9690046,0.4807686507701874 
9700011,0.4323391020298004 
9710007,0.48806625604629517 
9720016,0.44917529821395874 
9730032,0.5026960968971252 
9740041,0.4520084261894226 
9750030,0.46238940954208374 
9760003,0.5166019201278687 
9770003,0.4509817063808441 
9780036,0.4622010886669159 
9790044,0.44420310854911804 
9800046,0.4416276216506958 
9810041,0.47804686427116394 
9820028,0.43185654282569885 
9830047,0.4603402316570282 
9840028,0.4904139041900635 
9850030,0.5112305879592896 
9860032,0.4352005422115326 
9870009,0.48980361223220825 
9880045,0.44525450468063354 
9890017,0.4960775375366211 
9900027,0.4884997308254242 
9910045,0.4913993775844574 
9920015,0.46269121766090393 
9930020,0.456607848405838 
9940008,0.44284331798553467 
9950027,0.4776581823825836 
9960026,0.44266512989997864 
9970047,0.4861904978752136 
9980015,0.4991999864578247 
9990030,0.49151596426963806 
10000007,0.4365053176879883 
10010031,0.5003259181976318 
10020031,0.4445033371448517 
10030017,0.4427112638950348 
10040029,0.47854897379875183 
10050006,0.4476829469203949 
10060033,0.500043511390686 
10070030,0.41242900490760803 
10080021,0.4724702537059784 
10090013,0.4890853762626648 
10100015,0.47314393520355225 
10110015,0.4968775808811188 
10120008,0.4637574851512909 
10130008,0.48965615034103394 
10140013,0.47793206572532654 
10150043,0.46920889616012573 
10160028,0.513135552406311 
10170000,0.4725911617279053 
10180008,0.500194787979126 
10190016,0.4656979441642761 
10200008,0.4963296055793762 
10210031,0.4400554597377777 
10220020,0.4650315046310425 
10230012,0.5149550437927246 
10240026,0.48928532004356384 
10250041,0.49509310722351074 
10260038,0.4680647552013397 
10270003,0.47815313935279846 
10280036,0.4704298675060272 
10290013,0.4541381895542145 
10300042,0.4951385259628296 
10310020,0.48587045073509216 
10320032,0.5025740265846252 
10330026,0.4778760075569153 
10340036,0.44564610719680786 
10350036,0.4567318260669708 
10360007,0.44928300380706787 
10370002,0.49930399656295776 
10380046,0.511970043182373 
10390014,0.506700336933136 
10400045,0.46749618649482727 
10410041,0.46522602438926697 
10420020,0.4520435333251953 
10430049,0.4819462299346924 
10440037,0.5014290809631348 
10450026,0.5048094391822815 
10460005,0.4492950141429901 
10470004,0.42876964807510376 
10480027,0.4872013330459595 
10490027,0.45985737442970276 
10500048,0.4698904752731323 
10510004,0.483585000038147 
10520023,0.4561767876148224 
10530018,0.4635077714920044 
10540024,0.4809851050376892 
10550028,0.4876149892807007 
10560009,0.5058714151382446 
10570042,0.46393176913261414 
10580002,0.4738600552082062 
10590027,0.4652172923088074 
10600032,0.4717477858066559 
10610014,0.4751208424568176 
10620014,0.47972580790519714 
10630046,0.45472198724746704 
10640020,0.47973302006721497 
10650010,0.4478108584880829 
10660004,0.47017765045166016 
10670037,0.49018749594688416 
10680028,0.45326659083366394 
10690006,0.4174196124076843 
10700026,0.47111308574676514 
10710027,0.516430139541626 
10720024,0.4461686611175537 
10730045,0.49504461884498596 
10740020,0.47628018260002136 
10750011,0.42729613184928894 
10760025,0.4921858310699463 
10770010,0.4762794077396393 
10780042,0.5027140974998474 
10790026,0.46023109555244446 
10800028,0.4915143549442291 
10810042,0.4685176610946655 
10820020,0.468633234500885 
10830020,0.49265190958976746 
10840041,0.45551902055740356 
10850032,0.4679888188838959 
10860028,0.45315730571746826 
10870044,0.5098720788955688 
10880041,0.44949281215667725 
10890026,0.4776514172554016 
10900026,0.4829871654510498 
10910012,0.42562878131866455 
10920006,0.47409266233444214 
10930028,0.4897022247314453 
10940006,0.4464986324310303 
10950006,0.49753546714782715 
10960006,0.4268101453781128 
10970020,0.47975340485572815 
10980036,0.44113823771476746 
10990020,0.47169867157936096 
11000044,0.4885363280773163 
11010025,0.4651320278644562 
11020023,0.4561042785644531 
11030023,0.43530625104904175 
11040023,0.4844399392604828 
11050046,0.4607858657836914 
11060008,0.47119030356407166 
11070021,0.43057629466056824 
11080006,0.4847041368484497 
11090006,0.46581387519836426 
11100047,0.4477146863937378 
11110024,0.4867395758628845 
11120020,0.4358556270599365 
11130013,0.4992823898792267 
11140031,0.47727444767951965 
11150009,0.5054982900619507 
11160042,0.501850426197052 
11170017,0.4409639835357666 
11180040,0.511425793170929 
11190028,0.4335287809371948 
11200005,0.4982735514640808 
11210042,0.4382595419883728 
11220007,0.43923720717430115 
11230015,0.4940322935581207 
11240039,0.43687930703163147 
11250022,0.4711574912071228 
11260013,0.49517786502838135 
11270001,0.4480843245983124 
11280006,0.44583556056022644 
11290048,0.47959843277931213 
11300023,0.5022530555725098 
11310028,0.44100725650787354 
11320042,0.474450945854187 
11330018,0.475149929523468 
11340006,0.47752243280410767 
11350032,0.44093528389930725 
11360014,0.49221429228782654 
11370011,0.4833935797214508 
11380023,0.5124456882476807 
11390002,0.505504846572876 
11400014,0.463655561208725 
11410006,0.46768122911453247 
11420047,0.48682332038879395 
11430029,0.47350025177001953 
11440047,0.493442565202713 
11450020,0.5036309957504272 
11460012,0.4944404363632202 
11470041,0.5053094625473022 
11480041,0.45564472675323486 
11490039,0.45291149616241455 
11500041,0.4708058834075928 
11510002,0.5273712277412415 
11520035,0.4964463710784912 
11530000,0.46381470561027527 
11540012,0.47191622853279114 
11550021,0.49949130415916443 
11560021,0.48656854033470154 
11570039,0.47250422835350037 
11580024,0.4491104185581207 
11590022,0.4912351965904236 
11600025,0.43410027027130127 
11610005,0.4230645000934601 
11620042,0.5227288603782654 
11630018,0.45880547165870667 
11640005,0.457794189453125 
11650044,0.5014698505401611 
11660008,0.4927169680595398 
11670040,0.4921620488166809 
11680032,0.5198672413825989 
11690000,0.5117425322532654 
11700002,0.42769455909729004 
11710016,0.4781281650066376 
11720044,0.473178505897522 
11730047,0.4528655707836151 
11740007,0.5194122195243835 
11750018,0.4747362434864044 
11760020,0.5019775032997131 
11770048,0.480396568775177 
11780012,0.4705902934074402 
11790039,0.5036144852638245 
11800038,0.4985238313674927 
11810021,0.48717814683914185 
11820010,0.49110496044158936 
11830011,0.4567198157310486 
11840039,0.45986807346343994 
11850035,0.4646887481212616 
11860031,0.4530373513698578 
11870032,0.49475714564323425 
11880035,0.49466174840927124 
11890012,0.4736999571323395 
11900006,0.4655989110469818 
11910038,0.5138394236564636 
11920045,0.5130015015602112 
11930003,0.4516991376876831 
11940047,0.5339494943618774 
11950027,0.5394997000694275 
11960004,0.4713103175163269 
11970019,0.49668410420417786 
11980040,0.5163222551345825 
11990024,0.4738800823688507 
12000029,0.5377594828605652 
12010031,0.5115332007408142 
12020013,0.4771190881729126 
12030014,0.47978416085243225 
12040028,0.5117757320404053 
12050009,0.4774476885795593 
12060026,0.4904062747955322 
12070038,0.5035269260406494 
12080036,0.44855132699012756 
12090002,0.4960383176803589 
12100017,0.49301445484161377 
12110034,0.5110148787498474 
12120003,0.4544263184070587 
12130008,0.4713841676712036 
12140004,0.5324996113777161 
12150031,0.482576459646225 
12160004,0.48711085319519043 
12170049,0.4987829327583313 
12180017,0.4988219439983368 
12190028,0.5084065794944763 
12200039,0.47846123576164246 
12210008,0.4501391649246216 
12220006,0.45476052165031433 
12230023,0.5049378871917725 
12240020,0.47592172026634216 
12250010,0.49971359968185425 
12260026,0.4760913550853729 
12270037,0.4655815362930298 
12280017,0.5274446606636047 
12290007,0.4849855899810791 
12300033,0.4225323796272278 
12310023,0.44215819239616394 
12320023,0.4536791741847992 
12330033,0.5289357304573059 
12340016,0.4692988693714142 
12350028,0.4704524278640747 
12360025,0.4954482614994049 
12370006,0.48877251148223877 
12380048,0.507204532623291 
12390019,0.4933749735355377 
12400004,0.48644784092903137 
12410046,0.4840395748615265 
12420017,0.5223045945167542 
12430002,0.47587186098098755 
12440001,0.504101037979126 
12450048,0.5137677192687988 
12460037,0.47227782011032104 
12470018,0.5046650171279907 
12480033,0.4806804656982422 
12490031,0.4968087077140808 
12500008,0.47334662079811096 
12510041,0.5004745721817017 
12520027,0.518858790397644 
12530007,0.47809532284736633 
12540025,0.4815983176231384 
12550013,0.4605886936187744 
12560010,0.5044732689857483 
12570008,0.5582041144371033 
12580021,0.5061421394348145 
12590012,0.48275071382522583 
12600045,0.5109515190124512 
12610042,0.4825741946697235 
12620031,0.5138900279998779 
12630006,0.48790672421455383 
12640049,0.5183365345001221 
12650046,0.4809436798095703 
12660046,0.4874721169471741 
12670014,0.4286959171295166 
12680034,0.4976106882095337 
12690011,0.5001599788665771 
12700020,0.5501496195793152 
12710005,0.5670389533042908 
12720022,0.51178377866745 
12730042,0.4908956289291382 
12740004,0.5036831498146057 
12750036,0.47160595655441284 
12760049,0.5406114459037781 
12770023,0.48222145438194275 
12780034,0.5127387046813965 
12790006,0.4399092495441437 
12800029,0.4940660893917084 
12810002,0.5264471173286438 
12820008,0.5065159797668457 
12830023,0.4920087158679962 
12840027,0.5161546468734741 
12850042,0.5349907875061035 
12860029,0.4624336361885071 
12870012,0.526419997215271 
12880049,0.48570388555526733 
12890022,0.5094141364097595 
12900025,0.5035333037376404 
12910028,0.5164800882339478 
12920032,0.5483377575874329 
12930040,0.5212500095367432 
12940030,0.536234974861145 
12950037,0.5030456185340881 
12960021,0.4962936341762543 
12970039,0.5005269050598145 
12980029,0.5518386960029602 
12990036,0.516859769821167 
13000033,0.5294961333274841 
13010041,0.4943680465221405 
13020023,0.514600396156311 
13030001,0.4920666515827179 
13040032,0.4486747682094574 
13050019,0.543457567691803 
13060006,0.5157901048660278 
13070000,0.5848395824432373 
13080018,0.501987874507904 
13090049,0.5279518365859985 
13100042,0.5198749303817749 
13110018,0.4971659183502197 
13120046,0.5251042246818542 
13130026,0.5419961810112 
13140032,0.5091047883033752 
13150001,0.473581999540329 
13160021,0.5339165329933167 
13170040,0.5269951224327087 
13180042,0.49075019359588623 
13190041,0.47075125575065613 
13200030,0.49280625581741333 
13210041,0.5559752583503723 
13220035,0.5305860638618469 
13230002,0.4909825623035431 
13240021,0.4840923249721527 
13250002,0.5000964403152466 
13260017,0.5183926224708557 
13270037,0.5230885744094849 
13280047,0.5890965461730957 
13290025,0.528174877166748 
13300048,0.5550491213798523 
13310007,0.5310794115066528 
13320032,0.5248538851737976 
13330003,0.5175047516822815 
13340006,0.4628526270389557 
13350016,0.5255825519561768 
13360034,0.48385199904441833 
13370039,0.5105626583099365 
13380016,0.5409560203552246 
13390020,0.5563863515853882 
13400028,0.47538310289382935 
13410016,0.5378050804138184 
13420004,0.5209236741065979 
13430044,0.5133282542228699 
13440010,0.5331014394760132 
13450014,0.5465134382247925 
13460031,0.5014786720275879 
13470036,0.48474156856536865 
13480037,0.5046801567077637 
13490031,0.5292552709579468 
13500033,0.4953151047229767 
13510000,0.5137380361557007 
13520046,0.49780187010765076 
13530035,0.4941995143890381 
13540008,0.5282942652702332 
13550021,0.4923538863658905 
13560040,0.5334201455116272 
13570033,0.5331326723098755 
13580046,0.4988110363483429 
13590043,0.49736130237579346 
13600031,0.5118326544761658 
13610000,0.5045056939125061 
13620013,0.4984355866909027 
13630029,0.5342740416526794 
13640043,0.4950130581855774 
13650000,0.5041820406913757 
13660008,0.5452964305877686 
13670041,0.519650936126709 
13680032,0.5266298055648804 
13690046,0.5341807007789612 
13700003,0.5934244394302368 
13710027,0.46525290608406067 
13720012,0.4999143183231354 
13730033,0.5414091348648071 
13740043,0.5180243253707886 
13750016,0.5335033535957336 
13760044,0.5215291380882263 
13770012,0.5183850526809692 
13780007,0.4973617494106293 
13790024,0.5374544262886047 
13800022,0.4964182674884796 
13810017,0.5299333930015564 
13820016,0.5171315670013428 
13830027,0.5290486216545105 
13840016,0.5012173056602478 
13850014,0.5203527212142944 
13860025,0.5537405014038086 
13870045,0.5382700562477112 
13880005,0.5038111209869385 
13890002,0.5126429200172424 
13900045,0.5130687355995178 
13910004,0.5268262028694153 
13920028,0.5167962312698364 
13930049,0.5297319293022156 
13940006,0.5144439935684204 
13950043,0.5214431285858154 
13960014,0.5386337637901306 
13970005,0.49759620428085327 
13980031,0.5446926355361938 
13990001,0.5058485269546509 
14000049,0.5466258525848389 
14010004,0.5152974128723145 
14020007,0.5421092510223389 
14030026,0.5492586493492126 
14040025,0.5446423888206482 
14050006,0.49182578921318054 
14060001,0.4854327440261841 
14070032,0.539440929889679 
14080049,0.5327437520027161 
14090045,0.5238645672798157 
14100029,0.5291746258735657 
14110026,0.5293288230895996 
14120030,0.4935838282108307 
14130033,0.5499751567840576 
14140023,0.5285683274269104 
14150048,0.49851638078689575 
14160048,0.5396884679794312 
14170033,0.5415194630622864 
14180040,0.4442055821418762 
14190045,0.4677453339099884 
14200021,0.5373308658599854 
14210039,0.5178196430206299 
14220026,0.4874301254749298 
14230048,0.4945301115512848 
14240002,0.5130409002304077 
14250028,0.5711667537689209 
14260026,0.5187849998474121 
14270031,0.5450661182403564 
14280025,0.5406860709190369 
14290028,0.5003550052642822 
14300035,0.5036159157752991 
14310012,0.5094013214111328 
14320044,0.5074215531349182 
14330000,0.5327504873275757 
14340009,0.5400506854057312 
14350049,0.5552588701248169 
14360037,0.5337300300598145 
14370020,0.522758424282074 
14380025,0.5144628286361694 
14390049,0.48611506819725037 
14400005,0.47477778792381287 
14410044,0.5271351337432861 
14420011,0.5137872695922852 
14430008,0.5561419129371643 
14440035,0.5135661959648132 
14450048,0.4757409393787384 
14460049,0.4340355396270752 
14470026,0.5541844367980957 
14480020,0.5453331470489502 
14490038,0.5232784152030945 
14500029,0.56927090883255 
14510009,0.48695218563079834 
14520027,0.528527021408081 
14530005,0.5272917151451111 
14540014,0.5029996633529663 
14550005,0.5014287233352661 
14560002,0.48766013979911804 
14570033,0.5662906169891357 
14580019,0.5335556864738464 
14590030,0.48293164372444153 
14600036,0.5266105532646179 
14610041,0.5603696703910828 
14620036,0.5149986743927002 
14630005,0.5339895486831665 
14640002,0.4802266061306 
14650001,0.5032790899276733 
14660022,0.47746410965919495 
14670009,0.5552298426628113 
14680017,0.5464684963226318 
14690030,0.5107794404029846 
14700039,0.5574343204498291 
14710013,0.5224742889404297 
14720043,0.5235329866409302 
14730022,0.4969511330127716 
14740038,0.5037115216255188 
14750040,0.5223444700241089 
14760009,0.5090973377227783 
14770013,0.4775932729244232 
14780046,0.45811671018600464 
14790012,0.5516879558563232 
14800035,0.5283656716346741 
14810045,0.5230596661567688 
14820029,0.5194239616394043 
14830016,0.5488645434379578 
14840028,0.5251001715660095 
14850031,0.5355519652366638 
14860043,0.5324582457542419 
14870011,0.5473288893699646 
14880007,0.4815513491630554 
14890018,0.5487834811210632 
14900034,0.5273650884628296 
14910010,0.5059313774108887 
14920047,0.5447199940681458 
14930001,0.5176339745521545 
14940001,0.5498377680778503 
14950026,0.4963047504425049 
14960033,0.5369529724121094 
14970023,0.5173612236976624 
14980002,0.49740123748779297 
14990031,0.48022422194480896 
15000014,0.5460684895515442 
15010014,0.4553128480911255 
15020021,0.5193536877632141 
15030029,0.5626449584960938 
15040032,0.5618972182273865 
15050005,0.514426589012146 
15060022,0.513840913772583 
15070002,0.519538938999176 
15080039,0.4792204201221466 
15090000,0.5582029223442078 
15100041,0.5286073088645935 
15110039,0.5387511849403381 
15120022,0.5224840044975281 
15130046,0.502687931060791 
15140004,0.5220998525619507 
15150030,0.5277960300445557 
15160047,0.546998143196106 
15170023,0.5319526195526123 
15180007,0.497511088848114 
15190038,0.5092595219612122 
15200014,0.5314154028892517 
15210030,0.49253004789352417 
15220001,0.5463799238204956 
15230007,0.5255319476127625 
15240000,0.5373611450195312 
15250008,0.5176751017570496 
15260040,0.4647060036659241 
15270003,0.5011999011039734 
15280031,0.5412589907646179 
15290015,0.5027146935462952 
15300030,0.555016815662384 
15310016,0.5338796377182007 
15320011,0.5281243920326233 
15330002,0.5360308885574341 
15340043,0.5445801615715027 
15350019,0.5076435804367065 
15360010,0.525528073310852 
15370003,0.5727595686912537 
15380048,0.5161619782447815 
15390037,0.5008537769317627 
15400011,0.523348331451416 
15410027,0.4811743497848511 
15420014,0.5465071797370911 
15430039,0.5195680856704712 
15440037,0.4848802983760834 
15450021,0.5561405420303345 
15460047,0.5247694253921509 
15470021,0.5398420095443726 
15480040,0.541121244430542 
15490047,0.502884030342102 
15500025,0.5348946452140808 
15510011,0.5487217903137207 
15520009,0.5916258096694946 
15530009,0.5597293972969055 
15540020,0.5605659484863281 
15550014,0.5520961284637451 
15560010,0.5437520146369934 
15570047,0.5137931108474731 
15580044,0.5100278258323669 
15590009,0.5187393426895142 
15600001,0.5113001465797424 
15610010,0.5283723473548889 
15620045,0.5639797449111938 
15630009,0.5340308547019958 
15640014,0.4635663330554962 
15650046,0.5020624399185181 
15660031,0.5560088157653809 
15670023,0.5339872241020203 
15680040,0.5635576844215393 
15690004,0.5433599948883057 
15700017,0.5626845955848694 
15710018,0.5483210682868958 
15720013,0.5285362005233765 
15730006,0.5655436515808105 
15740005,0.569190263748169 
15750036,0.5280153155326843 
15760027,0.5241678357124329 
15770037,0.5566351413726807 
15780000,0.5331012010574341 
15790038,0.518128514289856 
15800022,0.5277937054634094 
15810000,0.5316718816757202 
15820004,0.5467898845672607 
15830003,0.5430185794830322 
15840017,0.5504873394966125 
15850037,0.5172915458679199 
15860028,0.5541470050811768 
15870031,0.5199851393699646 
15880014,0.5443376302719116 
15890006,0.5254684686660767 
15900045,0.5552474856376648 
15910049,0.5738434195518494 
15920009,0.5194455981254578 
15930012,0.5865738987922668 
15940035,0.5576211214065552 
15950019,0.5302350521087646 
15960020,0.5448811650276184 
15970032,0.5299424529075623 
15980015,0.5765747427940369 
15990010,0.5525861978530884 
16000027,0.5265737771987915 
16010039,0.4673120975494385 
16020007,0.5306139588356018 
16030035,0.5010556578636169 
16040035,0.5378079414367676 
16050006,0.5170214176177979 
16060023,0.5634744167327881 
16070032,0.5447078347206116 
16080015,0.543285608291626 
16090038,0.5240610241889954 
16100030,0.5030702948570251 
16110030,0.5511268377304077 
16120007,0.5234485268592834 
16130033,0.5217764377593994 
16140028,0.5490115284919739 
16150034,0.5688621997833252 
16160005,0.5590687394142151 
16170046,0.5362781286239624 
16180030,0.5082032084465027 
16190042,0.5460849404335022 
16200001,0.5762331485748291 
16210008,0.5175235271453857 
16220042,0.5494311451911926 
16230008,0.5205963850021362 
16240013,0.5268940925598145 
16250030,0.494843065738678 
16260043,0.47462818026542664 
16270027,0.5511720776557922 
16280010,0.5596713423728943 
16290022,0.5496420860290527 
16300021,0.5196439623832703 
16310021,0.48541706800460815 
16320005,0.4889812767505646 
16330027,0.5845303535461426 
16340018,0.5312942862510681 
16350029,0.5338054299354553 
16360009,0.5439911484718323 
16370028,0.5686786770820618 
16380030,0.5481191873550415 
16390030,0.5277810096740723 
16400013,0.5812163352966309 
16410007,0.5390493273735046 
16420039,0.5738511085510254 
16430030,0.545249342918396 
16440047,0.5139511823654175 
16450022,0.5208060145378113 
16460030,0.5118036866188049 
16470025,0.5690667629241943 
16480019,0.5050679445266724 
16490001,0.5394569039344788 
16500029,0.5261558294296265 
16510012,0.5214439630508423 
16520004,0.5139884352684021 
16530003,0.539660632610321 
16540034,0.549224317073822 
16550034,0.5371557474136353 
16560040,0.5159001350402832 
16570044,0.48701995611190796 
16580028,0.5298306941986084 
16590002,0.5777598023414612 
16600011,0.5115492343902588 
16610034,0.5348265171051025 
16620007,0.5254702568054199 
16630000,0.5410580635070801 
16640038,0.5117156505584717 
16650022,0.5280278325080872 
16660022,0.5630083680152893 
16670009,0.5253228545188904 
16680045,0.5335214734077454 
16690017,0.5109623074531555 
16700044,0.5523900389671326 
16710042,0.5383684635162354 
16720021,0.5691859126091003 
16730005,0.5256842374801636 
16740035,0.5901382565498352 
16750006,0.5540128946304321 
16760031,0.5611305832862854 
16770012,0.5352417230606079 
16780010,0.50074303150177 
16790035,0.5561012029647827 
16800038,0.5330355763435364 
16810008,0.530303955078125 
16820029,0.5463645458221436 
16830024,0.507012665271759 
16840028,0.492382287979126 
16850045,0.5082554221153259 
16860014,0.5428434014320374 
16870029,0.5616117715835571 
16880029,0.5299276113510132 
16890023,0.4996609091758728 
16900015,0.49782830476760864 
16910025,0.5137144327163696 
16920009,0.5104135870933533 
16930033,0.5428069829940796 
16940029,0.5372946858406067 
16950006,0.5774059891700745 
16960021,0.5433863997459412 
16970026,0.546840250492096 
16980004,0.5474569797515869 
16990033,0.5333048105239868 
17000000,0.6101274490356445 
17010010,0.5191290378570557 
17020034,0.516712486743927 
17030006,0.5342797040939331 
17040001,0.47767719626426697 
17050019,0.5549694299697876 
17060011,0.5308384299278259 
17070009,0.4957572817802429 
17080007,0.5524370074272156 
17090003,0.483671635389328 
17100029,0.5468215346336365 
17110016,0.506504476070404 
17120049,0.5336916446685791 
17130017,0.5491593480110168 
17140046,0.5491408109664917 
17150027,0.540378749370575 
17160016,0.5467914342880249 
17170012,0.5262269377708435 
17180026,0.5548626184463501 
17190020,0.5628767013549805 
17200007,0.5282038450241089 
17210049,0.5297508835792542 
17220010,0.49986863136291504 
17230033,0.5201598405838013 
17240003,0.5357590317726135 
17250028,0.5441621541976929 
17260037,0.5687102675437927 
17270044,0.5382958054542542 
17280018,0.5780138969421387 
17290028,0.5501568913459778 
17300019,0.5523310303688049 
17310032,0.5741584300994873 
17320029,0.5435362458229065 
17330022,0.47905948758125305 
17340010,0.5639342665672302 
17350026,0.4733487367630005 
17360031,0.5258696675300598 
17370041,0.5137453675270081 
17380039,0.5211557745933533 
17390022,0.5332858562469482 
17400042,0.5096502900123596 
17410007,0.5706647634506226 
17420016,0.5894277095794678 
17430005,0.5558685064315796 
17440007,0.4954752027988434 
17450038,0.5403002500534058 
17460004,0.5094735026359558 
17470023,0.5173010230064392 
17480010,0.4911919832229614 
17490026,0.5375936627388 
17500010,0.5195298194885254 
17510012,0.5929898619651794 
17520017,0.5611554980278015 
17530045,0.4939345419406891 
17540017,0.5465212464332581 
17550037,0.5229228734970093 
17560026,0.5069110989570618 
17570012,0.5509405732154846 
17580026,0.5506517887115479 
17590045,0.5278111100196838 
17600031,0.5333980917930603 
17610007,0.5261387825012207 
17620049,0.5303487181663513 
17630004,0.5524641871452332 
17640032,0.5246673822402954 
17650020,0.4851604402065277 
17660047,0.5599286556243896 
17670013,0.5465105175971985 
17680026,0.5774971842765808 
17690003,0.47940632700920105 
17700018,0.5033910870552063 
17710021,0.5375657081604004 
17720019,0.6011450290679932 
17730027,0.5120940208435059 
17740039,0.592926025390625 
17750008,0.5586170554161072 
17760019,0.5947508215904236 
17770034,0.5678644776344299 
17780017,0.5937967896461487 
17790010,0.5453359484672546 
17800024,0.5872687697410583 
17810029,0.532891035079956 
17820023,0.5428428053855896 
17830016,0.5559481382369995 
17840014,0.5391663908958435 
17850010,0.5505424737930298 
17860019,0.5421888828277588 
17870025,0.5418646335601807 
17880003,0.5296139717102051 
17890007,0.5543202757835388 
17900010,0.5639351010322571 
17910027,0.5561591386795044 
17920048,0.5782878398895264 
17930008,0.5072567462921143 
17940044,0.5134534239768982 
17950024,0.5304244160652161 
17960044,0.5094147324562073 
17970033,0.495771586894989 
17980015,0.5425134897232056 
17990042,0.52873295545578 
18000011,0.5530068874359131 
18010002,0.5218733549118042 
18020042,0.5716438889503479 
18030019,0.5354533195495605 
18040013,0.541790246963501 
18050004,0.5766497850418091 
18060022,0.5568903088569641 
18070045,0.5544449687004089 
18080027,0.5513098239898682 
18090045,0.5450589656829834 
18100016,0.556411623954773 
18110036,0.5366935133934021 
18120044,0.531879723072052 
18130043,0.5320287942886353 
18140009,0.49658122658729553 
18150000,0.5501968264579773 
18160032,0.5656936764717102 
18170049,0.5723270177841187 
18180043,0.5620357990264893 
18190049,0.5352507829666138 
18200007,0.5734146237373352 
18210047,0.5460018515586853 
18220048,0.6031140089035034 
18230003,0.5782431960105896 
18240009,0.5547155737876892 
18250030,0.5563307404518127 
18260048,0.5393825173377991 
18270022,0.571619987487793 
18280007,0.5443179607391357 
18290039,0.520470917224884 
18300037,0.509408175945282 
18310046,0.5047775506973267 
18320010,0.5693209767341614 
18330014,0.5317115187644958 
18340012,0.543307363986969 
18350040,0.5424038767814636 
18360022,0.5558901429176331 
18370012,0.5535019636154175 
18380002,0.5598973631858826 
18390047,0.5372933149337769 
18400026,0.519665002822876 
18410016,0.5038071274757385 
18420011,0.5349940657615662 
18430040,0.5485648512840271 
18440014,0.5512263774871826 
18450035,0.5311011672019958 
18460003,0.5734763145446777 
18470043,0.5541741847991943 
18480020,0.5258519053459167 
18490040,0.5677962303161621 
18500009,0.5285688042640686 
18510019,0.5428779721260071 
18520032,0.5449671745300293 
18530044,0.5605655908584595 
18540028,0.52703458070755 
18550040,0.5612190365791321 
18560035,0.5248724222183228 
18570004,0.5393723249435425 
18580015,0.5505679845809937 
18590021,0.517086923122406 
18600004,0.5832415223121643 
18610045,0.4772642254829407 
18620044,0.5427610874176025 
18630014,0.5400344729423523 
18640010,0.5766712427139282 
18650047,0.5277780294418335 
18660022,0.5363886952400208 
18670000,0.5011715888977051 
18680039,0.5226942300796509 
18690004,0.5368295907974243 
18700017,0.5384329557418823 
18710038,0.5280740857124329 
18720014,0.5274123549461365 
18730022,0.5336349606513977 
18740012,0.5121092200279236 
18750044,0.5876345038414001 
18760044,0.5396343469619751 
18770033,0.5315123200416565 
18780000,0.5392435193061829 
18790041,0.48805662989616394 
18800010,0.5406236052513123 
18810013,0.5675639510154724 
18820023,0.5558455586433411 
18830007,0.5621480941772461 
18840035,0.5066250562667847 
18850035,0.5495826005935669 
18860033,0.5360379219055176 
18870036,0.5509181022644043 
18880034,0.5801364779472351 
18890003,0.573352038860321 
18900015,0.5913400053977966 
18910041,0.5066490173339844 
18920040,0.5586403012275696 
18930000,0.5223378539085388 
18940000,0.5537116527557373 
18950041,0.5203542709350586 
18960045,0.5337828397750854 
18970005,0.5179576277732849 
18980046,0.5158381462097168 
18990010,0.5376812815666199 
19000045,0.5320961475372314 
19010006,0.5240269899368286 
19020028,0.5310247540473938 
19030033,0.5086312890052795 
19040014,0.545345664024353 
19050021,0.5599645376205444 
19060034,0.592877984046936 
19070032,0.6224384903907776 
19080009,0.48202797770500183 
19090018,0.6094632148742676 
19100048,0.47276392579078674 
19110032,0.5793118476867676 
19120019,0.5272464156150818 
19130017,0.5375460982322693 
19140043,0.5238339304924011 
19150038,0.5658489465713501 
19160034,0.535027265548706 
19170018,0.5906121730804443 
19180011,0.6030617356300354 
19190001,0.5673609375953674 
19200006,0.5855114459991455 
19210036,0.5213540196418762 
19220000,0.5649421215057373 
19230004,0.5674473643302917 
19240030,0.5536437034606934 
19250026,0.520575761795044 
19260007,0.5067291259765625 
19270027,0.563872218132019 
19280010,0.5502555966377258 
19290010,0.5838416814804077 
19300045,0.5763593316078186 
19310024,0.5537539124488831 
19320029,0.5662359595298767 
19330032,0.5304961204528809 
19340035,0.5813186168670654 
19350010,0.5636564493179321 
19360043,0.5927165150642395 
19370011,0.5567924380302429 
19380041,0.5194579362869263 
19390006,0.5273485779762268 
19400015,0.6029592752456665 
19410045,0.5468874573707581 
19420048,0.5203347206115723 
19430042,0.5516822338104248 
19440025,0.5239757299423218 
19450027,0.5409165620803833 
19460017,0.5688220858573914 
19470010,0.5434545874595642 
19480017,0.5429301261901855 
19490041,0.5254010558128357 
19500031,0.5167133808135986 
19510045,0.5423329472541809 
19520034,0.5222879648208618 
19530027,0.6111865639686584 
19540003,0.5100408792495728 
19550036,0.5617386698722839 
19560002,0.5788657665252686 
19570020,0.5230482220649719 
19580002,0.5569141507148743 
19590037,0.5251054167747498 
19600013,0.572323739528656 
19610021,0.5567119717597961 
19620037,0.5464731454849243 
19630039,0.5617940425872803 
19640024,0.5459707379341125 
19650022,0.5878227353096008 
19660006,0.5540890097618103 
19670043,0.5599434971809387 
19680004,0.5747373104095459 
19690018,0.5750759840011597 
19700000,0.5843607783317566 
19710041,0.5860342383384705 
19720005,0.5801239609718323 
19730010,0.6187142133712769 
19740039,0.5577799677848816 
19750029,0.571110725402832 
19760000,0.5482187867164612 
19770036,0.546120822429657 
19780002,0.5952839851379395 
19790019,0.6079714298248291 
19800034,0.5478734374046326 
19810039,0.49109745025634766 
19820028,0.5751563906669617 
19830022,0.49572014808654785 
19840012,0.5352250337600708 
19850018,0.544943630695343 
19860041,0.608506977558136 
19870006,0.5607863068580627 
19880024,0.5024831295013428 
19890002,0.5569615960121155 
19900035,0.5437286496162415 
19910028,0.5319282412528992 
19920036,0.5650809407234192 
19930025,0.5486676096916199 
19940044,0.5775459408760071 
19950025,0.569898247718811 
19960027,0.5456302165985107 
19970013,0.515993058681488 
19980003,0.5685640573501587 
19990007,0.5038530230522156 
20000001,0.5671331882476807 
20010036,0.5267040133476257 
20020037,0.5769345760345459 
20030041,0.5404824018478394 
20040000,0.5502555966377258 
20050019,0.542513906955719 
20060027,0.5449880361557007 
20070026,0.5451911091804504 
20080030,0.5872485637664795 
20090021,0.5472233295440674 
20100009,0.5508382320404053 
20110036,0.5290706157684326 
20120029,0.5989547371864319 
20130045,0.5707416534423828 
20140040,0.5437209606170654 
20150039,0.5387675166130066 
20160044,0.5524862408638 
20170009,0.523206889629364 
20180043,0.5407415628433228 
20190026,0.5773609280586243 
20200012,0.5944629311561584 
20210006,0.5365133881568909 
20220004,0.576242983341217 
20230007,0.518000066280365 
20240025,0.5910475254058838 
20250031,0.5515089631080627 
20260035,0.5985156297683716 
20270031,0.5220345854759216 
20280025,0.5563977956771851 
20290030,0.5378440618515015 
20300001,0.5857062935829163 
20310008,0.5823550820350647 
20320032,0.5357391834259033 
20330009,0.577626645565033 
20340044,0.5716667771339417 
20350027,0.5558273792266846 
20360046,0.5219976902008057 
20370048,0.5327270030975342 
20380012,0.5706184506416321 
20390035,0.5350432991981506 
20400020,0.6200389862060547 
20410038,0.5558689832687378 
20420043,0.5171013474464417 
20430044,0.5326173305511475 
20440026,0.5812061429023743 
20450015,0.5466528534889221 
20460039,0.5856723189353943 
20470011,0.5126968622207642 
20480014,0.5192221999168396 
20490023,0.5070357322692871 
20500024,0.562662661075592 
20510007,0.5915607213973999 
20520036,0.5564507842063904 
20530043,0.5682196617126465 
20540030,0.5846779346466064 
20550016,0.5511629581451416 
20560041,0.5718709230422974 
20570036,0.5293443202972412 
20580030,0.4907394349575043 
20590018,0.5769378542900085 
20600003,0.5856765508651733 
20610010,0.5276805758476257 
20620016,0.5353978872299194 
20630048,0.5861643552780151 
20640004,0.590404748916626 
20650038,0.6264602541923523 
20660032,0.5582228302955627 
20670040,0.5329838395118713 
20680000,0.5421518087387085 
20690020,0.5758470296859741 
20700008,0.5633389949798584 
20710018,0.5829002857208252 
20720044,0.5395951867103577 
20730038,0.5488464832305908 
20740009,0.558009147644043 
20750043,0.5794607400894165 
20760017,0.5814395546913147 
20770005,0.5334932208061218 
20780022,0.5996914505958557 
20790027,0.5644949078559875 
20800005,0.5957416296005249 
20810020,0.5488419532775879 
20820003,0.5628461837768555 
20830011,0.58493971824646 
20840003,0.5708296298980713 
20850004,0.6068834066390991 
20860004,0.6089529395103455 
20870012,0.5802076458930969 
20880032,0.6001174449920654 
20890011,0.5258210897445679 
20900006,0.5307533740997314 
20910045,0.5872898101806641 
20920012,0.5685056447982788 
20930040,0.5667814016342163 
20940034,0.6307600140571594 
20950032,0.5731059908866882 
20960025,0.5947920083999634 
20970017,0.5796904563903809 
20980018,0.5396460890769958 
20990026,0.5607032179832458 
21000027,0.5679450035095215 
21010001,0.5619361400604248 
21020023,0.5765928030014038 
21030047,0.5372909307479858 
21040015,0.57731032371521 
21050043,0.5603160858154297 
21060002,0.5812143683433533 
21070002,0.5952441096305847 
21080039,0.5734617710113525 
21090020,0.5805745124816895 
21100008,0.5853151679039001 
21110043,0.6148010492324829 
21120042,0.5781233310699463 
21130044,0.5544555187225342 
21140041,0.5141005516052246 
21150038,0.5259582996368408 
21160012,0.534118115901947 
21170033,0.5810641646385193 
21180029,0.5608342885971069 
21190024,0.5651101469993591 
21200039,0.5677446126937866 
21210045,0.5799999237060547 
21220014,0.5281934142112732 
21230031,0.5675809979438782 
21240040,0.5153353810310364 
21250012,0.5667989253997803 
21260030,0.530782163143158 
21270040,0.5213586688041687 
21280026,0.5605224370956421 
21290031,0.5516110062599182 
21300024,0.5777072310447693 
21310007,0.5591902732849121 
21320001,0.5695225596427917 
21330013,0.5204797983169556 
21340024,0.5696700811386108 
21350011,0.5795646905899048 
21360003,0.6000041365623474 
21370010,0.565051794052124 
21380026,0.5360423922538757 
21390025,0.5020670890808105 
21400006,0.5299484133720398 
21410030,0.529504656791687 
21420023,0.5300282835960388 
21430004,0.5681038498878479 
21440022,0.5382391214370728 
21450000,0.5375382900238037 
21460014,0.4915320873260498 
21470012,0.5996209979057312 
21480028,0.5649109482765198 
21490017,0.5474615693092346 
21500001,0.5619350671768188 
21510021,0.5404244065284729 
21520033,0.5200039148330688 
21530035,0.5190646648406982 
21540037,0.5835989117622375 
21550010,0.5278261303901672 
21560003,0.5163013935089111 
21570020,0.599921464920044 
21580008,0.526309072971344 
21590010,0.5698611736297607 
21600019,0.5701488256454468 
21610023,0.6016592979431152 
21620039,0.5628780126571655 
21630045,0.5337510108947754 
21640000,0.5534543395042419 
21650002,0.5704679489135742 
21660045,0.5825259685516357 
21670036,0.5022826790809631 
21680028,0.5869160890579224 
21690033,0.5070011019706726 
21700035,0.5340643525123596 
21710015,0.5593720078468323 
21720009,0.5629487037658691 
21730036,0.5349563360214233 
21740005,0.5592641234397888 
21750011,0.5702769756317139 
21760009,0.5715246796607971 
21770043,0.5820062756538391 
21780030,0.5484545826911926 
21790042,0.5284034013748169 
21800044,0.5450013279914856 
21810041,0.5607954859733582 
21820043,0.5605525374412537 
21830012,0.5252403616905212 
21840018,0.540438711643219 
21850021,0.5612335801124573 
21860008,0.6058129668235779 
21870048,0.5841216444969177 
21880001,0.6080222725868225 
21890038,0.6067653298377991 
21900012,0.5354068875312805 
21910002,0.5800061225891113 
21920046,0.5338159799575806 
21930036,0.5951833724975586 
21940039,0.5500944256782532 
21950045,0.5966269969940186 
21960019,0.5945537090301514 
21970030,0.5082299709320068 
21980029,0.6084520220756531 
21990044,0.5394004583358765 
22000011,0.5706061720848083 
22010021,0.5809842944145203 
22020003,0.4697338044643402 
22030027,0.5221140384674072 
22040024,0.5852022767066956 
22050005,0.6030285358428955 
22060011,0.618308961391449 
22070010,0.5400748252868652 
22080007,0.5559729337692261 
22090002,0.5560144186019897 
22100022,0.5112611055374146 
22110016,0.5504088401794434 
22120031,0.5653512477874756 
22130016,0.571584939956665 
22140038,0.5238016247749329 
22150049,0.6173344850540161 
22160035,0.5301145315170288 
22170040,0.5271341800689697 
22180026,0.6042566299438477 
22190010,0.5699952244758606 
22200044,0.6058708429336548 
22210047,0.5831813216209412 
22220037,0.628098726272583 
22230013,0.5384893417358398 
22240030,0.5373300909996033 
22250030,0.5769766569137573 
22260014,0.5127341747283936 
22270018,0.5270267724990845 
22280031,0.518431544303894 
22290022,0.5566018223762512 
22300024,0.6026419997215271 
22310000,0.561708927154541 
22320016,0.5352112054824829 
22330028,0.5302188992500305 
22340024,0.5992085337638855 
22350030,0.5904766917228699 
22360030,0.6013115048408508 
22370019,0.5222851037979126 
22380021,0.5432279706001282 
22390046,0.597348690032959 
22400021,0.5203652381896973 
22410035,0.5314193964004517 
22420049,0.5694442987442017 
22430005,0.5882301330566406 
22440003,0.5486997365951538 
22450022,0.5662484169006348 
22460039,0.5390359163284302 
22470002,0.5537801384925842 
22480016,0.5137324333190918 
22490045,0.5319579839706421 
22500002,0.5952531695365906 
22510003,0.5330959558486938 
22520006,0.5461421012878418 
22530019,0.6246016025543213 
22540001,0.5172073245048523 
22550021,0.5370402336120605 
22560012,0.5436820387840271 
22570019,0.5493719577789307 
22580007,0.5608823895454407 
22590014,0.5796287655830383 
22600006,0.5872951745986938 
22610017,0.5655866265296936 
22620003,0.5428616404533386 
22630036,0.5381643176078796 
22640013,0.5600766539573669 
22650028,0.5461752414703369 
22660001,0.5670003890991211 
22670000,0.5836644768714905 
22680048,0.5891562700271606 
22690016,0.5151377320289612 
22700030,0.56621915102005 
22710022,0.5659622550010681 
22720015,0.6000694632530212 
22730004,0.5547893643379211 
22740016,0.5218982696533203 
22750016,0.5513378381729126 
22760034,0.5556113719940186 
22770049,0.5470123291015625 
22780003,0.5617519617080688 
22790028,0.5731723308563232 
22800034,0.5430129766464233 
22810033,0.5400117635726929 
22820013,0.5454388856887817 
22830023,0.5242380499839783 
22840016,0.5910193920135498 
22850009,0.5468094348907471 
22860030,0.5587165355682373 
22870028,0.5760769844055176 
22880001,0.5457870364189148 
22890004,0.58913254737854 
22900021,0.5154908895492554 
22910003,0.5241186618804932 
22920026,0.577159583568573 
22930047,0.5806368589401245 
22940048,0.6017789244651794 
22950000,0.5855615139007568 
22960017,0.556832492351532 
22970018,0.5736966133117676 
22980035,0.5698643326759338 
22990036,0.5840082764625549 
23000002,0.5873773694038391 
23010049,0.6120645403862 
23020010,0.5697935223579407 
23030029,0.6066414713859558 
23040017,0.5350791811943054 
23050018,0.5837394595146179 
23060012,0.5458570122718811 
23070025,0.543234646320343 
23080034,0.5592572689056396 
23090037,0.544302225112915 
23100042,0.5413409471511841 
23110030,0.5682623386383057 
23120010,0.5685508251190186 
23130022,0.6013647317886353 
23140033,0.5543544292449951 
23150001,0.561801552772522 
23160025,0.535268247127533 
23170002,0.5676615238189697 
23180009,0.5548761487007141 
23190029,0.5269730091094971 
23200027,0.5552037358283997 
23210046,0.5704005360603333 
23220038,0.4923113286495209 
23230038,0.5891462564468384 
23240029,0.5861965417861938 
23250046,0.595695436000824 
23260048,0.5074452757835388 
23270011,0.5850127339363098 
23280032,0.5775876045227051 
23290004,0.5590909123420715 
23300043,0.5876361727714539 
23310034,0.5440266132354736 
23320018,0.6133460402488708 
23330010,0.5617183446884155 
23340020,0.5382141470909119 
23350036,0.5738692879676819 
23360005,0.5794641375541687 
23370017,0.5425146818161011 
23380004,0.6457054615020752 
23390039,0.6099765300750732 
23400027,0.5507472157478333 
23410012,0.5822276473045349 
23420020,0.5792173147201538 
23430015,0.5778679847717285 
23440008,0.5459257364273071 
23450042,0.5423060059547424 
23460006,0.5985473394393921 
23470020,0.5573523640632629 
23480037,0.5621085166931152 
23490020,0.5620319843292236 
23500006,0.5383209586143494 
23510049,0.5263296365737915 
23520010,0.6052183508872986 
23530004,0.5504845976829529 
23540034,0.5712593197822571 
23550002,0.5513543486595154 
23560021,0.5510679483413696 
23570037,0.5810970664024353 
23580028,0.562160849571228 
23590010,0.603171169757843 
23600033,0.6080001592636108 
23610004,0.5398794412612915 
23620024,0.6044496893882751 
23630027,0.5720844864845276 
23640005,0.529833197593689 
23650048,0.5733859539031982 
23660028,0.5786991119384766 
23670018,0.5852237939834595 
23680002,0.5919217467308044 
23690025,0.5621106028556824 
23700039,0.5802856087684631 
23710047,0.5398125052452087 
23720044,0.5510707497596741 
23730034,0.5706331133842468 
23740042,0.5490550398826599 
23750039,0.5882479548454285 
23760026,0.5602505207061768 
23770001,0.5440281629562378 
23780008,0.5840919017791748 
23790002,0.5485343933105469 
23800014,0.5761322379112244 
23810001,0.6037981510162354 
23820021,0.5854505896568298 
23830004,0.6096786260604858 
23840005,0.5920783281326294 
23850024,0.5508992075920105 
23860048,0.5523120164871216 
23870003,0.5658857226371765 
23880023,0.5516260266304016 
23890022,0.5828607082366943 
23900005,0.5683832168579102 
23910048,0.5274816155433655 
23920027,0.5698978304862976 
23930018,0.5408363938331604 
23940033,0.5742713809013367 
23950036,0.6026782393455505 
23960022,0.5496309399604797 
23970042,0.567433774471283 
23980004,0.4751911163330078 
23990036,0.5445274114608765 
24000008,0.5902101397514343 
24010007,0.5369218587875366 
24020031,0.537737250328064 
24030048,0.5753365755081177 
24040013,0.5625210404396057 
24050007,0.5837608575820923 
24060010,0.5371387600898743 
24070033,0.5880950689315796 
24080005,0.6199309825897217 
24090022,0.5477882027626038 
24100033,0.5658625364303589 
24110015,0.5284929871559143 
24120044,0.5319087505340576 
24130019,0.541785478591919 
24140015,0.5571605563163757 
24150040,0.5908022522926331 
24160001,0.5930929780006409 
24170014,0.5272939801216125 
24180043,0.528428316116333 
24190035,0.5059998035430908 
24200026,0.5558980107307434 
24210006,0.5838093161582947 
24220026,0.5377017855644226 
24230005,0.5624252557754517 
24240013,0.5819184184074402 
24250015,0.5849385857582092 
24260001,0.5549137592315674 
24270007,0.5748451352119446 
24280023,0.6007157564163208 
24290020,0.5689591765403748 
24300007,0.5587859749794006 
24310008,0.515339195728302 
24320007,0.562430202960968 
24330003,0.5822617411613464 
24340004,0.5854312777519226 
24350017,0.5338388681411743 
24360008,0.5805497169494629 
24370042,0.5740327835083008 
24380008,0.5321754217147827 
