10000,0.09092510267510268 
20000,0.09805704630336982 
30000,0.10153230927998731 
40000,0.10588304873231344 
50000,0.10282633951016304 
60000,0.1293564252225243 
70000,0.1338328744269147 
80000,0.1399599150849151 
90000,0.14299161214602388 
100000,0.12810508935508935 
110000,0.12936978299478297 
120000,0.14232089487739644 
130000,0.1366027653547003 
140000,0.14629839104394057 
150000,0.1414883048882662 
160000,0.14337853853662674 
170000,0.12061257367933063 
180000,0.14261568986568984 
190000,0.14122159365831968 
200000,0.1493224475687711 
210000,0.14251260259348494 
220000,0.1530195226385242 
230000,0.1449402711151937 
240000,0.1757668418183124 
250000,0.13968918557792395 
260000,0.1471399420582857 
270000,0.14283458391024179 
280000,0.14089844836536014 
290000,0.12487270673512935 
300000,0.13739727143771263 
310000,0.13489615172838856 
320000,0.13726264960959234 
330000,0.16040353669378438 
340000,0.14183166384269325 
350000,0.14064585199801918 
360000,0.14336995398392458 
370000,0.13298014328722532 
380000,0.15094927213309567 
390000,0.13884336537645361 
400000,0.12140736864614574 
410000,0.13756551495889732 
420000,0.15187641310358027 
430000,0.13315051073797204 
440000,0.15081441954158673 
450000,0.12246411268470091 
460000,0.14843353786736138 
470000,0.15462765246879023 
480039,0.14040446776976975 
490039,0.13531517420488007 
500039,0.12221149365770108 
510027,0.14033768577054181 
520027,0.13817820842298395 
530027,0.1304761153878801 
540027,0.1251914523170328 
550027,0.12821338302220656 
560027,0.15722909321071085 
570027,0.1304624982860277 
580027,0.14170621921937712 
590027,0.1463986989103088 
600027,0.1519243199610847 
610027,0.127971823111529 
620027,0.13898537695964167 
630027,0.14583898985001928 
640027,0.14491740305188447 
650027,0.13497751356400736 
660027,0.13989429625671887 
670027,0.14430680675533616 
680004,0.13629561604116558 
690004,0.13691943146722557 
700004,0.14588818330362446 
710004,0.13789017151149502 
720004,0.1539790678877366 
730004,0.1399120444399082 
740004,0.14373475318541107 
750004,0.13327612297832886 
760004,0.14817424629034537 
770004,0.14418611380879182 
780004,0.1421286168896463 
790004,0.13461338843904636 
800004,0.14193178594281536 
810004,0.1116380612851201 
820004,0.14241665687253924 
830004,0.13927886696636696 
840004,0.14300486003411195 
850004,0.13619206107789697 
860004,0.15158449451735057 
870004,0.15375025413183308 
880004,0.14044325037707392 
890004,0.13810286260866755 
900004,0.1460954757961337 
910004,0.13897867429697924 
920004,0.1400842446811874 
930004,0.15325754953251086 
940004,0.15805779991422406 
950004,0.15408194991283228 
960004,0.14802128424980596 
970004,0.14390285817124052 
980004,0.1534210758496749 
990004,0.16516591700782876 
1000004,0.1396182787800435 
1010004,0.17716252813234237 
1020004,0.1412495688436091 
1030004,0.1585378326738621 
1040004,0.14261839875810464 
1050004,0.16635479961215252 
1060004,0.1531633052405111 
1070004,0.17173682739259363 
1080004,0.1767631910573087 
1090004,0.19085906699509642 
1100004,0.17680816077197656 
1110004,0.184934128779717 
1120004,0.15491472130810366 
1130004,0.1739650512885807 
1140004,0.16751712911271735 
1150004,0.19651047645165293 
1160004,0.18330280836724333 
1170004,0.19070889690374984 
1180004,0.18958707999516822 
1190004,0.18529177685060041 
1200004,0.1923986885147876 
1210042,0.17677752855540388 
1220032,0.19491149251075718 
1230032,0.18289081158779305 
1240032,0.2003782583730339 
1250032,0.21103646884161592 
1260032,0.19493461644564586 
1270032,0.18478044178044178 
1280032,0.2224977083674839 
1290032,0.22289768687195155 
1300032,0.1937425005335222 
1310032,0.19836250677427145 
1320032,0.19345166849404463 
1330032,0.1895992380727288 
1340032,0.2051701970415206 
1350032,0.18142433699341595 
1360032,0.21145990170390325 
1370032,0.20902944348822833 
1380032,0.2020597726362045 
1390032,0.2120277981607316 
1400032,0.22567087202013675 
1410032,0.20580127141949897 
1420032,0.2249326353685874 
1430032,0.2094175965932932 
1440032,0.21263523995354489 
1450032,0.22516976201902672 
1460032,0.22130047760117422 
1470032,0.2212450666163901 
1480014,0.23471753614033028 
1490014,0.19357302499272314 
1500014,0.21445510513738067 
1510014,0.22152287459272751 
1520014,0.2256591215157391 
1530047,0.2379705530911575 
1540047,0.214505666718902 
1550047,0.24010734445293266 
1560047,0.2059765161309279 
1570047,0.22379034239754056 
1580047,0.2519228775395571 
1590047,0.24508655661074394 
1600047,0.2167201044354682 
1610047,0.2301302239427239 
1620006,0.25542642466752374 
1630006,0.22932936333961876 
1640006,0.2366529951601546 
1650006,0.24399290578702343 
1660014,0.259519098434814 
1670014,0.27323982798247504 
1680014,0.2699620006111879 
1690014,0.26195868184103477 
1700014,0.2581655266603022 
1710049,0.3031510900451799 
1720049,0.2607748948033391 
1730023,0.274382323859491 
1740023,0.27539684661743485 
1750023,0.28044209108315143 
1760023,0.29564937595084656 
1770017,0.2908332288626406 
1780017,0.3015425259939579 
1790017,0.3221977136425666 
1800017,0.31886901048298105 
1810017,0.3281105487649606 
1820017,0.32233803021883517 
1830032,0.34280331676651166 
1840047,0.3144195476051223 
1850034,0.30670374048895716 
1860034,0.3124438775878404 
1870011,0.3299658087011028 
1880011,0.3108320794702374 
1890011,0.30530240777454404 
1900001,0.34694052726599167 
1910001,0.33733875335191127 
1920012,0.33357058794942906 
1930012,0.3545296805447734 
1940012,0.338151745743077 
1950012,0.3548445861843695 
1960012,0.3487701515675587 
1970012,0.34657839623396897 
1980027,0.382002965980139 
1990003,0.3488220550519312 
2000003,0.3656423046767474 
2010003,0.3721234157569297 
2020044,0.3607662135374562 
2030039,0.36041949961802905 
2040039,0.36699169303348866 
2050039,0.39073487133781254 
2060035,0.37585166781252904 
2070006,0.38101976454917635 
2080006,0.40079217553172664 
2090006,0.380278799459914 
2100006,0.38492522366264625 
2110045,0.3678469170786708 
2120045,0.3960196163915204 
2130045,0.387458672454996 
2140045,0.39720611116179994 
2150045,0.3789042248601072 
2160045,0.37855219004851365 
2170045,0.40444795651974447 
2180040,0.3954751710175443 
2190016,0.39442565033006205 
2200016,0.4283516997708174 
2210018,0.4514622339266533 
2220018,0.4309982486768477 
2230036,0.4500330775133233 
2240019,0.4059509204675613 
2250019,0.4335340331538087 
2260046,0.4061478790066887 
2270046,0.4289033364081739 
2280045,0.41425050522250284 
2290045,0.4041677267520921 
2300028,0.4434006989097934 
2310028,0.4370714273471626 
2320028,0.4321840965192358 
2330028,0.42559211499285027 
2340039,0.43889007190783913 
2350039,0.41368315056976046 
2360039,0.40434641057686727 
2370039,0.4267723331235328 
2380025,0.440275786176328 
2390014,0.43334126576038345 
2400014,0.4399682454628275 
2410036,0.4465965533019967 
2420036,0.4514805798776386 
2430016,0.44262386019698524 
2440016,0.41968004419900706 
2450016,0.4266140922416078 
2460016,0.43230241168360356 
2470037,0.4510171664254193 
2480008,0.4501384189211201 
2490008,0.42856003793677944 
2500008,0.4189508620249719 
2510040,0.45450130642820447 
2520040,0.39002585359686753 
2530008,0.46763346940726974 
2540043,0.424608335753495 
2550011,0.4772132720865306 
2560011,0.419558446627332 
2570011,0.4306429097003787 
2580011,0.4429261856564488 
2590011,0.43741813752552916 
2600011,0.44433228944258363 
2610011,0.4299417048809464 
2620032,0.4548318706889244 
2630042,0.454307883609903 
2640017,0.4426668683054132 
2650017,0.43650423147114326 
2660014,0.4661191293573115 
2670014,0.44012807585001856 
2680028,0.45143430566065845 
2690028,0.45037770481152833 
2700044,0.4801573771295595 
2710044,0.4296113722878429 
2720044,0.41898962155405656 
2730044,0.46687675106541204 
2740024,0.4554218314365373 
2750024,0.4325346778909085 
2760024,0.4540622794173491 
2770009,0.4789899454690476 
2780009,0.42853917951673365 
2790020,0.44736707011786725 
2800020,0.46519628926285267 
2810029,0.47653006665817993 
2820029,0.45463405809148 
2830029,0.4612327931356569 
2840029,0.42709862361916806 
2850028,0.4611989184727274 
2860002,0.44863348628925254 
2870002,0.47797724088795396 
2880002,0.4629732895673298 
2890002,0.41826989520197727 
2900002,0.45475938348287415 
2910002,0.45059582084582084 
2920002,0.4472080589259382 
2930002,0.4229111249517596 
2940002,0.42387103733040266 
2950002,0.4343791751763888 
2960040,0.4510852871001385 
2970040,0.47323836784130896 
2980040,0.4205789347821082 
2990026,0.4187876776001776 
3000026,0.4364310263395016 
3010026,0.44441259557436025 
3020026,0.4597390330472761 
3030026,0.45834998818261197 
3040038,0.4556929744854286 
3050003,0.45367403079806334 
3060003,0.4604815722203493 
3070028,0.4500881865346308 
3080005,0.45875992022683193 
3090005,0.45523608907432433 
3100005,0.44956074148160063 
3110005,0.4801598797444386 
3120004,0.4878207803061091 
3130004,0.46268946892031254 
3140004,0.4619849586687822 
3150046,0.4313927264405071 
3160046,0.43347932255652843 
3170046,0.484513483227299 
3180046,0.4554684278569727 
3190021,0.44484443450426425 
3200043,0.45999298832116176 
3210043,0.45107132889040785 
3220043,0.4712531302976349 
3230014,0.4541187781946296 
3240045,0.43804475311683855 
3250023,0.45754500899856937 
3260023,0.44282587057335504 
3270023,0.4530683479102597 
3280023,0.4763297577895101 
3290046,0.4502517537969903 
3300041,0.44239422093214664 
3310022,0.45204301744007624 
3320033,0.48418921883121774 
3330008,0.449692420797297 
3340008,0.48731800775763623 
3350008,0.47857968423923636 
3360008,0.46174445826361465 
3370031,0.4595025869695478 
3380031,0.46749521370899766 
3390031,0.45373659265571026 
3400031,0.46723976421325486 
3410031,0.4871294991558149 
3420047,0.4578230244581153 
3430034,0.4692766949682584 
3440016,0.44480635757860987 
3450016,0.47017556720884895 
3460049,0.46266644530587975 
3470049,0.44451365138129845 
3480049,0.4715309037367861 
3490010,0.4774882434601862 
3500034,0.4852285111986856 
3510034,0.4595388598759342 
3520034,0.4826122841511773 
3530025,0.466491257366217 
3540025,0.4861727234529428 
3550025,0.4886395381364422 
3560025,0.46886900311590707 
3570025,0.4647541149940531 
3580019,0.45684813094971766 
3590049,0.47607772996444964 
3600049,0.4636732174344403 
3610049,0.4654687402595684 
3620030,0.4746857209873014 
3630030,0.4564517688408942 
3640009,0.4893532448588563 
3650009,0.44474897138035685 
3660012,0.4851530046547606 
3670012,0.4461125765574295 
3680034,0.4736902104872624 
3690034,0.4908442498334139 
3700034,0.49017481007554536 
3710027,0.4678800142433986 
3720027,0.47936468154308715 
3730027,0.47783646912942573 
3740027,0.46063895091836266 
3750018,0.49427112988490696 
3760048,0.46520367313306643 
3770016,0.4561213537279714 
3780016,0.44183012889243545 
3790016,0.4192802621999603 
3800048,0.4533261011947302 
3810048,0.46801798197502537 
3820044,0.464580750948398 
3830032,0.46086140086879424 
3840032,0.46394942312589366 
3850022,0.45642496121869186 
3860022,0.4943150980641306 
3870036,0.45985824405490777 
3880036,0.4550037875136559 
3890036,0.5075055549455704 
3900010,0.44254457797104857 
3910010,0.46928922764971526 
3920010,0.4616888316576784 
3930009,0.44703513969690434 
3940009,0.452067599003164 
3950007,0.45769551294938293 
3960025,0.4427884682811673 
3970010,0.47471406835338725 
3980010,0.4591703290474575 
3990036,0.45431682753664177 
4000036,0.47796091962604603 
4010004,0.4784911648164357 
4020004,0.4805662790726645 
4030004,0.4392551189135942 
4040020,0.458887051534688 
4050039,0.45084881063636667 
4060039,0.4414047321142909 
4070039,0.4619591821362332 
4080039,0.4532317949769828 
4090039,0.45882853994560646 
4100039,0.4664764824313973 
4110039,0.46798137608006024 
4120021,0.46251166186324855 
4130004,0.4780234435327314 
4140020,0.48724113914724326 
4150035,0.4583656089668981 
4160035,0.44408471430530255 
4170035,0.4644311592690075 
4180035,0.44446537193886265 
4190035,0.4487458769945225 
4200010,0.4567334091562033 
4210001,0.4433063007254184 
4220001,0.441862803196975 
4230001,0.44866207981475015 
4240001,0.47024221729852533 
4250001,0.45881357076016516 
4260032,0.4773013927483452 
4270009,0.4524760640116678 
4280009,0.48663920120557114 
4290043,0.4359850360838069 
4300016,0.5088537140748828 
4310016,0.4540199882461879 
4320040,0.48587489113169535 
4330040,0.46348334089800813 
4340008,0.46805345458634934 
4350008,0.47884541887850707 
4360008,0.4571771555972407 
4370008,0.4461929039098157 
4380029,0.4388110592785746 
4390029,0.47150664724852026 
4400029,0.4735286150038472 
4410046,0.4796630187393091 
4420037,0.48251733386582457 
4430037,0.45788037001697984 
4440037,0.4366362170251489 
4450037,0.47397978459878615 
4460037,0.45235784517769817 
4470037,0.46608105847540826 
4480046,0.46238762159872554 
4490032,0.4960265265350404 
4500032,0.45101729913533317 
4510032,0.4883650778830732 
4520032,0.46047804135149334 
4530035,0.4675464224757233 
4540035,0.4494372525694121 
4550025,0.4814536474662248 
4560044,0.4701140525114694 
4570023,0.46156447072994367 
4580023,0.44135004905225494 
4590023,0.485233384262796 
4600037,0.4653783945706685 
4610037,0.4633960956269393 
4620008,0.46234926348161637 
4630008,0.44154139502997863 
4640002,0.5043523300090695 
4650015,0.48551006170108796 
4660015,0.48418090835892696 
4670003,0.44726822446559283 
4680033,0.4995682466819429 
4690020,0.45541146884834793 
4700044,0.46550039358423906 
4710007,0.47726101905920015 
4720007,0.46375132480608483 
4730007,0.46494446257217154 
4740007,0.46442734791438345 
4750007,0.4997356078948571 
4760007,0.47301291211798174 
4770007,0.45095161948045076 
4780043,0.46292019144763935 
4790042,0.46124901270470153 
4800042,0.45203043769955525 
4810042,0.46889100244440796 
4820008,0.4778616099243034 
4830043,0.46226176907827893 
4840043,0.4684960608977552 
4850043,0.4605980490527704 
4860043,0.4709548298923299 
4870016,0.4926206588389251 
4880035,0.4804266163422395 
4890009,0.4716834594760544 
4900009,0.44782796954507476 
4910009,0.4793877467776461 
4920030,0.4690470860853468 
4930030,0.48899441000176297 
4940030,0.44198595893607 
4950030,0.46290149206228925 
4960027,0.477325930648299 
4970027,0.4652100659703214 
4980027,0.4394462492057306 
4990027,0.5167149805603752 
5000009,0.4705450760358112 
5010009,0.4737563409242976 
5020009,0.4813344664666259 
5030042,0.47931934479922095 
5040035,0.4494684550485634 
5050005,0.4791930198069904 
5060032,0.47009893816476234 
5070016,0.4510407088826207 
5080016,0.45876205904089035 
5090016,0.46565260646646095 
5100016,0.4889690540797352 
5110016,0.4699951439814056 
5120049,0.47508510820626704 
5130018,0.48594364671706003 
5140034,0.44732710204705795 
5150015,0.4764198934743272 
5160022,0.4664248875133307 
5170022,0.48172241406684135 
5180020,0.4632953209373602 
5190043,0.48063744833533656 
5200033,0.469606296760515 
5210033,0.4878246830568812 
5220048,0.43502376730912845 
5230029,0.4800790246260448 
5240002,0.45366717931191614 
5250002,0.49212606803241477 
5260026,0.4512071367860148 
5270020,0.46619951341660126 
5280020,0.42681422804062125 
5290035,0.4423915827449629 
5300035,0.46910273427552845 
5310035,0.4819265886117666 
5320035,0.4323736345998343 
5330035,0.4978412423704606 
5340035,0.43250922301812394 
5350046,0.4264393403781602 
5360046,0.4816133890619184 
5370005,0.44850011080680585 
5380005,0.4705972645130927 
5390000,0.4575323499385032 
5400011,0.4797889763088922 
5410015,0.44935545586335757 
5420037,0.4400351487656834 
5430037,0.4507942899034231 
5440037,0.4520024403915658 
5450003,0.45829773265127954 
5460025,0.47538643936453656 
5470005,0.4985370229830369 
5480035,0.45888032601158146 
5490000,0.4401907872184575 
5500032,0.4788054570539206 
5510032,0.4792511867217749 
5520042,0.45259586810289176 
5530042,0.46674501466026236 
5540042,0.46308764560602794 
5550042,0.4657976157829099 
5560010,0.4542166376365293 
5570010,0.44907018327819415 
5580010,0.44232840824036646 
5590045,0.4824487591717618 
5600045,0.47654244409701063 
5610002,0.46301301966007846 
5620037,0.4854177083452533 
5630005,0.4620528013223446 
5640041,0.45185468263422146 
5650004,0.480942219072637 
5660033,0.48035434415338296 
5670001,0.4880057027371605 
5680000,0.43625259673247285 
5690000,0.4787936455529335 
5700000,0.46143299397111315 
5710043,0.4749832912117465 
5720042,0.4576692188530423 
5730042,0.4473375591341922 
5740003,0.47323064321729186 
5750003,0.475653828885253 
5760003,0.4965068770883399 
5770025,0.4943934358003717 
5780025,0.4499351024792201 
5790025,0.4624369119442649 
5800049,0.47222825949779423 
5810049,0.4560151335807295 
5820009,0.5053607628181932 
5830003,0.43853651897208396 
5840003,0.47493197976344265 
5850012,0.4623107068806204 
5860028,0.4612132201043296 
5870028,0.41998793357522657 
5880028,0.4648786705341592 
5890039,0.4552874755669923 
5900006,0.4712821716682011 
5910047,0.4852412176472986 
5920047,0.48308520865099813 
5930047,0.45870758571493864 
5940047,0.48680685405066215 
5950047,0.5069755681410093 
5960019,0.46541810026059255 
5970019,0.4841651832429696 
5980036,0.4224108436356022 
5990036,0.48706571934687254 
6000030,0.45755480632628465 
6010030,0.4341704340336306 
6020030,0.4750145487682252 
6030008,0.4733958047671283 
6040023,0.4920723892935204 
6050023,0.4998146965049055 
6060043,0.4573318456757299 
6070043,0.446750602789883 
6080032,0.46321638492226724 
6090032,0.5009511733966068 
6100032,0.49560086748476834 
6110032,0.425226028464999 
6120003,0.5117375551220366 
6130003,0.44603365425424246 
6140003,0.49900520136897847 
6150034,0.4908047169437586 
6160034,0.4936829447642141 
6170011,0.478293188686958 
6180035,0.4932293381648773 
6190035,0.4418008488114913 
6200035,0.4789305935077994 
6210018,0.48110602102146216 
6220018,0.48583662231301544 
6230008,0.4875408521217345 
6240008,0.48615499900426373 
6250008,0.48472686966456324 
6260044,0.47669250786539735 
6270044,0.4691282049778567 
6280044,0.4994632371197774 
6290034,0.4807155093573437 
6300035,0.47195803664081465 
6310035,0.4694960129739541 
6320035,0.4874781276729806 
6330035,0.48572801259198317 
6340035,0.44939939852459204 
6350035,0.5032053077641312 
6360014,0.5070007084418848 
6370014,0.44636694370730745 
6380011,0.4859300229354409 
6390011,0.4590015566004343 
6400011,0.4656848368994267 
6410045,0.466044105239803 
6420027,0.4789142359403582 
6430027,0.436994046051128 
6440027,0.470206774520629 
6450027,0.4772923869216439 
6460030,0.515118396006525 
6470006,0.45440660234158686 
6480018,0.4613319864018769 
6490018,0.44935477568527105 
6500033,0.4395690459244592 
6510004,0.48759664769784733 
6520015,0.4576611191410646 
6530027,0.5158832687865119 
6540030,0.4796173845126066 
6550030,0.4739987025143758 
6560011,0.517033603326404 
6570018,0.45486825061070707 
6580018,0.5070286709549481 
6590018,0.4558426719264568 
6600018,0.45589037450337755 
6610018,0.4349100789776099 
6620018,0.4857932052038089 
6630031,0.449923109645396 
6640031,0.45680775180272076 
6650031,0.4339857307724955 
6660002,0.4595962490596779 
6670025,0.47751418581093735 
6680025,0.43655600872725486 
6690021,0.4450413336370548 
6700021,0.4813740831751667 
6710021,0.46707481529907996 
6720021,0.45277540654649784 
6730036,0.4762242027773888 
6740036,0.46339231618914284 
6750036,0.45649117480386825 
6760036,0.4521464963914654 
6770047,0.4547019908521226 
6780044,0.4536903878929807 
6790025,0.479762799721778 
6800025,0.4623198656563595 
6810002,0.4299794735408847 
6820039,0.4603845311766618 
6830034,0.46335665234976725 
6840034,0.4746802363658014 
6850034,0.4781691198808072 
6860030,0.48037980238715533 
6870014,0.4709793651686403 
6880014,0.4826797317534547 
6890048,0.48806066611832477 
6900049,0.46754679927650217 
6910025,0.4429555828373553 
6920009,0.49461184893537835 
6930009,0.4342638612467872 
6940009,0.4650767991898023 
6950009,0.49418093104006416 
6960009,0.4472663575459628 
6970009,0.4700939522508795 
6980006,0.4487343175615234 
6990021,0.4571194620054423 
7000035,0.4817241135283278 
7010019,0.4797933784696556 
7020016,0.4704692738891656 
7030016,0.43687376063479005 
7040001,0.4471589725430814 
7050017,0.46493766236211126 
7060002,0.4715745473566681 
7070033,0.49589629845105565 
7080033,0.4737918454094924 
7090007,0.451438659143574 
7100033,0.4707687794588816 
7110043,0.4708028715196822 
7120043,0.4475564074942945 
7130008,0.4934644966961143 
7140008,0.4461702545820193 
7150008,0.48118067705857953 
7160008,0.44764252051268305 
7170008,0.449749509928496 
7180019,0.4857057730642592 
7190039,0.45684598450528857 
7200034,0.4306032829275748 
7210034,0.47666776541312145 
7220034,0.4869807418029167 
7230034,0.46719875530913757 
7240034,0.4949834332334332 
7250034,0.4466266180929493 
7260034,0.4687440416695447 
7270034,0.4556174004014561 
7280034,0.46912094604741666 
7290034,0.4958865674220113 
7300024,0.49200663418968377 
7310021,0.4646988354782472 
7320021,0.4726187168310914 
7330021,0.44009561925003104 
7340021,0.4495050091293445 
7350021,0.45688219683653125 
7360021,0.4718669134872695 
7370021,0.4720770786231313 
7380025,0.4812026477083544 
7390025,0.4604368194584913 
7400025,0.4902644269645043 
7410025,0.45260183991704894 
7420024,0.4676601176386393 
7430024,0.47037325093207444 
7440044,0.48334237522699236 
7450044,0.4653984418359418 
7460044,0.4583356493222979 
7470044,0.46290415093162773 
7480014,0.47583569797076 
7490014,0.46121556913159084 
7500014,0.4695098012367749 
7510031,0.46207564465905115 
7520001,0.48288871459208144 
7530037,0.44219077675999724 
7540037,0.4827709784195852 
7550030,0.48442380590040135 
7560024,0.48205441952268574 
7570006,0.48040392884549227 
7580036,0.464596480701328 
7590005,0.42997260760825 
7600023,0.48421046089672265 
7610026,0.4454078495562253 
7620015,0.45693036959600425 
7630047,0.46484548115364627 
7640047,0.46451465813598164 
7650024,0.48880990668258467 
7660003,0.4721077996435969 
7670028,0.462263022572158 
7680025,0.4788241096923372 
7690025,0.44092482603395916 
7700015,0.45881948849002124 
7710015,0.47687782098792153 
7720015,0.4563872836185143 
7730015,0.4402390007867949 
7740012,0.4684272655234342 
7750009,0.47334217665719214 
7760047,0.4789819315950271 
7770047,0.44378433580523363 
7780047,0.45100047621796846 
7790047,0.4541837893573575 
7800006,0.4763165207470548 
7810024,0.4689563308255836 
7820021,0.44801163212107714 
7830010,0.47291745049755884 
7840045,0.45881989333019785 
7850000,0.4532168647700769 
7860040,0.46102437745326247 
7870040,0.4547653324917256 
7880007,0.45626472172497046 
7890029,0.4333844119904145 
7900020,0.46908979677013735 
7910034,0.44515757696583436 
7920034,0.44910944039620504 
7930030,0.47183553041762 
7940000,0.4405188412164031 
7950000,0.4888203257870441 
7960045,0.4554799218019494 
7970020,0.4510781494692099 
7980009,0.45769808908411846 
7990009,0.47330582202063054 
8000002,0.4664120664773361 
8010002,0.46993824156150005 
8020023,0.4909309301163882 
8030023,0.4645096205179409 
8040023,0.455670450335698 
8050020,0.456391022601572 
8060035,0.4625632650879867 
8070035,0.46576044971110764 
8080035,0.44802730244042166 
8090007,0.47811446005834557 
8100047,0.44118735344360316 
8110026,0.43138184635282156 
8120015,0.48695710702696 
8130015,0.45442389174722764 
8140015,0.49222652887225843 
8150045,0.4492799651277771 
8160034,0.480917087406058 
8170018,0.4625285505099662 
8180040,0.47295584304883725 
8190040,0.4257880675610939 
8200016,0.4529494810744811 
8210016,0.44835888573930377 
8220016,0.48613893538858205 
8230002,0.48898335808068777 
8240041,0.47083801975869766 
8250011,0.43471749236745366 
8260037,0.46622609132486215 
8270037,0.45475107490548666 
8280037,0.4402127231428702 
8290037,0.4499854656652257 
8300037,0.46899036399616895 
8310009,0.47735647425759653 
8320040,0.4643289529681033 
8330003,0.4519619571390082 
8340003,0.4744875196827596 
8350009,0.4844250167236628 
8360040,0.4689713143360156 
8370040,0.44731578245026393 
8380040,0.46403834255400755 
8390040,0.4706723572265368 
8400021,0.4529108732040234 
8410021,0.4694236107030224 
8420021,0.4340191097387304 
8430006,0.45913299909584737 
8440033,0.4980809990906568 
8450025,0.4664358372320834 
8460034,0.49738711119192613 
8470012,0.46823237587575817 
8480021,0.4734236898055123 
8490037,0.46332059447500046 
8500037,0.46453155218964043 
8510045,0.43747700653978083 
8520045,0.4821423074474545 
8530045,0.4431613985429774 
8540031,0.4852174063681417 
8550019,0.46197422879408173 
8560019,0.45466248880548416 
8570000,0.47280001970423796 
8580020,0.4946413207462836 
8590020,0.45361449975033563 
8600045,0.46313625240373085 
8610045,0.4640910817124052 
8620045,0.4865448420258792 
8630045,0.4556876460574468 
8640029,0.4434059187716308 
8650008,0.4588397650680932 
8660038,0.4614154027125931 
8670038,0.45577696546659396 
8680038,0.4657864976870394 
8690009,0.4820184435662377 
8700030,0.46284025777117593 
8710047,0.49147311002008104 
8720047,0.48055580285727345 
8730022,0.47840356227449876 
8740042,0.4773758644056921 
8750034,0.4796344975114325 
8760034,0.46035211846976554 
8770024,0.47449858141944057 
8780024,0.4439098242443831 
8790024,0.4716572057328636 
8800002,0.4779922035953383 
8810002,0.47481056688409623 
8820002,0.5001197244233235 
8830031,0.46711333450797893 
8840012,0.46015931783629677 
8850048,0.4774725358715239 
8860022,0.4675675042406853 
8870022,0.47541348866561717 
8880022,0.4583984344688679 
8890022,0.48104176342663185 
8900036,0.4819367686082034 
8910036,0.4649032658517953 
8920036,0.4682593479576839 
8930011,0.4716689214423348 
8940008,0.46465984589338405 
8950000,0.46867316491987543 
8960032,0.4677135286522561 
8970047,0.4578354834396607 
8980031,0.485949757006839 
8990010,0.476971279107889 
9000042,0.46862210034949275 
9010020,0.46025795399131314 
9020020,0.47203802763284186 
9030015,0.47440689743263276 
9040003,0.4645133808614845 
9050003,0.48368898383178577 
9060003,0.4558092697421258 
9070023,0.4684217693245696 
9080012,0.4734098678883896 
9090006,0.45598521389034763 
9100000,0.44052219349278177 
9110018,0.4453525695843518 
9120008,0.4573732739998219 
9130008,0.4400568557259734 
9140042,0.4519320966603175 
9150009,0.4624805239694945 
9160043,0.45392017738605234 
9170043,0.46203799670401835 
9180036,0.43769111452702786 
9190041,0.4663169235907576 
9200021,0.45020215371400624 
9210014,0.4850146328344858 
9220043,0.49843484214238803 
9230009,0.4883056245225363 
9240000,0.4202763421648871 
9250041,0.5001384691249994 
9260014,0.4876058614373243 
9270025,0.4622409515055418 
9280041,0.47781354339738885 
9290033,0.47533538567555594 
9300018,0.4857359041886906 
9310009,0.48600237381370415 
9320037,0.46044896849099515 
9330029,0.4783955328344451 
9340001,0.4765763497123791 
9350045,0.4593102796790242 
9360045,0.4782984517202783 
9370017,0.466892199596326 
9380043,0.46825262273013357 
9390024,0.4996528143818009 
9400030,0.4425243276867509 
9410016,0.46604886122649275 
9420007,0.47963429894409 
9430038,0.47359984976661657 
9440011,0.47178691101066705 
9450007,0.4660573572669161 
9460026,0.4624394172907412 
9470026,0.48279718651661385 
9480042,0.460879228497407 
9490042,0.4791399137498209 
9500006,0.472068963501239 
9510023,0.48103197486486154 
9520029,0.4607888390223706 
9530020,0.4725214654196852 
9540038,0.4583937359022845 
9550023,0.4400181580447049 
9560003,0.46264028830915765 
9570035,0.4930546074947904 
9580035,0.472464129888859 
9590006,0.4810665621132929 
9600004,0.4785056585571292 
9610029,0.470590156670721 
9620019,0.471800368126026 
9630030,0.4827178878724556 
9640006,0.48749665426856365 
9650035,0.4079643372738655 
9660035,0.44922790109787014 
9670035,0.47059184246005564 
9680017,0.45496760864407926 
9690046,0.48898091998399285 
9700011,0.4437532778968537 
9710007,0.4482200461013338 
9720016,0.46808897125203375 
9730032,0.47710476245375283 
9740041,0.4431173992042251 
9750030,0.4715631711633382 
9760003,0.49885743463443205 
9770003,0.46408694004784495 
9780036,0.46541218465397727 
9790044,0.4514380647779058 
9800046,0.4667802184483484 
9810041,0.47568928246675923 
9820028,0.4458898750887916 
9830047,0.4579118916106578 
9840028,0.4837739332176252 
9850030,0.4932380079900616 
9860032,0.44880845023398513 
9870009,0.4886617193865645 
9880045,0.45211409939749553 
9890017,0.4606770284454108 
9900027,0.4789842420884193 
9910045,0.4728973431084008 
9920015,0.4493080609032536 
9930020,0.4561813824996625 
9940008,0.46709747006089886 
9950027,0.4718171098826618 
9960026,0.45748686518608445 
9970047,0.4838231554320228 
9980015,0.4912610257389669 
9990030,0.5023885952539896 
10000007,0.4482642666460419 
10010031,0.47020013046876763 
10020031,0.42619393983209775 
10030017,0.4464067950668183 
10040029,0.4635796185204715 
10050006,0.5003043856718729 
10060033,0.480597546306155 
10070030,0.4532957597742815 
10080021,0.47900601143230875 
10090013,0.46797927060337785 
10100015,0.4818204978356402 
10110015,0.46837121293738937 
10120008,0.4629748980864918 
10130008,0.47618721040741163 
10140013,0.4953976355899462 
10150043,0.45752840086807034 
10160028,0.4956666582901103 
10170000,0.47955325084272454 
10180008,0.4848613166984545 
10190016,0.46418443747703025 
10200008,0.4638833210808859 
10210031,0.46336421474787165 
10220020,0.4423476224523415 
10230012,0.5080809502012311 
10240026,0.4689772469384405 
10250041,0.4865458760348868 
10260038,0.48296444197280575 
10270003,0.473504914197064 
10280036,0.4736777479153062 
10290013,0.47043479813164674 
10300042,0.48314080978573826 
10310020,0.4702356694938208 
10320032,0.46778052569432355 
10330026,0.47927224126148193 
10340036,0.4780136714572507 
10350036,0.464117071761228 
10360007,0.4562950338183239 
10370002,0.48217057609645747 
10380046,0.5166687709735872 
10390014,0.4881859779367519 
10400045,0.47162768742004907 
10410041,0.4696998448038141 
10420020,0.4665742356040864 
10430049,0.4666054395641753 
10440037,0.49029696528961236 
10450026,0.49554451742774835 
10460005,0.478581588298659 
10470004,0.4469303571385615 
10480027,0.506158599242793 
10490027,0.4577623942105366 
10500048,0.47333712039594394 
10510004,0.4904049259563966 
10520023,0.46073078365139725 
10530018,0.4808324774136196 
10540024,0.47349008520421326 
10550028,0.49381588543299604 
10560009,0.48245459623919484 
10570042,0.4942146657849536 
10580002,0.46812828711106574 
10590027,0.4672666848855811 
10600032,0.4668935853879942 
10610014,0.47984670436382465 
10620014,0.47207523668282186 
10630046,0.46877818238054886 
10640020,0.4833266409588004 
10650010,0.4558199324331897 
10660004,0.4670956122761597 
10670037,0.4816723286093339 
10680028,0.4513353375364073 
10690006,0.46185656281283216 
10700026,0.48917627600336344 
10710027,0.4935253018728828 
10720024,0.436390477525938 
10730045,0.4892113493575996 
10740020,0.4923192020397903 
10750011,0.42447826979329684 
10760025,0.47679924201284124 
10770010,0.4929702051044931 
10780042,0.479489765501849 
10790026,0.46749685262707713 
10800028,0.4772164116991769 
10810042,0.4709682401659687 
10820020,0.4941970188751601 
10830020,0.4911555129336193 
10840041,0.46723083195866333 
10850032,0.4935315720763482 
10860028,0.46210611917752004 
10870044,0.492687629108061 
10880041,0.48406378291352087 
10890026,0.4777921029349048 
10900026,0.48683702486790037 
10910012,0.45035669086675284 
10920006,0.4960055613589415 
10930028,0.49847910917062055 
10940006,0.45750291757605993 
10950006,0.4698479278504433 
10960006,0.44051712829654 
10970020,0.4698420484047303 
10980036,0.46947942489680394 
10990020,0.47655123433044966 
11000044,0.48193022834155413 
11010025,0.47627399804927933 
11020023,0.45534101665576643 
11030023,0.44664856956768717 
11040023,0.47193015277206457 
11050046,0.4641765385521451 
11060008,0.4446209335684955 
11070021,0.45466241384059414 
11080006,0.4759881509702451 
11090006,0.4688069913402731 
11100047,0.4639162346132889 
11110024,0.4709922462781619 
11120020,0.4616905504162332 
11130013,0.4768577280281865 
11140031,0.46236920159509226 
11150009,0.47235016152076204 
11160042,0.501531563175549 
11170017,0.44796425016761704 
11180040,0.4981460911606087 
11190028,0.4633780856011893 
11200005,0.4962713627746523 
11210042,0.4460013874052665 
11220007,0.46450767165840695 
11230015,0.46339419007213933 
11240039,0.4648234813324261 
11250022,0.4605215424025783 
11260013,0.48892314194114017 
11270001,0.4793921534906441 
11280006,0.45588068754627603 
11290048,0.48398927198023817 
11300023,0.4995716083405366 
11310028,0.46109594280286736 
11320042,0.4936462664400009 
11330018,0.48189350000033426 
11340006,0.4769308541586856 
11350032,0.462693770468365 
11360014,0.4812042579006906 
11370011,0.47227201895308735 
11380023,0.4900951518577503 
11390002,0.5144630765131204 
11400014,0.47723950977158075 
11410006,0.45742509334860204 
11420047,0.4475727570332987 
11430029,0.4844479345103904 
11440047,0.4922362925245186 
11450020,0.5006540452822972 
11460012,0.4923437362909892 
11470041,0.47508712226817545 
11480041,0.4463656389405229 
11490039,0.4979623152198866 
11500041,0.4880714813949184 
11510002,0.5016786380973687 
11520035,0.4758830833076478 
11530000,0.46550877025451326 
11540012,0.49335774294181706 
11550021,0.4616947403827631 
11560021,0.48013291183398205 
11570039,0.4824168357791108 
11580024,0.4476576977703311 
11590022,0.49516540745920157 
11600025,0.45205863552792863 
11610005,0.4445118655125554 
11620042,0.48232497082105896 
11630018,0.48275330526497295 
11640005,0.4760260247411188 
11650044,0.5075728837090914 
11660008,0.4789361674937665 
11670040,0.47836949006834867 
11680032,0.5255911003656076 
11690000,0.5062578889894642 
11700002,0.4759382080156304 
11710016,0.48054819875295457 
11720044,0.4857918201322394 
11730047,0.4572361211310257 
11740007,0.47826586758879625 
11750018,0.4722508265991775 
11760020,0.4804191649150293 
11770048,0.49179895082268404 
11780012,0.4645978943442179 
11790039,0.4811674522164617 
11800038,0.5025253459345952 
11810021,0.47586161842803704 
11820010,0.4672563703361726 
11830011,0.491394450594823 
11840039,0.5021481088723231 
11850035,0.46883928285766524 
11860031,0.482181496843481 
11870032,0.47586704359035226 
11880035,0.4966046867291771 
11890012,0.4873108949873655 
11900006,0.47886318095067654 
11910038,0.5137862031533674 
11920045,0.5034443165240493 
11930003,0.429599765688388 
11940047,0.5081704008794173 
11950027,0.4957767767344216 
11960004,0.4479707898310839 
11970019,0.49316648159814785 
11980040,0.48179624926020653 
11990024,0.4861405114922917 
12000029,0.5191997012233119 
12010031,0.4990654849600225 
12020013,0.4778396621770161 
12030014,0.4800637539010304 
12040028,0.5103530115168903 
12050009,0.48139299533455876 
12060026,0.48768026608737153 
12070038,0.5043646399704317 
12080036,0.47101714588314103 
12090002,0.5063106103105409 
12100017,0.4895026667127638 
12110034,0.5118466114209148 
12120003,0.47404741217584895 
12130008,0.469212455742653 
12140004,0.5152296837549574 
12150031,0.47321971167705007 
12160004,0.4951812038770821 
12170049,0.48167989148623974 
12180017,0.5059923223051082 
12190028,0.5044343324119097 
12200039,0.5066413119685842 
12210008,0.4892328477298128 
12220006,0.4857994813551174 
12230023,0.5111952436780779 
12240020,0.4846562519948685 
12250010,0.5111463104289221 
12260026,0.4929849131572226 
12270037,0.47508550911652253 
12280017,0.4826565818943829 
12290007,0.4764540640326186 
12300033,0.47615216560395157 
12310023,0.45793406258899993 
12320023,0.4656215961111472 
12330033,0.5038415606266509 
12340016,0.4846170396451113 
12350028,0.4804787375149926 
12360025,0.4983333026034227 
12370006,0.49613278777538744 
12380048,0.47714705004258756 
12390019,0.4824664407262254 
12400004,0.4944477163906315 
12410046,0.46880459715671835 
12420017,0.5434894863112685 
12430002,0.4799689593651287 
12440001,0.4920558645565577 
12450048,0.47791899284032274 
12460037,0.4953263818144707 
12470018,0.4964005559027739 
12480033,0.4756464419941064 
12490031,0.496221149510054 
12500008,0.4873584200516516 
12510041,0.4938907051318269 
12520027,0.4975247538480203 
12530007,0.5071471277867702 
12540025,0.5118617342740022 
12550013,0.49416462476163964 
12560010,0.5200259015883447 
12570008,0.5095334976561242 
12580021,0.5083364464095432 
12590012,0.49475664182137513 
12600045,0.5004109773871157 
12610042,0.5125690607730176 
12620031,0.49205466280638066 
12630006,0.4975676470013795 
12640049,0.49524659557112005 
12650046,0.49106652854517696 
12660046,0.49160893986933246 
12670014,0.4491001674547409 
12680034,0.5093899503806248 
12690011,0.5104787857676036 
12700020,0.5414985004683748 
12710005,0.5561884166502956 
12720022,0.5269785905815317 
12730042,0.49665461918737097 
12740004,0.5364418550020377 
12750036,0.47856901587174183 
12760049,0.5079902014194515 
12770023,0.49342312240385267 
12780034,0.48377991805236387 
12790006,0.4527430202278818 
12800029,0.5118106970470455 
12810002,0.5221031130635724 
12820008,0.5180235289289895 
12830023,0.5034473244679224 
12840027,0.5134884227146533 
12850042,0.5337273556102714 
12860029,0.479784346171702 
12870012,0.5221724266824632 
12880049,0.457718593975717 
12890022,0.5075967831946842 
12900025,0.5010527173696125 
12910028,0.49246948803846885 
12920032,0.5117295223741807 
12930040,0.4999741365974397 
12940030,0.5268841383525152 
12950037,0.4984473153399181 
12960021,0.4690250109367757 
12970039,0.5212517867360648 
12980029,0.5208186162235862 
12990036,0.513835362318372 
13000033,0.5225129424239332 
13010041,0.4974385943194321 
13020023,0.5000156199066998 
13030001,0.4921423564536136 
13040032,0.4565529014704674 
13050019,0.5175142431631641 
13060006,0.5498588433042214 
13070000,0.5613220954279471 
13080018,0.48790634697860646 
13090049,0.5142396327576224 
13100042,0.531260377062302 
13110018,0.49564118039464067 
13120046,0.5132972650568186 
13130026,0.5521944170302437 
13140032,0.5105057409693482 
13150001,0.5067453182647365 
13160021,0.545063013579355 
13170040,0.486233644491144 
13180042,0.5153855390996198 
13190041,0.49763156889216437 
13200030,0.48574502424168153 
13210041,0.5257080278819409 
13220035,0.504515751640067 
13230002,0.49591100526698906 
13240021,0.5029770757823314 
13250002,0.5116916487323494 
13260017,0.5116228593162826 
13270037,0.5044524295413644 
13280047,0.5391197638386219 
13290025,0.493374267777915 
13300048,0.5374102767139056 
13310007,0.5070830945045625 
13320032,0.5139341367518517 
13330003,0.5295547216209148 
13340006,0.47013322888049713 
13350016,0.5285187821481402 
13360034,0.49183628275592817 
13370039,0.514202779239011 
13380016,0.535135027901704 
13390020,0.5217005313038222 
13400028,0.49402302943853194 
13410016,0.5339686108178079 
13420004,0.5248541542446061 
13430044,0.5272361321895047 
13440010,0.4968120376516494 
13450014,0.5570284259575502 
13460031,0.5073729846681017 
13470036,0.4930042660859492 
13480037,0.5039899959802873 
13490031,0.5317286747788866 
13500033,0.5047544241984702 
13510000,0.512723012603482 
13520046,0.5080603500795327 
13530035,0.504980517962301 
13540008,0.5266339853660428 
13550021,0.5059887114569033 
13560040,0.5347313894916375 
13570033,0.5156529710109151 
13580046,0.5160337957443448 
13590043,0.5150090044785356 
13600031,0.5364739496893515 
13610000,0.5232919286408989 
13620013,0.5293685128444893 
13630029,0.5426786030993742 
13640043,0.48186025316943537 
13650000,0.5026026930097227 
13660008,0.5308745847434265 
13670041,0.5513343737809385 
13680032,0.5184345250296593 
13690046,0.5374775941192876 
13700003,0.5583590582446499 
13710027,0.4732670569507011 
13720012,0.5286836842984884 
13730033,0.4896486433091788 
13740043,0.5520982514995121 
13750016,0.531771530781078 
13760044,0.537748552006864 
13770012,0.5323278106272897 
13780007,0.4940495651946251 
13790024,0.508453499144177 
13800022,0.4783433853427692 
13810017,0.5211263645950908 
13820016,0.5151979616404357 
13830027,0.5523253815792295 
13840016,0.5227383504387921 
13850014,0.5270762822830813 
13860025,0.5298743410516675 
13870045,0.5379014533482385 
13880005,0.5012568975572071 
13890002,0.5368912318599017 
13900045,0.5358644865544467 
13910004,0.5204937844183463 
13920028,0.5130453847903519 
13930049,0.5030653898527492 
13940006,0.5381556540365487 
13950043,0.5175724087125868 
13960014,0.5307913492356588 
13970005,0.5057137280106018 
13980031,0.550400715278637 
13990001,0.5278258478993773 
14000049,0.546233567507893 
14010004,0.5327054051899253 
14020007,0.5400705307450218 
14030026,0.5220293340238193 
14040025,0.5455335779298479 
14050006,0.5015074992506465 
14060001,0.5025955105007677 
14070032,0.5337744818904081 
14080049,0.5015808993500313 
14090045,0.5389515432477697 
14100029,0.529468534027583 
14110026,0.5340714855863822 
14120030,0.5299181008613637 
14130033,0.5393526931219679 
14140023,0.5232735585658157 
14150048,0.5252576363428862 
14160048,0.5108304864911856 
14170033,0.528718332913492 
14180040,0.46457344631370545 
14190045,0.495972456965987 
14200021,0.552925295603867 
14210039,0.550066624595498 
14220026,0.4862101688879642 
14230048,0.5018220468534575 
14240002,0.524024263809789 
14250028,0.5390243619988347 
14260026,0.5236550185231031 
14270031,0.5302942519062699 
14280025,0.5281039140984779 
14290028,0.5066971454035663 
14300035,0.5129069756269627 
14310012,0.5204771187227327 
14320044,0.5080878220756937 
14330000,0.5299581709534822 
14340009,0.5248118156917784 
14350049,0.5362753513647125 
14360037,0.5278811313265255 
14370020,0.5390317473516116 
14380025,0.5085089547634978 
14390049,0.5174482835540528 
14400005,0.48203173576341035 
14410044,0.5361548893209727 
14420011,0.5176363023207596 
14430008,0.5272496367108778 
14440035,0.5356708845038981 
14450048,0.4816395802839473 
14460049,0.48615122479286565 
14470026,0.514286325189421 
14480020,0.5384780024298045 
14490038,0.5068251771706941 
14500029,0.5365203047792674 
14510009,0.5117164509247119 
14520027,0.5223820882015169 
14530005,0.5082706537183181 
14540014,0.5035845027113409 
14550005,0.5260666562177887 
14560002,0.4931391422097833 
14570033,0.5390057106554232 
14580019,0.5288653438696065 
14590030,0.5153410801175325 
14600036,0.5152430914374959 
14610041,0.5662994002473611 
14620036,0.5093224111909211 
14630005,0.5288770479217771 
14640002,0.4862967374143318 
14650001,0.48681763141357653 
14660022,0.5184489102782521 
14670009,0.5095177521519111 
14680017,0.5278284968155089 
14690030,0.5067948566252609 
14700039,0.5439385957958158 
14710013,0.4966012642494448 
14720043,0.5268299132089437 
14730022,0.49144154271159624 
14740038,0.5323463938939722 
14750040,0.5225420817066171 
14760009,0.5279242055298594 
14770013,0.5226791793025122 
14780046,0.4939028410413184 
14790012,0.5298143422352438 
14800035,0.5549569815366993 
14810045,0.5004643440357329 
14820029,0.5425709595097584 
14830016,0.5380613294677868 
14840028,0.5294199399412562 
14850031,0.5366008133910868 
14860043,0.5206522494913333 
14870011,0.5256813121852648 
14880007,0.481871080680321 
14890018,0.5068668461268488 
14900034,0.5265789769489385 
14910010,0.5328908524671556 
14920047,0.5516170325206984 
14930001,0.5105210137441719 
14940001,0.5473802716658864 
14950026,0.5212141069626218 
14960033,0.5395770602544732 
14970023,0.5243073068711332 
14980002,0.5313899872916901 
14990031,0.4818056047252604 
15000014,0.5376342886311778 
15010014,0.48834719190092923 
15020021,0.555637092609945 
15030029,0.5715005738950492 
15040032,0.5490162475958595 
15050005,0.5088539515329796 
15060022,0.5251654402466153 
15070002,0.5161314884805597 
15080039,0.5235414502255348 
15090000,0.554162814861877 
15100041,0.550417965996884 
15110039,0.5521511047510204 
15120022,0.5439187939928762 
15130046,0.49159967810386906 
15140004,0.5200326448493405 
15150030,0.5335390408281395 
15160047,0.5376013833245094 
15170023,0.5236683127019262 
15180007,0.5189596352827871 
15190038,0.5385303015109923 
15200014,0.551647777174093 
15210030,0.5334596372514663 
15220001,0.5607248028921317 
15230007,0.535960848556685 
15240000,0.5450636783564692 
15250008,0.5222234296719278 
15260040,0.5107810857266819 
15270003,0.5082556670524482 
15280031,0.5501466970673334 
15290015,0.5168948062103265 
15300030,0.542837609875928 
15310016,0.5355909278073334 
15320011,0.5282173681613008 
15330002,0.5486905047210536 
15340043,0.5524100700681859 
15350019,0.4935627762959183 
15360010,0.5250581930462579 
15370003,0.5679184872341414 
15380048,0.5391438688736283 
15390037,0.49894678566546524 
15400011,0.52143096756565 
15410027,0.49844359785464865 
15420014,0.5505908032373806 
15430039,0.5122180580940653 
15440037,0.5105528638350814 
15450021,0.5558587703504156 
15460047,0.5259391885809351 
15470021,0.5400840221638329 
15480040,0.5314730905373767 
15490047,0.5396123809991514 
15500025,0.5390337431336989 
15510011,0.5345863314720223 
15520009,0.5670872408273917 
15530009,0.5469112551273677 
15540020,0.5616502463647864 
15550014,0.5642743841203557 
15560010,0.5398767707691637 
15570047,0.5172431809535278 
15580044,0.519525470361979 
15590009,0.5172178197607042 
15600001,0.5309092505585977 
15610010,0.5327906149619084 
15620045,0.5517727703328483 
15630009,0.5287616586826889 
15640014,0.5199213483983667 
15650046,0.5190616314191717 
15660031,0.5525137823403423 
15670023,0.5439015468362114 
15680040,0.5452302706959693 
15690004,0.5508642842509779 
15700017,0.5501663622734401 
15710018,0.5429700821505209 
15720013,0.5423173514672798 
15730006,0.5401957143212139 
15740005,0.555459747749251 
15750036,0.5355620036989486 
15760027,0.529731436641187 
15770037,0.572920906130489 
15780000,0.542412184765126 
15790038,0.5294577793317761 
15800022,0.521386160114131 
15810000,0.5472801429596651 
15820004,0.5448207924649257 
15830003,0.5462650976028417 
15840017,0.5472196950117758 
15850037,0.5266853848264422 
15860028,0.537624037672825 
15870031,0.5448974527037331 
15880014,0.5535564733918238 
15890006,0.5417762822218816 
15900045,0.5254577850227191 
15910049,0.553637984283695 
15920009,0.5414738435553341 
15930012,0.5486928632474316 
15940035,0.5606073280537013 
15950019,0.531417138843006 
15960020,0.5519897064575576 
15970032,0.5294739314171694 
15980015,0.5358391250834155 
15990010,0.56841545555953 
16000027,0.5095478859689833 
16010039,0.4904491072782125 
16020007,0.531836215497094 
16030035,0.5037074180402732 
16040035,0.5457477842035219 
16050006,0.5325714460861966 
16060023,0.544794480888082 
16070032,0.5296448712573709 
16080015,0.5120655774200962 
16090038,0.5265541336204036 
16100030,0.5276902755362397 
16110030,0.5282554401190246 
16120007,0.5389792509321364 
16130033,0.5122003902147476 
16140028,0.558280399149309 
16150034,0.5447485174293003 
16160005,0.5359600068734683 
16170046,0.5484574531740692 
16180030,0.5215440413368237 
16190042,0.5390578663477823 
16200001,0.5507628508196968 
16210008,0.5074536874536439 
16220042,0.5255577884855025 
16230008,0.5219187796129817 
16240013,0.5286432831467051 
16250030,0.5137843566731025 
16260043,0.5045473815287682 
16270027,0.542186728195031 
16280010,0.5463085829201808 
16290022,0.5134913150701502 
16300021,0.5038616687475888 
16310021,0.517941893104544 
16320005,0.517865147838058 
16330027,0.5784788156131128 
16340018,0.5490577689639221 
16350029,0.5140351734261743 
16360009,0.5311903994992792 
16370028,0.5496105856506538 
16380030,0.5478480539553835 
16390030,0.5052916067536364 
16400013,0.5621677356493443 
16410007,0.5501714602198072 
16420039,0.5718102842735926 
16430030,0.5328872017848716 
16440047,0.5251553988833815 
16450022,0.5208970553630368 
16460030,0.5241914229511723 
16470025,0.5317497407007407 
16480019,0.5379545807203434 
16490001,0.5355783948395285 
16500029,0.5043496029254543 
16510012,0.5384304252161717 
16520004,0.5220587239991566 
16530003,0.5384306613099927 
16540034,0.5398269806725543 
16550034,0.5190150910541063 
16560040,0.5067950927978406 
16570044,0.5066624264088032 
16580028,0.53504760856288 
16590002,0.5566384508206603 
16600011,0.5010336261432132 
16610034,0.5328245733314276 
16620007,0.5273818842946859 
16630000,0.5339927953907845 
16640038,0.5272859531423941 
16650022,0.5285426279812946 
16660022,0.5428395660084008 
16670009,0.526900738386174 
16680045,0.5377433255812666 
16690017,0.49937028318506793 
16700044,0.5242603318784032 
16710042,0.5580832751249603 
16720021,0.5256435731178601 
16730005,0.5387512801300949 
16740035,0.5588847494703554 
16750006,0.5575702330344433 
16760031,0.5720029337894655 
16770012,0.5532399202609 
16780010,0.5116168832887099 
16790035,0.5348674763591236 
16800038,0.5280179026823801 
16810008,0.548322070245257 
16820029,0.5389106034193364 
16830024,0.5185304614562704 
16840028,0.5098711195086639 
16850045,0.5329800026736582 
16860014,0.547022230759824 
16870029,0.5407827909718665 
16880029,0.5267562836756762 
16890023,0.5295418447496083 
16900015,0.5249639055820267 
16910025,0.5259197251914673 
16920009,0.5249187179239782 
16930033,0.5181242400959893 
16940029,0.5294954251181013 
16950006,0.5514376427771267 
16960021,0.5413656109058088 
16970026,0.548573726669335 
16980004,0.556691884294715 
16990033,0.55898832556869 
17000000,0.5754569038182484 
17010010,0.5450340409813946 
17020034,0.5236531795613323 
17030006,0.5604426884572483 
17040001,0.5061253288987942 
17050019,0.5359126079312215 
17060011,0.5346571260472703 
17070009,0.5190299304717131 
17080007,0.5360457341275756 
17090003,0.5256343639656631 
17100029,0.5284626216293083 
17110016,0.5145037344444074 
17120049,0.5355046287316301 
17130017,0.5734126667989432 
17140046,0.5432296525942544 
17150027,0.5365633760468768 
17160016,0.5512051905904708 
17170012,0.5298839054728377 
17180026,0.5366306977195217 
17190020,0.5366380599164967 
17200007,0.529182633853305 
17210049,0.5487072341675969 
17220010,0.524512118697261 
17230033,0.533433402369106 
17240003,0.5227928136014511 
17250028,0.5325491330743171 
17260037,0.557600060050917 
17270044,0.5594963655831943 
17280018,0.5581214884985651 
17290028,0.5712759805606359 
17300019,0.5552242155298135 
17310032,0.5451676062668975 
17320029,0.5610373757715388 
17330022,0.5168001916521233 
17340010,0.5781696960058305 
17350026,0.5036729498448284 
17360031,0.5389077753669574 
17370041,0.5209625147542697 
17380039,0.5137779349511526 
17390022,0.5271286205157878 
17400042,0.539114826570808 
17410007,0.5461592300053496 
17420016,0.5727066197541254 
17430005,0.5435817524777057 
17440007,0.5119716671299434 
17450038,0.5475849836283346 
17460004,0.5121729618483353 
17470023,0.5291738857741088 
17480010,0.5004907684351451 
17490026,0.5165309758017631 
17500010,0.5374365289607439 
17510012,0.5485439439334712 
17520017,0.5465713926908692 
17530045,0.5047335397892898 
17540017,0.5562990585751189 
17550037,0.5301733574104972 
17560026,0.530110627474025 
17570012,0.5454486736848195 
17580026,0.5519376378397871 
17590045,0.5258753808706178 
17600031,0.5090508697090994 
17610007,0.5250597693874439 
17620049,0.522252803605422 
17630004,0.5344488248905621 
17640032,0.5132198553766562 
17650020,0.49316904073246315 
17660047,0.5551832987237517 
17670013,0.5456484030327075 
17680026,0.5556093532431698 
17690003,0.5018832527729681 
17700018,0.5453921016438608 
17710021,0.5548255892901397 
17720019,0.5960110401834068 
17730027,0.5233526545710251 
17740039,0.5771503171431173 
17750008,0.5702004090189627 
17760019,0.5604984194211978 
17770034,0.5604354299688222 
17780017,0.5723463896714448 
17790010,0.5539058425275807 
17800024,0.5685477555435539 
17810029,0.5632497902035717 
17820023,0.5263376550561905 
17830016,0.5437319606852159 
17840014,0.5246590210403249 
17850010,0.5505949687131542 
17860019,0.543982783805871 
17870025,0.5470589728039418 
17880003,0.5418535786497971 
17890007,0.5391687332930146 
17900010,0.5817952675226735 
17910027,0.5430320592529972 
17920048,0.5741607566178893 
17930008,0.5385480308875388 
17940044,0.5189025557059613 
17950024,0.5463342236362071 
17960044,0.5254255097636155 
17970033,0.5207595000433874 
17980015,0.5741602061887365 
17990042,0.5372230775105609 
18000011,0.5385966682263535 
18010002,0.548238507565133 
18020042,0.5828319658757414 
18030019,0.5342143325452702 
18040013,0.5453749663657149 
18050004,0.55195769533653 
18060022,0.5519801703829896 
18070045,0.5608914216923386 
18080027,0.5385544554130081 
18090045,0.5403877678041475 
18100016,0.5166701507028072 
18110036,0.5388077657145548 
18120044,0.5392656421897015 
18130043,0.5509783325047066 
18140009,0.5263072783471986 
18150000,0.5521887674110716 
18160032,0.5660730562638769 
18170049,0.5575554740360136 
18180043,0.5538273628427081 
18190049,0.5643828849783074 
18200007,0.557482385896579 
18210047,0.5260591666406524 
18220048,0.5687878313571987 
18230003,0.5845488149048521 
18240009,0.5427842891542582 
18250030,0.5715284174901889 
18260048,0.5296032186216338 
18270022,0.5839251151205016 
18280007,0.5510970675433303 
18290039,0.5490123729871038 
18300037,0.5086112712373217 
18310046,0.5381981217331625 
18320010,0.5554654436994539 
18330014,0.5431111868949109 
18340012,0.5468961477191975 
18350040,0.538236040153077 
18360022,0.5673949172119408 
18370012,0.5293904443206727 
18380002,0.5710509530158122 
18390047,0.5410759296027492 
18400026,0.510067306336397 
18410016,0.5371913712935384 
18420011,0.5580279223948104 
18430040,0.5335857068537097 
18440014,0.5219439228671068 
18450035,0.5788445657070108 
18460003,0.5576791169991081 
18470043,0.5540949607425865 
18480020,0.5321814250000115 
18490040,0.5602978591555882 
18500009,0.5325162715290775 
18510019,0.5336291911308125 
18520032,0.5327551040573206 
18530044,0.5747142331432407 
18540028,0.5283085079408609 
18550040,0.5569228601349344 
18560035,0.5158617440560731 
18570004,0.5185248238182277 
18580015,0.5186055334652887 
18590021,0.5178764137051796 
18600004,0.5650436060992314 
18610045,0.510806055313831 
18620044,0.5234406588240113 
18630014,0.5375838013746593 
18640010,0.5406459363429795 
18650047,0.537421849838369 
18660022,0.5354132901548517 
18670000,0.5187943752823412 
18680039,0.5301328646067689 
18690004,0.5440339163514749 
18700017,0.5421712022308783 
18710038,0.5320929421810956 
18720014,0.5411214251543772 
18730022,0.5432728083634656 
18740012,0.5170635108983526 
18750044,0.5558251319507244 
18760044,0.5499391699519577 
18770033,0.552088654721701 
18780000,0.5420264532409506 
18790041,0.503528038794248 
18800010,0.5599088688490665 
18810013,0.5532979591247154 
18820023,0.5495293761690018 
18830007,0.5685323091879079 
18840035,0.5489016138858364 
18850035,0.533762080814823 
18860033,0.52839438815423 
18870036,0.5289009871890165 
18880034,0.5602621701361197 
18890003,0.5839538098744647 
18900015,0.5764426868662293 
18910041,0.5374459036920705 
18920040,0.5400939019741541 
18930000,0.5050519586343101 
18940000,0.5628225645016909 
18950041,0.5177602961403401 
18960045,0.5425038279499534 
18970005,0.5187400938133999 
18980046,0.5306255413156298 
18990010,0.5456374514230792 
19000045,0.5416432441497369 
19010006,0.5241454817008953 
19020028,0.5239922581142751 
19030033,0.5563627425806533 
19040014,0.5347922909689503 
19050021,0.5396653417158803 
19060034,0.5541385085502732 
19070032,0.5579878430921834 
19080009,0.5248608326698774 
19090018,0.5752364414880228 
19100048,0.5345497048498219 
19110032,0.5569793770155457 
19120019,0.5139020056436805 
19130017,0.5208589976180744 
19140043,0.5532278501106996 
19150038,0.5259909696658029 
19160034,0.5202796035156012 
19170018,0.5835339736725222 
19180011,0.5605817749251883 
19190001,0.5364246035943045 
19200006,0.5435834729906525 
19210036,0.5438511191438429 
19220000,0.5765374677454509 
19230004,0.5807869257533983 
19240030,0.5622431961392194 
19250026,0.5387816131859745 
19260007,0.552736892249091 
19270027,0.5456029022252556 
19280010,0.5555249266479213 
19290010,0.5794916145455772 
19300045,0.5668717544748331 
19310024,0.5744101613368531 
19320029,0.5555499590954036 
19330032,0.5538511455356177 
19340035,0.5784992718810693 
19350010,0.5672106014531932 
19360043,0.5697633376946263 
19370011,0.5278999727319055 
19380041,0.5435920298350354 
19390006,0.5402318404711579 
19400015,0.585587802196939 
19410045,0.5672550356845878 
19420048,0.5517528412707801 
19430042,0.5399242771578021 
19440025,0.5466817256276946 
19450027,0.5775200086363681 
19460017,0.5743590274800757 
19470010,0.5446444365512726 
19480017,0.5336849811281967 
19490041,0.5623832997002203 
19500031,0.5134691179834556 
19510045,0.5572285293976034 
19520034,0.5587605555499212 
19530027,0.6043769725294782 
19540003,0.5192043209321804 
19550036,0.5244319215029077 
19560002,0.5596644729539467 
19570020,0.537873802591733 
19580002,0.5615976191137562 
19590037,0.5264869224082318 
19600013,0.5596534625978942 
19610021,0.5664537674887025 
19620037,0.526810287128592 
19630039,0.5640624431392861 
19640024,0.5250438381832243 
19650022,0.5768322965909414 
19660006,0.5644034876355816 
19670043,0.5487659726304132 
19680004,0.5988650432255084 
19690018,0.5730621556223511 
19700000,0.5724106879524471 
19710041,0.5678458901156361 
19720005,0.552766295082092 
19730010,0.5745397119376855 
19740039,0.5731125486711083 
19750029,0.5644349103277675 
19760000,0.5367288599349719 
19770036,0.5413622127218862 
19780002,0.5700288061477224 
19790019,0.5828662410061358 
19800034,0.53247847277102 
19810039,0.5221432511242714 
19820028,0.5567233475486061 
19830022,0.5054344072429233 
19840012,0.53802552855682 
19850018,0.5344883435114528 
19860041,0.5857329723423343 
19870006,0.5513992226092087 
19880024,0.5140312942465471 
19890002,0.5594144256084377 
19900035,0.5564581066843091 
19910028,0.543437470334308 
19920036,0.5497235835220399 
19930025,0.569956735510951 
19940044,0.5575246352653258 
19950025,0.5610223789514455 
19960027,0.5429966773852223 
19970013,0.536337242596038 
19980003,0.5708445133925903 
19990007,0.5459253086656932 
20000001,0.5713764980350824 
20010036,0.5368141157006703 
20020037,0.5586040760581815 
20030041,0.5563887833197894 
20040000,0.5434185037446869 
20050019,0.5481656283584727 
20060027,0.5533015683770236 
20070026,0.5740985782639063 
20080030,0.5822646249073837 
20090021,0.573614172900037 
20100009,0.5215810123031822 
20110036,0.5517266631568399 
20120029,0.5652600621076959 
20130045,0.589209768647936 
20140040,0.5526639889777984 
20150039,0.5261443559481653 
20160044,0.5410914206596193 
20170009,0.5533427060964654 
20180043,0.5232866025570857 
20190026,0.5764876369376234 
20200012,0.565575639187901 
20210006,0.5512998759526688 
20220004,0.5805735624444675 
20230007,0.5413004074569753 
20240025,0.5958915692009757 
20250031,0.5714442614440424 
20260035,0.5784750968018529 
20270031,0.5511352643482107 
20280025,0.5439267849412697 
20290030,0.5631076314626245 
20300001,0.5931883277724137 
20310008,0.5536070013602183 
20320032,0.5444275176189939 
20330009,0.5679144448150901 
20340044,0.5713829092129316 
20350027,0.5516442150634729 
20360046,0.5117462723326007 
20370048,0.5673038230437903 
20380012,0.5486156260799863 
20390035,0.5380235692614408 
20400020,0.5829805818968071 
20410038,0.5474681290281851 
20420043,0.5228619439606019 
20430044,0.5591104151114595 
20440026,0.5542417601197525 
20450015,0.5344681351512688 
20460039,0.5575447920660165 
20470011,0.5299719780049598 
20480014,0.5603823367210526 
20490023,0.5438988065158227 
20500024,0.5679287272319147 
20510007,0.582660110531737 
20520036,0.5500725064514145 
20530043,0.5337714295613779 
20540030,0.5491906078049398 
20550016,0.543688877238961 
20560041,0.5552347016345353 
20570036,0.5806393258135957 
20580030,0.5530792301380537 
20590018,0.5705106610937976 
20600003,0.5533138792087183 
20610010,0.5327905910582521 
20620016,0.5402613507043418 
20630048,0.5759174368762893 
20640004,0.567859546562892 
20650038,0.5724212175258875 
20660032,0.5732840496741206 
20670040,0.5533832417353582 
20680000,0.5608927139118223 
20690020,0.5630715019614507 
20700008,0.566342216557829 
20710018,0.5599282811927523 
20720044,0.5364050015990529 
20730038,0.5547217190377535 
20740009,0.5679614043729074 
20750043,0.579948768452273 
20760017,0.5928222102637348 
20770005,0.5659303207002868 
20780022,0.5731613066549845 
20790027,0.5813767369938511 
20800005,0.6288875071963307 
20810020,0.5656669016577938 
20820003,0.5989544971917085 
20830011,0.5722478915014504 
20840003,0.5497391359520948 
20850004,0.5901326205068139 
20860004,0.5947476416413102 
20870012,0.573581193846626 
20880032,0.5887508763608269 
20890011,0.545947888999248 
20900006,0.5301313022240111 
20910045,0.5669183765247608 
20920012,0.5857103137780293 
20930040,0.5568843133429207 
20940034,0.5772891213239183 
20950032,0.5733415121510951 
20960025,0.5724936015550611 
20970017,0.5905113656992842 
20980018,0.544561666367299 
20990026,0.5574907415669141 
21000027,0.5679945871122342 
21010001,0.5579299580830983 
21020023,0.5811132445038749 
21030047,0.5700761732721528 
21040015,0.5629247679524105 
21050043,0.5772314100874472 
21060002,0.5814196170007726 
21070002,0.5622759445097266 
21080039,0.5507236305351078 
21090020,0.5681498131309014 
21100008,0.5749627396649684 
21110043,0.5651911015481107 
21120042,0.5732490111415113 
21130044,0.5458118397961471 
21140041,0.5436999306985173 
21150038,0.5510991978069598 
21160012,0.5504671978336572 
21170033,0.6019536437059078 
21180029,0.5552646100754768 
21190024,0.5692467678040793 
21200039,0.5854354246398161 
21210045,0.6040703879763566 
21220014,0.5572216214314779 
21230031,0.5802731481640881 
21240040,0.5362505847576488 
21250012,0.553729326998025 
21260030,0.548911060724095 
21270040,0.5479605929716187 
21280026,0.5649528188985521 
21290031,0.565414075762441 
21300024,0.5778471071677087 
21310007,0.570229422969434 
21320001,0.5723109443171288 
21330013,0.5465260948979437 
21340024,0.5790292305119815 
21350011,0.5824232223079994 
21360003,0.605063896193635 
21370010,0.5683493645913928 
21380026,0.5226892985900479 
21390025,0.5287464433782916 
21400006,0.5530995493125883 
21410030,0.5536097505857241 
21420023,0.5411228175690121 
21430004,0.5785705480409151 
21440022,0.5399688262954732 
21450000,0.5370310842798881 
21460014,0.5188572160927121 
21470012,0.5818792139772773 
21480028,0.5564162549163209 
21490017,0.5671888995317609 
21500001,0.5730829991306161 
21510021,0.5339781891590422 
21520033,0.5401977924641771 
21530035,0.5457363641568692 
21540037,0.5453154398797919 
21550010,0.5480044285812 
21560003,0.5226810157261286 
21570020,0.5796069321355519 
21580008,0.5207442481378253 
21590010,0.5588896375732612 
21600019,0.5925395073325544 
21610023,0.5707138423457209 
21620039,0.5835253668816065 
21630045,0.5582985634036055 
21640000,0.5591893104724817 
21650002,0.5746926229936701 
21660045,0.5274034524012303 
21670036,0.5160617306341083 
21680028,0.5776443575117564 
21690033,0.5405341708515083 
21700035,0.554416273477514 
21710015,0.560315982044954 
21720009,0.5797009073228114 
21730036,0.56160711260509 
21740005,0.5476668741761621 
21750011,0.5809641359099563 
21760009,0.545653615613346 
21770043,0.5468390961463717 
21780030,0.5365545805029164 
21790042,0.5427485668069355 
21800044,0.5395627340532062 
21810041,0.5774953941787232 
21820043,0.5679513905388167 
21830012,0.5556730272756691 
21840018,0.5508992598993908 
21850021,0.5798124837098649 
21860008,0.5817724470534499 
21870048,0.57212800777956 
21880001,0.5649651238854025 
21890038,0.60165853760083 
21900012,0.5604536379431336 
21910002,0.5637531376004243 
21920046,0.556314982604361 
21930036,0.5625611899914944 
21940039,0.5407002880383819 
21950045,0.5735142875619101 
21960019,0.5577046229688865 
21970030,0.515238505621913 
21980029,0.5903166056256326 
21990044,0.5646705341080867 
22000011,0.5533958144731842 
22010021,0.5788454070820755 
22020003,0.5208195823006747 
22030027,0.5394390637087453 
22040024,0.5646285554390972 
22050005,0.600848579186965 
22060011,0.5556050229174112 
22070010,0.5531416868209063 
22080007,0.554759968976828 
22090002,0.5820992199095374 
22100022,0.5415202507738374 
22110016,0.5458897314460259 
22120031,0.583875877221143 
22130016,0.5527432830596302 
22140038,0.5525435704891698 
22150049,0.5748647386309271 
22160035,0.5255942337756754 
22170040,0.5628397413832947 
22180026,0.5818517074289561 
22190010,0.616632350862227 
22200044,0.5610569517005435 
22210047,0.5625535423635913 
22220037,0.6008444783733957 
22230013,0.5702290536682737 
22240030,0.5469177685250957 
22250030,0.5597873682345207 
22260014,0.5546253325075468 
22270018,0.5385328632945838 
22280031,0.5954968736582866 
22290022,0.5361495974765469 
22300024,0.5809311389668532 
22310000,0.5640127614372877 
22320016,0.5709475972214011 
22330028,0.5398591685321708 
22340024,0.5744925266348309 
22350030,0.5965212058845416 
22360030,0.5849022480214431 
22370019,0.5419753499821699 
22380021,0.541942971377403 
22390046,0.5915072559203902 
22400021,0.5378069277745373 
22410035,0.5320324406932847 
22420049,0.5722277394244746 
22430005,0.5679015361805665 
22440003,0.5421727751516418 
22450022,0.5506170073435663 
22460039,0.5832112728865179 
22470002,0.5733647232159484 
22480016,0.5348189613636318 
22490045,0.561322241089456 
22500002,0.5756491726311418 
22510003,0.5808100793088538 
22520006,0.5497327003453546 
22530019,0.6191331998128315 
22540001,0.5603404339113363 
22550021,0.5458320388372524 
22560012,0.5598115558859105 
22570019,0.5608360804307756 
22580007,0.5404627544797823 
22590014,0.6017195779923677 
22600006,0.5754714354831005 
22610017,0.5470613008013494 
22620003,0.5571598621516008 
22630036,0.5457268187325068 
22640013,0.548278506288046 
22650028,0.5676323145112663 
22660001,0.5577892895805477 
22670000,0.5937448851016529 
22680048,0.5802194613412124 
22690016,0.5393198468528904 
22700030,0.5774480704727722 
22710022,0.5741534232050082 
22720015,0.5584469271661546 
22730004,0.5608908997924859 
22740016,0.5340862117341347 
22750016,0.5472968258751717 
22760034,0.5557381757475821 
22770049,0.5468821972177198 
22780003,0.563184707680407 
22790028,0.5755997137060089 
22800034,0.5485763342427759 
22810033,0.5468800956671998 
22820013,0.5632168874946749 
22830023,0.5326326501033488 
22840016,0.5740740544712986 
22850009,0.5499402015796446 
22860030,0.5399209693078557 
22870028,0.5676560192306203 
22880001,0.5650835665055088 
22890004,0.5613586195530025 
22900021,0.5616962388934003 
22910003,0.5359388754496469 
22920026,0.5598562967852051 
22930047,0.6000952614387917 
22940048,0.5965197282938958 
22950000,0.5791112143317843 
22960017,0.565895861617093 
22970018,0.5639248033717794 
22980035,0.5663616845886936 
22990036,0.5688614966086218 
23000002,0.5806609207908411 
23010049,0.5744768079559287 
23020010,0.569399388363704 
23030029,0.5834932353308406 
23040017,0.5588083260430141 
23050018,0.5680039310547059 
23060012,0.5341274001728447 
23070025,0.5337090715523931 
23080034,0.5585320507392904 
23090037,0.532139079980743 
23100042,0.5679868274222155 
23110030,0.5757917723783527 
23120010,0.5483321668863175 
23130022,0.574324917013453 
23140033,0.5335359760451099 
23150001,0.5481823177844413 
23160025,0.5429704475950606 
23170002,0.547428914047114 
23180009,0.5732930477545379 
23190029,0.5592609819743513 
23200027,0.5548225766621627 
23210046,0.5465987394114983 
23220038,0.5309174142801983 
23230038,0.5420915341554928 
23240029,0.5842300424114841 
23250046,0.5817256422982888 
23260048,0.5404984428142547 
23270011,0.5719982457681092 
23280032,0.5896536413054225 
23290004,0.561823264661366 
23300043,0.5844011081068977 
23310034,0.5631630210590418 
23320018,0.5981079475240482 
23330010,0.5406903412700925 
23340020,0.5338838223609896 
23350036,0.5881111023911048 
23360005,0.5908355369357293 
23370017,0.5660712738670913 
23380004,0.5936447726270432 
23390039,0.6017692389326246 
23400027,0.5477116755550075 
23410012,0.5743450369450277 
23420020,0.5641690757183233 
23430015,0.593274800614782 
23440008,0.5337853009624611 
23450042,0.5197008186172273 
23460006,0.5785241451960086 
23470020,0.5533552336493143 
23480037,0.5616009331405205 
23490020,0.5693603845471196 
23500006,0.5558503924000386 
23510049,0.5422185775921233 
23520010,0.6147992690529799 
23530004,0.5583646433824125 
23540034,0.5823769690259308 
23550002,0.5704087669479875 
23560021,0.5572528158866623 
23570037,0.5844861380514151 
23580028,0.5674181626329095 
23590010,0.5759929347138649 
23600033,0.5685856045699276 
23610004,0.5367704618345926 
23620024,0.5843346175451575 
23630027,0.5615674695181859 
23640005,0.5576410481175905 
23650048,0.567023882228023 
23660028,0.5843557209208469 
23670018,0.5808536816911 
23680002,0.5791228035404827 
23690025,0.5595949556160746 
23700039,0.5721075145304376 
23710047,0.5287138408192129 
23720044,0.5587588090219308 
23730034,0.5727324535637444 
23740042,0.5880426358743579 
23750039,0.6019669093282874 
23760026,0.5619564745967275 
23770001,0.5415698280826209 
23780008,0.5715037747908562 
23790002,0.5669957972262512 
23800014,0.581066398358074 
23810001,0.5775208997110892 
23820021,0.5803831006446962 
23830004,0.5955232050740717 
23840005,0.5643077042679775 
23850024,0.5377764519079494 
23860048,0.538465125769447 
23870003,0.5496527546936658 
23880023,0.5433045368390838 
23890022,0.5733113581794175 
23900005,0.5458836102189248 
23910048,0.5664248079273051 
23920027,0.5798593873676724 
23930018,0.5520183234906979 
23940033,0.5637797396037509 
23950036,0.568332467009544 
23960022,0.5329331059714575 
23970042,0.5829749463046404 
23980004,0.5066654088611466 
23990036,0.5490516633825403 
24000008,0.5904322494836165 
24010007,0.5364719822799437 
24020031,0.5360007178460976 
24030048,0.5523919032854809 
24040013,0.5815082555943901 
24050007,0.5629376623653816 
24060010,0.5560086132575033 
24070033,0.6013065419401318 
24080005,0.6073889410784683 
24090022,0.5511639637061815 
24100033,0.5717927331996495 
24110015,0.5411580142115494 
24120044,0.5370634051676388 
24130019,0.5553279004558327 
24140015,0.5665398087382685 
24150040,0.5965886545466853 
24160001,0.5760264770359548 
24170014,0.5592950239699828 
24180043,0.52724519624193 
24190035,0.5178262112868939 
24200026,0.5643712113471848 
24210006,0.5708138072950788 
24220026,0.5304899609416416 
24230005,0.5432046315324763 
24240013,0.574599875469281 
24250015,0.5626302365023395 
24260001,0.5320680708323219 
24270007,0.5801527328564173 
24280023,0.59565322523069 
24290020,0.5471969112188545 
24300007,0.5504340544060499 
24310008,0.5499555790065745 
24320007,0.552395906221647 
24330003,0.5638460683561561 
24340004,0.5640880624048984 
24350017,0.5425081921236832 
24360008,0.5796774062570736 
24370042,0.592462308402964 
24380008,0.5452139739263799 
