94800049,-14.231999397277832 
94810026,-13.992000579833984 
94820022,-13.814000129699707 
94830021,-13.857998847961426 
94840048,-13.653999328613281 
94850047,-13.542000770568848 
94860013,-14.011999130249023 
94870011,-13.785999298095703 
94880037,-13.52400016784668 
94890040,-13.621999740600586 
94900039,-13.711999893188477 
94910002,-14.031999588012695 
94920015,-13.847999572753906 
94930005,-13.691999435424805 
94940046,-13.928000450134277 
94950040,-14.005999565124512 
94960014,-13.92199993133545 
94970002,-13.934000015258789 
94980005,-13.44800090789795 
94990002,-13.656000137329102 
95000025,-14.161999702453613 
95010010,-13.710000038146973 
95020010,-13.915999412536621 
95030033,-13.92199993133545 
95040011,-13.569999694824219 
95050017,-13.673999786376953 
95060022,-13.946000099182129 
95070042,-13.97599983215332 
95080011,-13.779999732971191 
95090017,-13.899999618530273 
95100046,-13.791999816894531 
95110017,-13.989999771118164 
