10000,0.05787501484155655 
20000,0.07567566633224487 
30000,0.0871182456612587 
40000,0.11233888566493988 
50000,0.13731823861598969 
60000,0.12070807814598083 
70000,0.12187838554382324 
80000,0.12191043794155121 
90048,0.1039784848690033 
100048,0.10182268172502518 
110048,0.09499658644199371 
120048,0.10504057258367538 
130048,0.10122139006853104 
140048,0.13175474107265472 
150048,0.12379228323698044 
160048,0.1377905011177063 
170048,0.15215033292770386 
180048,0.1509801149368286 
190048,0.12137634307146072 
200048,0.14793448150157928 
210048,0.11372633278369904 
220048,0.1290513575077057 
230048,0.11839546263217926 
240048,0.1279674619436264 
250048,0.1351400464773178 
260048,0.16112816333770752 
270035,0.16174070537090302 
280035,0.1410658359527588 
290032,0.15595228970050812 
300032,0.15322361886501312 
310031,0.16392862796783447 
320019,0.18054139614105225 
330006,0.1200941726565361 
340006,0.1432480365037918 
350004,0.1927371621131897 
360034,0.15834389626979828 
370034,0.16099008917808533 
380034,0.176486536860466 
390014,0.2032937854528427 
400048,0.19938422739505768 
410025,0.1582082062959671 
420025,0.19741499423980713 
430025,0.18175648152828217 
440021,0.18313324451446533 
450024,0.16937638819217682 
460023,0.23897062242031097 
470023,0.20080925524234772 
480002,0.22984260320663452 
490030,0.23409415781497955 
500007,0.2376512587070465 
510002,0.21363790333271027 
520046,0.24615874886512756 
530015,0.2371947169303894 
540016,0.22281695902347565 
550025,0.21069824695587158 
560005,0.23101165890693665 
570016,0.2039865255355835 
580021,0.2749890387058258 
590029,0.2772693336009979 
600028,0.28146597743034363 
610006,0.27263161540031433 
620026,0.26589685678482056 
630046,0.2585911750793457 
640040,0.23198990523815155 
650045,0.2858927845954895 
660003,0.284101665019989 
670021,0.32194313406944275 
680040,0.3236999213695526 
690015,0.3044460415840149 
700032,0.2870444059371948 
710004,0.27414625883102417 
720049,0.3193889260292053 
730014,0.3008663058280945 
740040,0.28130999207496643 
750041,0.3301459550857544 
760005,0.2506004869937897 
770043,0.2260316014289856 
780030,0.2880472242832184 
790007,0.2904231548309326 
800018,0.33641183376312256 
810047,0.28835976123809814 
820025,0.29736027121543884 
830028,0.3326457738876343 
840036,0.25916123390197754 
850006,0.265418142080307 
860031,0.28194674849510193 
870002,0.29736384749412537 
880044,0.3477146029472351 
890028,0.3434034287929535 
900006,0.35273540019989014 
910002,0.3182530701160431 
920047,0.36941203474998474 
930040,0.30485987663269043 
940036,0.3357986509799957 
950047,0.40575408935546875 
960040,0.34560418128967285 
970033,0.3535068929195404 
980026,0.42718273401260376 
990038,0.35156047344207764 
1000039,0.32325392961502075 
1010043,0.3129068613052368 
1020012,0.3350260257720947 
1030009,0.32709383964538574 
1040003,0.35411328077316284 
1050033,0.4056195020675659 
1060044,0.3232910931110382 
1070028,0.375198096036911 
1080035,0.39801204204559326 
1090011,0.38383784890174866 
1100013,0.3616640865802765 
1110037,0.3510780334472656 
1120009,0.37122970819473267 
1130044,0.3752519190311432 
1140019,0.3561895489692688 
1150045,0.4007406234741211 
1160020,0.3446117043495178 
1170040,0.3672623038291931 
1180027,0.4192757308483124 
1190012,0.4389968514442444 
1200045,0.3361579477787018 
1210003,0.39312732219696045 
1220009,0.45799869298934937 
1230021,0.3993265628814697 
1240027,0.44822463393211365 
1250025,0.4691906273365021 
1260038,0.39964789152145386 
1270030,0.47223031520843506 
1280025,0.47656381130218506 
1290000,0.36788904666900635 
1300015,0.4067290425300598 
1310020,0.37348639965057373 
1320048,0.36170491576194763 
1330033,0.44823771715164185 
1340006,0.41148093342781067 
1350035,0.4694339632987976 
1360013,0.42625442147254944 
1370011,0.3446984887123108 
1380004,0.41928160190582275 
1390010,0.5012931227684021 
1400039,0.4647477865219116 
1410016,0.41830748319625854 
1420038,0.485800176858902 
1430000,0.4463938772678375 
1440009,0.43588539958000183 
1450013,0.41084572672843933 
1460030,0.4979590177536011 
1470016,0.4682359993457794 
1480001,0.46881163120269775 
1490041,0.38868239521980286 
1500031,0.4205397367477417 
1510039,0.5359812378883362 
1520001,0.4485490918159485 
1530000,0.482102632522583 
1540008,0.5424380898475647 
1550040,0.4718570411205292 
1560031,0.46662789583206177 
1570018,0.4293898046016693 
1580030,0.4147503972053528 
1590010,0.4350840449333191 
1600046,0.48653852939605713 
1610047,0.46366700530052185 
1620000,0.500549852848053 
1630019,0.44179821014404297 
1640023,0.4371100962162018 
1650035,0.41442936658859253 
1660019,0.4564591348171234 
1670021,0.476060152053833 
1680046,0.45144978165626526 
1690007,0.552629292011261 
1700043,0.43775418400764465 
1710003,0.5210763812065125 
1720028,0.4917444586753845 
1730049,0.43229666352272034 
1740001,0.46284469962120056 
1750038,0.5408936738967896 
1760009,0.47096118330955505 
1770017,0.5503876209259033 
1780038,0.4481496810913086 
1790013,0.4766343832015991 
1800000,0.47392740845680237 
1810025,0.5418053269386292 
1820032,0.5311334729194641 
1830025,0.47690504789352417 
1840006,0.48817935585975647 
1850013,0.5620589256286621 
1860002,0.5874388217926025 
1870024,0.5313372015953064 
1880042,0.5295217633247375 
1890016,0.46782153844833374 
1900008,0.5301623940467834 
1910011,0.5350617170333862 
1920034,0.49679672718048096 
1930033,0.5390297174453735 
1940028,0.5942667126655579 
1950033,0.5674563646316528 
1960033,0.5177030563354492 
1970048,0.5652831792831421 
1980028,0.5213939547538757 
1990020,0.5337281823158264 
2000028,0.55243319272995 
2010029,0.5041189789772034 
2020012,0.5102248787879944 
2030032,0.5051015615463257 
2040014,0.49179714918136597 
2050041,0.5423380136489868 
2060032,0.5446727871894836 
2070017,0.5134654641151428 
2080039,0.5015179514884949 
2090003,0.5145228505134583 
2100008,0.5290886163711548 
2110039,0.47166648507118225 
2120039,0.5702506899833679 
2130004,0.48094967007637024 
2140018,0.5615646839141846 
2150044,0.5073468685150146 
2160036,0.6447727680206299 
2170004,0.5020337104797363 
2180017,0.6237368583679199 
2190043,0.5154717564582825 
2200004,0.6137012243270874 
2210038,0.5680253505706787 
2220019,0.6189824342727661 
2230024,0.5919237732887268 
2240006,0.6331796050071716 
2250029,0.5471637845039368 
2260014,0.5911330580711365 
2270042,0.601037859916687 
2280032,0.5404188632965088 
2290003,0.5869243144989014 
2300036,0.5859301090240479 
2310002,0.6139804720878601 
2320027,0.6011433005332947 
2330002,0.5995030403137207 
2340048,0.6083086729049683 
2350012,0.601600706577301 
2360030,0.6171751618385315 
2370000,0.6022174954414368 
2380040,0.5928475856781006 
2390046,0.4991734027862549 
2400046,0.5506805181503296 
2410032,0.6554915904998779 
2420022,0.6052931547164917 
2430025,0.5359597206115723 
2440022,0.5867745876312256 
2450033,0.6076198816299438 
2460008,0.6784867644309998 
2470008,0.5970121622085571 
2480033,0.6507312059402466 
2490011,0.579795241355896 
2500032,0.6668073534965515 
2510021,0.6115673184394836 
2520019,0.6775451898574829 
2530037,0.6298927664756775 
2540022,0.6241581439971924 
2550009,0.6243047118186951 
2560018,0.6761013865470886 
2570004,0.5704838633537292 
2580026,0.633901059627533 
2590024,0.639892041683197 
2600049,0.6860381960868835 
2610035,0.6344923973083496 
2620018,0.6626408100128174 
2630044,0.6197922229766846 
2640006,0.7517253756523132 
2650029,0.6684610843658447 
2660030,0.6128103733062744 
2670034,0.5678063035011292 
2680011,0.6804164052009583 
2690026,0.6820003390312195 
2700025,0.6478026509284973 
2710010,0.6427718997001648 
2720001,0.6157515048980713 
2730017,0.683729887008667 
2740034,0.6606164574623108 
2750000,0.7003583312034607 
2760015,0.6329238414764404 
2770009,0.6469519734382629 
2780024,0.6964862942695618 
2790010,0.7214412689208984 
2800002,0.6284711956977844 
2810044,0.6556873321533203 
2820019,0.6559851765632629 
2830007,0.6963931322097778 
2840003,0.7181099057197571 
2850038,0.6654601097106934 
2860001,0.6559536457061768 
2870042,0.6592410802841187 
2880005,0.6350675821304321 
2890008,0.7257946133613586 
2900048,0.6895850300788879 
2910041,0.6752737164497375 
2920004,0.718218207359314 
2930032,0.6873316764831543 
2940002,0.6526535153388977 
2950003,0.7124633193016052 
2960010,0.6990993618965149 
2970047,0.70125412940979 
2980035,0.678418755531311 
2990002,0.7131799459457397 
3000000,0.6748462915420532 
3010010,0.7671579718589783 
3020014,0.6475156545639038 
3030008,0.6973254680633545 
3040005,0.6898174285888672 
3050024,0.6654127240180969 
3060013,0.6642478704452515 
3070011,0.7626096606254578 
3080034,0.7169855237007141 
3090043,0.7542640566825867 
3100038,0.7245403528213501 
3110017,0.7183997631072998 
3120010,0.7021231055259705 
3130048,0.6744700074195862 
3140006,0.6504026651382446 
3150014,0.691555917263031 
3160006,0.7819256782531738 
3170019,0.7008647918701172 
3180003,0.708523690700531 
3190003,0.7472373247146606 
3200018,0.6890637278556824 
3210012,0.6964470744132996 
3220001,0.6748989224433899 
3230022,0.7501534819602966 
3240015,0.6992470622062683 
3250046,0.6945859789848328 
3260006,0.7297505736351013 
3270004,0.6954286098480225 
3280003,0.7897778153419495 
3290032,0.7226852178573608 
3300022,0.6947368383407593 
3310038,0.7579199075698853 
3320013,0.7356390953063965 
3330048,0.7651426792144775 
3340033,0.7850759029388428 
3350002,0.8060328960418701 
3360022,0.7426027655601501 
3370027,0.7361884117126465 
3380017,0.7291363477706909 
3390009,0.7377862334251404 
3400020,0.7172731757164001 
3410007,0.7100182175636292 
3420024,0.7171251177787781 
3430006,0.7630102634429932 
3440045,0.7171861529350281 
3450018,0.7281142473220825 
3460018,0.7666655778884888 
3470007,0.6873248219490051 
3480022,0.6841490268707275 
3490009,0.670501172542572 
3500033,0.7133322358131409 
3510004,0.7210938930511475 
3520031,0.6941457986831665 
3530029,0.7313327193260193 
3540006,0.7823037505149841 
3550044,0.7355137467384338 
3560023,0.722240149974823 
3570015,0.7588484287261963 
3580044,0.7686430215835571 
3590011,0.7074876427650452 
3600001,0.7698218822479248 
3610045,0.7684748768806458 
3620015,0.7907471656799316 
3630003,0.7728890180587769 
3640015,0.6939303874969482 
3650014,0.7784818410873413 
3660016,0.7755883932113647 
3670047,0.7397526502609253 
3680011,0.7378461360931396 
3690039,0.6937671899795532 
3700012,0.7178889513015747 
3710030,0.7069337368011475 
3720012,0.7769016027450562 
3730021,0.7307851910591125 
3740007,0.7775142192840576 
3750001,0.7598617076873779 
3760043,0.7020378708839417 
3770011,0.7858191728591919 
3780009,0.7534245252609253 
3790019,0.7501496076583862 
3800002,0.7468761205673218 
3810003,0.7763224244117737 
3820047,0.7520672678947449 
3830045,0.7462413907051086 
3840041,0.8191783428192139 
3850000,0.7707029581069946 
3860016,0.7813113927841187 
3870021,0.776624321937561 
3880025,0.7424861192703247 
3890038,0.7079195976257324 
3900031,0.7447502017021179 
3910008,0.7595413327217102 
3920000,0.7483024001121521 
3930014,0.7365161180496216 
3940035,0.6818355321884155 
3950006,0.732145369052887 
3960016,0.7521401047706604 
3970011,0.8528211116790771 
3980007,0.7339524626731873 
3990016,0.7053386569023132 
4000016,0.7344928979873657 
4010000,0.7897886037826538 
4020020,0.8390300869941711 
4030015,0.7890534400939941 
4040038,0.7385962009429932 
4050007,0.7738291025161743 
4060006,0.7497043609619141 
4070006,0.8153550624847412 
4080015,0.696261465549469 
4090013,0.8016313910484314 
4100004,0.8050310015678406 
4110009,0.7957279682159424 
4120034,0.7419392466545105 
4130016,0.7588818073272705 
4140021,0.7713817358016968 
4150049,0.7382294535636902 
4160029,0.7778776288032532 
4170020,0.7806553840637207 
4180022,0.7243655920028687 
4190006,0.7485610842704773 
4200026,0.7335823178291321 
4210026,0.8502034544944763 
4220044,0.6897134184837341 
4230003,0.8127120733261108 
4240006,0.8025085926055908 
4250002,0.765108048915863 
4260026,0.7534337043762207 
4270014,0.7035762667655945 
4280019,0.7385257482528687 
4290002,0.8261557221412659 
4300031,0.8004025816917419 
4310041,0.8118506073951721 
4320007,0.7331291437149048 
4330016,0.7645713686943054 
4340009,0.727429986000061 
4350031,0.7659597992897034 
4360030,0.7640156745910645 
4370004,0.8198115825653076 
4380029,0.757904052734375 
4390005,0.8708624243736267 
4400004,0.7675961852073669 
4410005,0.7320905923843384 
4420004,0.8076574802398682 
4430011,0.8011218905448914 
4440016,0.7927224636077881 
4450010,0.8141353726387024 
4460010,0.757160484790802 
4470017,0.8572903275489807 
4480002,0.7745123505592346 
4490045,0.7585705518722534 
4500046,0.7903472185134888 
4510031,0.728385865688324 
4520031,0.7868042588233948 
4530033,0.8039546012878418 
4540038,0.7731363773345947 
4550009,0.7653347849845886 
4560007,0.7604021430015564 
4570026,0.7749714851379395 
4580001,0.7617650032043457 
4590000,0.7544242739677429 
4600025,0.8211292028427124 
4610023,0.766744077205658 
4620009,0.778239905834198 
4630005,0.7358880639076233 
4640046,0.7149001955986023 
4650006,0.7655182480812073 
4660014,0.7599592804908752 
4670007,0.8015131950378418 
4680007,0.834673285484314 
4690042,0.8082762956619263 
4700018,0.7738292813301086 
4710009,0.6900850534439087 
4720039,0.7968295216560364 
4730001,0.7904287576675415 
4740025,0.761427640914917 
4750027,0.8401690721511841 
4760013,0.7456907629966736 
4770016,0.8294336795806885 
4780046,0.778049647808075 
4790009,0.7920913696289062 
4800002,0.7811230421066284 
4810044,0.8326510787010193 
4820039,0.7867379784584045 
4830006,0.8140087723731995 
4840028,0.759084165096283 
4850008,0.8318445086479187 
4860033,0.7488744854927063 
4870043,0.8120526075363159 
4880013,0.7364931702613831 
4890012,0.8193793296813965 
4900004,0.7720829248428345 
4910010,0.8155657052993774 
4920026,0.7699036598205566 
4930017,0.7955722212791443 
4940007,0.7925751209259033 
4950028,0.802497386932373 
4960007,0.76688551902771 
4970019,0.7294728755950928 
4980011,0.8048733472824097 
4990024,0.785353422164917 
5000008,0.7285436391830444 
5010023,0.8391523957252502 
5020003,0.7639498114585876 
5030021,0.8447849750518799 
5040030,0.7664692401885986 
5050001,0.8121528029441833 
5060009,0.775123655796051 
5070006,0.8450260758399963 
5080004,0.8640055060386658 
5090010,0.7582166790962219 
5100001,0.8109416365623474 
5110030,0.7367019057273865 
5120016,0.8041023015975952 
5130036,0.8123258352279663 
5140018,0.8177838921546936 
5150014,0.808150053024292 
5160001,0.7310433983802795 
5170012,0.8240920901298523 
5180028,0.7531007528305054 
5190005,0.830305814743042 
5200023,0.8165304660797119 
5210014,0.7703073024749756 
5220040,0.8104192614555359 
5230011,0.810027539730072 
5240035,0.773047924041748 
5250019,0.7799841165542603 
5260032,0.8234449028968811 
5270035,0.8194876313209534 
5280014,0.8013484477996826 
5290012,0.8722964525222778 
5300001,0.8096081614494324 
5310002,0.7975806593894958 
5320000,0.7606121301651001 
5330014,0.8136789798736572 
5340009,0.8287479877471924 
5350008,0.8535869121551514 
5360015,0.8336328864097595 
5370014,0.8508065938949585 
5380012,0.8012393712997437 
5390022,0.8110432624816895 
5400010,0.8413533568382263 
5410003,0.7700727581977844 
5420016,0.7807344198226929 
5430002,0.8510239124298096 
5440022,0.7707258462905884 
5450027,0.7995635271072388 
5460000,0.75152188539505 
5470002,0.8014441132545471 
5480007,0.8055757284164429 
5490005,0.8190395832061768 
5500035,0.8039660453796387 
5510008,0.7903398275375366 
5520000,0.8469173908233643 
5530046,0.7703679800033569 
5540043,0.7302011251449585 
5550026,0.8164874315261841 
5560012,0.8279621005058289 
5570011,0.8032277822494507 
5580022,0.8652926087379456 
5590017,0.8950358629226685 
5600025,0.8577374219894409 
5610002,0.8563117980957031 
5620000,0.8288151025772095 
5630025,0.764290988445282 
5640006,0.8648768067359924 
5650023,0.8172827363014221 
5660004,0.8314843773841858 
5670048,0.7930171489715576 
5680014,0.7538410425186157 
5690045,0.8284607529640198 
5700026,0.9068472981452942 
5710009,0.8445985317230225 
5720022,0.8216144442558289 
5730033,0.7963221669197083 
5740022,0.7835955619812012 
5750025,0.7896372079849243 
5760016,0.8545347452163696 
5770015,0.8483090996742249 
5780022,0.8585600256919861 
5790002,0.7869535684585571 
5800046,0.7681419849395752 
5810029,0.8195853233337402 
5820006,0.8091014623641968 
5830032,0.8377314805984497 
5840012,0.8454617261886597 
5850040,0.7757944464683533 
5860013,0.8189491033554077 
5870013,0.8094387650489807 
5880004,0.7768603563308716 
5890003,0.8691714406013489 
5900030,0.8081002235412598 
5910008,0.7428390979766846 
5920028,0.8290089964866638 
5930013,0.7918509840965271 
5940009,0.8009405732154846 
5950041,0.8060593605041504 
5960001,0.7761884927749634 
5970029,0.8579557538032532 
5980035,0.8124179244041443 
5990019,0.8777350783348083 
6000043,0.8027799129486084 
6010000,0.8199484348297119 
6020034,0.788178563117981 
6030016,0.7836320996284485 
6040002,0.8465542793273926 
6050017,0.8227712512016296 
6060021,0.8342190384864807 
6070033,0.8408787250518799 
6080001,0.7789908051490784 
6090018,0.8440104722976685 
6100032,0.8202157020568848 
6110009,0.8322543501853943 
6120008,0.8399963974952698 
6130013,0.8306140303611755 
6140017,0.8667705655097961 
6150019,0.8960909843444824 
6160015,0.8196350336074829 
6170024,0.8355973958969116 
6180022,0.7932409048080444 
6190033,0.8236098289489746 
6200008,0.8129661679267883 
6210012,0.8238345980644226 
6220032,0.8711013197898865 
6230026,0.8192728161811829 
6240041,0.7689533829689026 
6250017,0.8016897439956665 
6260036,0.8152021765708923 
6270026,0.762697160243988 
6280016,0.8224768042564392 
6290022,0.8372795581817627 
6300021,0.8867541551589966 
6310025,0.8347457647323608 
6320014,0.834774911403656 
6330011,0.831356406211853 
6340016,0.7949675917625427 
6350014,0.800624668598175 
6360035,0.8130086660385132 
6370030,0.845569372177124 
6380010,0.9040520191192627 
6390006,0.8311195373535156 
6400009,0.8166730999946594 
6410034,0.9112067222595215 
6420003,0.7957363128662109 
6430015,0.8347097039222717 
6440048,0.790260374546051 
6450027,0.8004912734031677 
6460047,0.79009610414505 
6470019,0.7932319641113281 
6480000,0.8653953671455383 
6490027,0.7542272806167603 
6500017,0.7971972823143005 
6510045,0.8415860533714294 
6520006,0.8385513424873352 
6530025,0.8702917695045471 
6540007,0.8363380432128906 
6550004,0.8412498235702515 
6560039,0.8582094311714172 
6570023,0.7712584137916565 
6580007,0.8809670209884644 
6590014,0.7913039326667786 
6600021,0.8525038957595825 
6610015,0.8793427348136902 
6620023,0.7847429513931274 
6630013,0.8012338280677795 
6640043,0.8429778814315796 
6650015,0.8131937384605408 
6660046,0.8365074396133423 
6670018,0.8327799439430237 
6680008,0.7876701354980469 
6690013,0.79132479429245 
6700003,0.8549407720565796 
6710040,0.7997649312019348 
6720002,0.8079878091812134 
6730005,0.8545384407043457 
6740022,0.8298385739326477 
6750008,0.792845606803894 
6760042,0.8095635771751404 
6770026,0.8629885911941528 
6780014,0.7662036418914795 
6790018,0.8437602519989014 
6800000,0.8335758447647095 
6810042,0.7995345592498779 
6820017,0.8635507225990295 
6830014,0.869114100933075 
6840008,0.8476090431213379 
6850016,0.870979368686676 
6860004,0.8598431944847107 
6870008,0.8179681301116943 
6880004,0.8495022058486938 
6890016,0.8093475103378296 
6900032,0.8109902739524841 
6910006,0.853823721408844 
6920003,0.8320550322532654 
6930003,0.8468097448348999 
6940037,0.8071210384368896 
6950005,0.8526826500892639 
6960024,0.8013346791267395 
6970006,0.8113316893577576 
6980003,0.7968728542327881 
6990030,0.8342004418373108 
7000007,0.849869966506958 
7010013,0.8007678389549255 
7020020,0.8011940717697144 
7030006,0.833804190158844 
7040018,0.8177206516265869 
7050012,0.8133045434951782 
7060009,0.8316528797149658 
7070030,0.8725101351737976 
7080036,0.811510443687439 
7090018,0.8497379422187805 
7100022,0.8069061040878296 
7110005,0.827782154083252 
7120001,0.8638399243354797 
7130016,0.8005421161651611 
7140000,0.7513454556465149 
7150000,0.864307165145874 
7160023,0.7676010727882385 
7170019,0.8880053758621216 
7180032,0.7744008898735046 
7190026,0.7885576486587524 
7200031,0.815842866897583 
7210000,0.8568918704986572 
7220004,0.8439128994941711 
7230021,0.7873979210853577 
7240008,0.8354620337486267 
7250048,0.7860766053199768 
7260006,0.8195130228996277 
7270005,0.8777773976325989 
7280033,0.853726863861084 
7290020,0.8565689325332642 
7300002,0.8086946606636047 
7310027,0.7988218069076538 
7320023,0.8265284895896912 
7330009,0.8733981847763062 
7340017,0.8174476623535156 
7350034,0.8490886092185974 
7360009,0.8581506609916687 
7370018,0.8398776054382324 
7380048,0.8067379593849182 
7390009,0.8517881631851196 
7400008,0.8586745262145996 
7410005,0.8538733124732971 
7420005,0.8484594821929932 
7430023,0.7780107259750366 
7440036,0.8257861137390137 
7450000,0.821860671043396 
7460038,0.8168249726295471 
7470020,0.8277474045753479 
7480038,0.8402606844902039 
7490020,0.820271909236908 
7500019,0.8225705027580261 
7510047,0.8092561364173889 
7520015,0.7996180653572083 
7530000,0.8153760433197021 
7540002,0.8242965936660767 
7550043,0.8468418717384338 
7560007,0.7772706747055054 
7570030,0.8441483974456787 
7580023,0.8059633374214172 
7590001,0.9034088850021362 
7600000,0.830946683883667 
7610019,0.8736904263496399 
7620004,0.8195463418960571 
7630006,0.8625619411468506 
7640028,0.8241453766822815 
7650013,0.8506407737731934 
7660041,0.807696521282196 
7670000,0.8383565545082092 
7680011,0.8948143124580383 
7690022,0.8677026629447937 
7700019,0.8457362651824951 
7710034,0.7459885478019714 
7720011,0.8394259810447693 
7730014,0.8692419528961182 
7740022,0.851152241230011 
7750004,0.8461938500404358 
7760009,0.8614910244941711 
7770003,0.8485924601554871 
7780046,0.8484448790550232 
7790013,0.8663362264633179 
7800017,0.8050190210342407 
7810035,0.8359435200691223 
7820005,0.8969563841819763 
7830049,0.8167086243629456 
7840041,0.8593503832817078 
7850004,0.8803514242172241 
7860014,0.8658643364906311 
7870006,0.8360168933868408 
7880014,0.8190739154815674 
7890008,0.8688411116600037 
7900013,0.7750363349914551 
7910009,0.8046711087226868 
7920020,0.8491905331611633 
7930019,0.8546382188796997 
7940009,0.8442289233207703 
7950021,0.8420031070709229 
7960000,0.8579052686691284 
7970028,0.8202056288719177 
7980005,0.8644920587539673 
7990028,0.8342189788818359 
8000022,0.8793901205062866 
8010018,0.8637400269508362 
8020016,0.7772189974784851 
8030022,0.8191571235656738 
8040020,0.8819555640220642 
8050019,0.8017323017120361 
8060002,0.8856037855148315 
8070021,0.8672193288803101 
8080021,0.8558968901634216 
8090009,0.8640810251235962 
8100044,0.8508942127227783 
8110001,0.8410270810127258 
8120015,0.8339224457740784 
8130014,0.8906638622283936 
8140012,0.8589264154434204 
8150024,0.8437108397483826 
8160047,0.8737665414810181 
8170001,0.8595596551895142 
8180015,0.8019705414772034 
8190010,0.8455464243888855 
8200020,0.8654205799102783 
8210012,0.823672354221344 
8220020,0.8236085772514343 
8230000,0.8599319458007812 
8240000,0.8373469710350037 
8250031,0.8580313920974731 
8260017,0.8336251974105835 
8270013,0.8761076331138611 
8280018,0.857577383518219 
8290007,0.8954306244850159 
8300008,0.8383129239082336 
8310028,0.8480819463729858 
8320006,0.8700711727142334 
8330029,0.83720862865448 
8340002,0.7963249683380127 
8350009,0.8293002247810364 
8360021,0.8492423892021179 
8370028,0.891121506690979 
8380030,0.8853113651275635 
8390001,0.8776825070381165 
8400002,0.8612350225448608 
8410017,0.8605802655220032 
8420010,0.8356514573097229 
8430018,0.8525499701499939 
8440000,0.8006640672683716 
8450005,0.8140890002250671 
8460011,0.7904927134513855 
8470027,0.8498430848121643 
8480022,0.8131963610649109 
8490031,0.8500928282737732 
8500015,0.810987114906311 
8510043,0.783339262008667 
8520043,0.8443084955215454 
8530031,0.829122006893158 
8540029,0.8021051287651062 
8550027,0.843595027923584 
8560009,0.8244326114654541 
8570021,0.8315077424049377 
8580002,0.8381486535072327 
8590001,0.8659026622772217 
8600005,0.8825146555900574 
8610041,0.827107846736908 
8620000,0.8695540428161621 
8630016,0.8413276076316833 
8640020,0.8608024716377258 
8650039,0.7942082285881042 
8660009,0.8114176988601685 
8670039,0.8124452829360962 
8680003,0.847090482711792 
8690047,0.8137692213058472 
8700013,0.8676983714103699 
8710011,0.8560036420822144 
8720013,0.8451075553894043 
8730011,0.8589049577713013 
8740028,0.8510217070579529 
8750018,0.8321173191070557 
8760018,0.8694667220115662 
8770040,0.8631142377853394 
8780036,0.8336430191993713 
8790015,0.8669044971466064 
8800033,0.8183314800262451 
8810026,0.7772537469863892 
8820017,0.8402079939842224 
8830003,0.8467962145805359 
8840030,0.8401547074317932 
8850001,0.8125473260879517 
8860006,0.8230535984039307 
