10000,0.0024999999441206455 
20000,0.0 
30000,0.0 
40000,0.0 
50000,0.0024999999441206455 
60000,0.0024999999441206455 
70000,0.0 
80000,0.004999999888241291 
90000,0.0024999999441206455 
100000,0.0024999999441206455 
110000,0.004999999888241291 
120000,0.0 
130000,0.0024999999441206455 
140000,0.0 
150000,0.0024999999441206455 
160000,0.0024999999441206455 
170000,0.0024999999441206455 
180000,0.007499999832361937 
190000,0.004999999888241291 
200000,0.004999999888241291 
210000,0.0024999999441206455 
220000,0.0024999999441206455 
230000,0.0024999999441206455 
240000,0.0 
250000,0.004999999888241291 
260000,0.0024999999441206455 
270000,0.004999999888241291 
280000,0.007499999832361937 
290000,0.0024999999441206455 
300000,0.004999999888241291 
310000,0.0024999999441206455 
320000,0.004999999888241291 
330000,0.009999999776482582 
340000,0.012500000186264515 
350000,0.007499999832361937 
360000,0.0024999999441206455 
370000,0.009999999776482582 
380000,0.0024999999441206455 
390000,0.004999999888241291 
400000,0.0024999999441206455 
410000,0.0024999999441206455 
420000,0.004999999888241291 
430000,0.0024999999441206455 
440000,0.0024999999441206455 
450000,0.004999999888241291 
460000,0.017500000074505806 
470000,0.0 
480000,0.004999999888241291 
490000,0.0024999999441206455 
500000,0.0024999999441206455 
510000,0.007499999832361937 
520000,0.009999999776482582 
530000,0.004999999888241291 
540000,0.007499999832361937 
550000,0.009999999776482582 
560000,0.004999999888241291 
570000,0.014999999664723873 
580000,0.009999999776482582 
590000,0.0 
600000,0.012500000186264515 
610000,0.014999999664723873 
620000,0.0024999999441206455 
630000,0.0 
640000,0.0024999999441206455 
650000,0.014999999664723873 
660000,0.009999999776482582 
670000,0.004999999888241291 
680000,0.012500000186264515 
690000,0.0024999999441206455 
700000,0.004999999888241291 
710000,0.0024999999441206455 
720000,0.009999999776482582 
730000,0.007499999832361937 
740000,0.009999999776482582 
750000,0.012500000186264515 
760000,0.009999999776482582 
770000,0.007499999832361937 
780000,0.007499999832361937 
790000,0.004999999888241291 
800000,0.0 
810000,0.012500000186264515 
820000,0.007499999832361937 
830000,0.0024999999441206455 
840000,0.007499999832361937 
850000,0.0024999999441206455 
860000,0.012500000186264515 
870000,0.004999999888241291 
880000,0.004999999888241291 
890000,0.004999999888241291 
900000,0.012500000186264515 
910000,0.012500000186264515 
920000,0.012500000186264515 
930000,0.007499999832361937 
940000,0.017500000074505806 
950000,0.012500000186264515 
960000,0.012500000186264515 
970000,0.019999999552965164 
980000,0.012500000186264515 
990000,0.004999999888241291 
1000000,0.017500000074505806 
1010000,0.007499999832361937 
1020000,0.02250000089406967 
1030000,0.0 
1040000,0.0024999999441206455 
1050000,0.014999999664723873 
1060000,0.009999999776482582 
1070000,0.012500000186264515 
1080000,0.017500000074505806 
1090000,0.007499999832361937 
1100000,0.009999999776482582 
1110000,0.012500000186264515 
1120000,0.017500000074505806 
1130000,0.014999999664723873 
1140000,0.009999999776482582 
1150000,0.012500000186264515 
1160000,0.007499999832361937 
1170000,0.017500000074505806 
1180000,0.017500000074505806 
1190000,0.012500000186264515 
1200000,0.009999999776482582 
1210000,0.007499999832361937 
1220000,0.0024999999441206455 
1230000,0.014999999664723873 
1240000,0.007499999832361937 
1250000,0.007499999832361937 
1260000,0.014999999664723873 
1270000,0.009999999776482582 
1280000,0.017500000074505806 
1290000,0.019999999552965164 
1300000,0.012500000186264515 
1310000,0.0024999999441206455 
1320000,0.007499999832361937 
1330000,0.009999999776482582 
1340000,0.014999999664723873 
1350000,0.014999999664723873 
1360000,0.0 
1370000,0.02250000089406967 
1380000,0.012500000186264515 
1390000,0.017500000074505806 
1400000,0.017500000074505806 
1410000,0.012500000186264515 
1420000,0.014999999664723873 
1430000,0.02250000089406967 
1440000,0.0024999999441206455 
1450000,0.014999999664723873 
1460000,0.017500000074505806 
1470000,0.017500000074505806 
1480000,0.004999999888241291 
1490000,0.017500000074505806 
1500000,0.009999999776482582 
1510000,0.019999999552965164 
1520000,0.004999999888241291 
1530000,0.02250000089406967 
1540000,0.019999999552965164 
1550000,0.009999999776482582 
1560000,0.019999999552965164 
1570000,0.012500000186264515 
1580000,0.009999999776482582 
1590000,0.012500000186264515 
1600000,0.02250000089406967 
1610000,0.012500000186264515 
1620000,0.029999999329447746 
1630000,0.009999999776482582 
1640000,0.014999999664723873 
1650000,0.014999999664723873 
1660000,0.019999999552965164 
1670000,0.009999999776482582 
1680000,0.017500000074505806 
1690000,0.02250000089406967 
1700000,0.017500000074505806 
1710000,0.014999999664723873 
1720000,0.027499999850988388 
1730000,0.02250000089406967 
1740000,0.017500000074505806 
1750000,0.019999999552965164 
1760000,0.02250000089406967 
1770000,0.019999999552965164 
1780000,0.019999999552965164 
1790000,0.027499999850988388 
1800000,0.02250000089406967 
1810000,0.019999999552965164 
1820000,0.02250000089406967 
1830000,0.007499999832361937 
1840000,0.027499999850988388 
1850000,0.029999999329447746 
1860000,0.012500000186264515 
1870000,0.02250000089406967 
1880000,0.017500000074505806 
1890000,0.029999999329447746 
1900000,0.02500000037252903 
1910000,0.017500000074505806 
1920000,0.014999999664723873 
1930000,0.017500000074505806 
1940000,0.02250000089406967 
1950000,0.03999999910593033 
1960000,0.02250000089406967 
1970000,0.012500000186264515 
1980000,0.02500000037252903 
1990000,0.02250000089406967 
2000000,0.009999999776482582 
2010000,0.017500000074505806 
2020000,0.032499998807907104 
2030000,0.019999999552965164 
2040000,0.017500000074505806 
2050000,0.012500000186264515 
2060000,0.02500000037252903 
2070000,0.02500000037252903 
2080000,0.02250000089406967 
2090000,0.007499999832361937 
2100000,0.009999999776482582 
2110000,0.004999999888241291 
2120000,0.02250000089406967 
2130000,0.017500000074505806 
2140000,0.017500000074505806 
2150000,0.02250000089406967 
2160000,0.019999999552965164 
2170000,0.02500000037252903 
2180000,0.012500000186264515 
2190000,0.019999999552965164 
2200000,0.02500000037252903 
2210000,0.007499999832361937 
2220000,0.02500000037252903 
2230000,0.014999999664723873 
2240000,0.012500000186264515 
2250000,0.009999999776482582 
2260000,0.019999999552965164 
2270000,0.014999999664723873 
2280000,0.027499999850988388 
2290000,0.004999999888241291 
2300000,0.012500000186264515 
2310000,0.014999999664723873 
2320000,0.027499999850988388 
2330000,0.02500000037252903 
2340000,0.017500000074505806 
2350000,0.007499999832361937 
2360000,0.029999999329447746 
2370000,0.014999999664723873 
2380000,0.029999999329447746 
2390000,0.017500000074505806 
2400000,0.027499999850988388 
2410000,0.019999999552965164 
2420000,0.017500000074505806 
2430000,0.019999999552965164 
2440000,0.02500000037252903 
2450000,0.017500000074505806 
2460000,0.02250000089406967 
2470000,0.014999999664723873 
2480000,0.009999999776482582 
2490000,0.019999999552965164 
2500000,0.027499999850988388 
2510000,0.03750000149011612 
2520000,0.012500000186264515 
2530000,0.014999999664723873 
2540000,0.032499998807907104 
2550000,0.007499999832361937 
2560000,0.007499999832361937 
2570000,0.014999999664723873 
2580000,0.019999999552965164 
2590000,0.017500000074505806 
2600000,0.019999999552965164 
2610000,0.02500000037252903 
2620000,0.017500000074505806 
2630000,0.029999999329447746 
2640000,0.029999999329447746 
2650000,0.014999999664723873 
2660000,0.012500000186264515 
2670000,0.007499999832361937 
2680000,0.019999999552965164 
2690000,0.02500000037252903 
2700000,0.027499999850988388 
2710000,0.019999999552965164 
2720000,0.014999999664723873 
2730000,0.019999999552965164 
2740000,0.017500000074505806 
2750000,0.012500000186264515 
2760000,0.032499998807907104 
2770000,0.014999999664723873 
2780000,0.017500000074505806 
2790000,0.012500000186264515 
2800000,0.009999999776482582 
2810000,0.029999999329447746 
2820000,0.007499999832361937 
2830000,0.007499999832361937 
2840000,0.007499999832361937 
2850000,0.02250000089406967 
2860000,0.019999999552965164 
2870000,0.0024999999441206455 
2880000,0.017500000074505806 
2890000,0.009999999776482582 
2900000,0.014999999664723873 
2910000,0.012500000186264515 
2920000,0.012500000186264515 
2930000,0.02250000089406967 
2940000,0.02250000089406967 
2950000,0.027499999850988388 
2960000,0.027499999850988388 
2970000,0.019999999552965164 
2980000,0.02500000037252903 
2990000,0.019999999552965164 
3000000,0.007499999832361937 
3010000,0.012500000186264515 
3020000,0.019999999552965164 
3030000,0.014999999664723873 
3040000,0.027499999850988388 
3050000,0.009999999776482582 
3060000,0.02250000089406967 
3070000,0.03500000014901161 
3080000,0.02500000037252903 
3090000,0.019999999552965164 
3100000,0.009999999776482582 
3110000,0.02500000037252903 
3120000,0.017500000074505806 
3130000,0.02500000037252903 
3140000,0.014999999664723873 
3150000,0.02500000037252903 
3160000,0.02250000089406967 
3170000,0.032499998807907104 
3180000,0.014999999664723873 
3190000,0.009999999776482582 
3200000,0.027499999850988388 
3210000,0.014999999664723873 
3220000,0.02500000037252903 
3230000,0.027499999850988388 
3240000,0.02500000037252903 
3250000,0.014999999664723873 
3260000,0.02250000089406967 
3270000,0.009999999776482582 
3280000,0.012500000186264515 
3290000,0.017500000074505806 
3300000,0.02500000037252903 
3310000,0.032499998807907104 
3320000,0.012500000186264515 
3330000,0.017500000074505806 
3340000,0.012500000186264515 
3350000,0.014999999664723873 
3360000,0.017500000074505806 
3370000,0.009999999776482582 
3380000,0.02500000037252903 
3390000,0.019999999552965164 
3400000,0.017500000074505806 
3410000,0.012500000186264515 
3420000,0.02250000089406967 
3430000,0.009999999776482582 
3440000,0.009999999776482582 
3450000,0.019999999552965164 
3460000,0.014999999664723873 
3470000,0.009999999776482582 
3480000,0.02500000037252903 
3490000,0.017500000074505806 
3500000,0.007499999832361937 
3510000,0.009999999776482582 
3520000,0.032499998807907104 
3530000,0.017500000074505806 
3540000,0.017500000074505806 
3550000,0.02250000089406967 
3560000,0.007499999832361937 
3570000,0.014999999664723873 
3580000,0.019999999552965164 
3590000,0.012500000186264515 
3600000,0.007499999832361937 
3610000,0.007499999832361937 
3620000,0.007499999832361937 
3630000,0.027499999850988388 
3640000,0.017500000074505806 
3650000,0.027499999850988388 
3660000,0.014999999664723873 
3670000,0.029999999329447746 
3680000,0.014999999664723873 
3690000,0.029999999329447746 
3700000,0.012500000186264515 
3710000,0.02250000089406967 
3720000,0.03500000014901161 
3730000,0.019999999552965164 
3740000,0.02500000037252903 
3750000,0.027499999850988388 
3760000,0.029999999329447746 
3770000,0.027499999850988388 
3780000,0.017500000074505806 
3790000,0.014999999664723873 
3800000,0.012500000186264515 
3810000,0.009999999776482582 
3820000,0.017500000074505806 
3830000,0.019999999552965164 
3840000,0.02500000037252903 
3850000,0.017500000074505806 
3860000,0.009999999776482582 
3870000,0.027499999850988388 
3880000,0.012500000186264515 
3890000,0.03500000014901161 
3900000,0.012500000186264515 
3910000,0.019999999552965164 
3920000,0.019999999552965164 
3930000,0.014999999664723873 
3940000,0.019999999552965164 
3950000,0.009999999776482582 
3960000,0.009999999776482582 
3970000,0.019999999552965164 
3980000,0.014999999664723873 
3990000,0.017500000074505806 
4000000,0.02500000037252903 
4010000,0.02500000037252903 
4020000,0.012500000186264515 
4030000,0.02250000089406967 
4040000,0.02250000089406967 
4050000,0.029999999329447746 
4060000,0.029999999329447746 
4070000,0.02250000089406967 
4080000,0.014999999664723873 
4090000,0.029999999329447746 
4100000,0.014999999664723873 
4110000,0.019999999552965164 
4120000,0.014999999664723873 
4130000,0.02250000089406967 
4140000,0.029999999329447746 
4150000,0.02500000037252903 
4160000,0.02250000089406967 
4170000,0.02500000037252903 
4180000,0.019999999552965164 
4190000,0.027499999850988388 
4200000,0.02250000089406967 
4210000,0.02250000089406967 
4220000,0.019999999552965164 
4230000,0.009999999776482582 
4240000,0.019999999552965164 
4250000,0.02250000089406967 
4260000,0.017500000074505806 
4270000,0.009999999776482582 
4280000,0.02500000037252903 
4290000,0.03500000014901161 
4300000,0.017500000074505806 
4310000,0.019999999552965164 
4320000,0.03500000014901161 
4330000,0.014999999664723873 
4340000,0.017500000074505806 
4350000,0.02250000089406967 
4360000,0.02500000037252903 
4370000,0.017500000074505806 
4380000,0.017500000074505806 
4390000,0.009999999776482582 
4400000,0.017500000074505806 
4410000,0.02250000089406967 
4420000,0.017500000074505806 
4430000,0.02250000089406967 
4440000,0.019999999552965164 
4450000,0.017500000074505806 
4460000,0.029999999329447746 
4470000,0.027499999850988388 
4480000,0.03500000014901161 
4490000,0.02250000089406967 
4500000,0.03750000149011612 
4510000,0.029999999329447746 
4520000,0.02500000037252903 
4530000,0.027499999850988388 
4540000,0.019999999552965164 
4550000,0.019999999552965164 
4560000,0.014999999664723873 
4570000,0.012500000186264515 
4580000,0.009999999776482582 
4590000,0.019999999552965164 
4600000,0.017500000074505806 
4610000,0.014999999664723873 
4620000,0.029999999329447746 
4630000,0.032499998807907104 
4640000,0.02250000089406967 
4650000,0.032499998807907104 
4660000,0.02500000037252903 
4670000,0.027499999850988388 
4680000,0.019999999552965164 
4690000,0.012500000186264515 
4700000,0.017500000074505806 
4710000,0.012500000186264515 
4720000,0.017500000074505806 
4730000,0.032499998807907104 
4740000,0.004999999888241291 
4750000,0.004999999888241291 
4760000,0.019999999552965164 
4770000,0.019999999552965164 
4780000,0.019999999552965164 
4790000,0.017500000074505806 
4800000,0.014999999664723873 
4810000,0.02250000089406967 
4820000,0.02250000089406967 
4830000,0.027499999850988388 
4840000,0.02250000089406967 
4850000,0.019999999552965164 
4860000,0.029999999329447746 
4870000,0.014999999664723873 
4880000,0.012500000186264515 
4890000,0.014999999664723873 
4900000,0.014999999664723873 
4910000,0.012500000186264515 
4920000,0.007499999832361937 
4930000,0.012500000186264515 
4940000,0.019999999552965164 
4950000,0.029999999329447746 
4960000,0.019999999552965164 
4970000,0.03500000014901161 
4980000,0.012500000186264515 
4990000,0.029999999329447746 
5000000,0.012500000186264515 
5010000,0.017500000074505806 
5020000,0.017500000074505806 
5030000,0.014999999664723873 
5040000,0.017500000074505806 
5050000,0.02500000037252903 
5060000,0.012500000186264515 
5070000,0.009999999776482582 
5080000,0.029999999329447746 
5090000,0.019999999552965164 
5100000,0.017500000074505806 
5110000,0.017500000074505806 
5120000,0.027499999850988388 
5130000,0.014999999664723873 
5140000,0.012500000186264515 
5150000,0.017500000074505806 
5160000,0.012500000186264515 
5170000,0.014999999664723873 
5180000,0.03500000014901161 
5190000,0.029999999329447746 
5200000,0.02250000089406967 
5210000,0.014999999664723873 
5220000,0.029999999329447746 
5230000,0.017500000074505806 
5240000,0.027499999850988388 
5250000,0.02250000089406967 
5260000,0.017500000074505806 
5270000,0.027499999850988388 
5280000,0.027499999850988388 
5290000,0.02500000037252903 
5300000,0.017500000074505806 
5310000,0.017500000074505806 
5320000,0.019999999552965164 
5330000,0.02250000089406967 
5340000,0.014999999664723873 
5350000,0.012500000186264515 
5360000,0.019999999552965164 
5370000,0.017500000074505806 
5380000,0.009999999776482582 
5390000,0.027499999850988388 
5400000,0.007499999832361937 
5410000,0.019999999552965164 
5420000,0.02250000089406967 
5430000,0.014999999664723873 
5440000,0.02500000037252903 
5450000,0.012500000186264515 
5460000,0.009999999776482582 
5470000,0.029999999329447746 
5480000,0.027499999850988388 
5490000,0.027499999850988388 
5500000,0.027499999850988388 
5510000,0.017500000074505806 
5520000,0.02250000089406967 
5530000,0.017500000074505806 
5540000,0.029999999329447746 
5550000,0.02500000037252903 
5560000,0.02250000089406967 
5570000,0.03500000014901161 
5580000,0.029999999329447746 
5590000,0.014999999664723873 
5600000,0.019999999552965164 
5610000,0.02250000089406967 
5620000,0.029999999329447746 
5630000,0.029999999329447746 
5640000,0.017500000074505806 
5650000,0.027499999850988388 
5660000,0.019999999552965164 
5670000,0.012500000186264515 
5680000,0.019999999552965164 
5690000,0.019999999552965164 
5700000,0.029999999329447746 
5710000,0.009999999776482582 
5720000,0.027499999850988388 
5730000,0.019999999552965164 
5740000,0.02500000037252903 
5750000,0.012500000186264515 
5760000,0.019999999552965164 
5770000,0.014999999664723873 
5780000,0.03750000149011612 
5790000,0.032499998807907104 
5800000,0.017500000074505806 
5810000,0.017500000074505806 
5820000,0.02250000089406967 
5830000,0.02250000089406967 
5840000,0.009999999776482582 
5850000,0.014999999664723873 
5860000,0.02500000037252903 
5870000,0.029999999329447746 
5880000,0.014999999664723873 
5890000,0.02250000089406967 
5900000,0.012500000186264515 
5910000,0.009999999776482582 
5920000,0.019999999552965164 
5930000,0.029999999329447746 
5940000,0.017500000074505806 
5950000,0.017500000074505806 
5960000,0.03500000014901161 
5970000,0.02250000089406967 
5980000,0.032499998807907104 
5990000,0.017500000074505806 
6000000,0.019999999552965164 
6010000,0.029999999329447746 
6020000,0.029999999329447746 
6030000,0.014999999664723873 
6040000,0.03500000014901161 
6050000,0.03999999910593033 
6060000,0.02250000089406967 
6070000,0.017500000074505806 
6080000,0.03999999910593033 
6090000,0.02250000089406967 
6100000,0.019999999552965164 
6110000,0.027499999850988388 
6120000,0.019999999552965164 
6130000,0.019999999552965164 
6140000,0.017500000074505806 
6150000,0.017500000074505806 
6160000,0.02500000037252903 
6170000,0.012500000186264515 
6180000,0.019999999552965164 
6190000,0.012500000186264515 
6200000,0.007499999832361937 
6210000,0.012500000186264515 
6220000,0.027499999850988388 
6230000,0.019999999552965164 
6240000,0.017500000074505806 
6250000,0.017500000074505806 
6260000,0.014999999664723873 
6270000,0.02250000089406967 
6280000,0.032499998807907104 
6290000,0.019999999552965164 
6300000,0.012500000186264515 
6310000,0.012500000186264515 
6320000,0.027499999850988388 
6330000,0.017500000074505806 
6340000,0.032499998807907104 
6350000,0.014999999664723873 
6360000,0.017500000074505806 
6370000,0.007499999832361937 
6380000,0.03500000014901161 
6390000,0.029999999329447746 
6400000,0.017500000074505806 
6410000,0.017500000074505806 
6420000,0.017500000074505806 
6430000,0.02250000089406967 
6440000,0.014999999664723873 
6450000,0.029999999329447746 
6460000,0.017500000074505806 
6470000,0.014999999664723873 
6480000,0.017500000074505806 
6490000,0.027499999850988388 
6500000,0.017500000074505806 
6510000,0.019999999552965164 
6520000,0.007499999832361937 
6530000,0.009999999776482582 
6540000,0.009999999776482582 
6550000,0.029999999329447746 
6560000,0.02250000089406967 
6570000,0.012500000186264515 
6580000,0.019999999552965164 
6590000,0.017500000074505806 
6600000,0.02250000089406967 
6610000,0.019999999552965164 
6620000,0.02250000089406967 
6630000,0.007499999832361937 
6640000,0.02500000037252903 
6650000,0.014999999664723873 
6660000,0.014999999664723873 
6670000,0.019999999552965164 
6680000,0.014999999664723873 
6690000,0.019999999552965164 
6700000,0.03500000014901161 
6710000,0.017500000074505806 
6720000,0.014999999664723873 
6730000,0.017500000074505806 
6740000,0.029999999329447746 
6750000,0.014999999664723873 
6760000,0.027499999850988388 
6770000,0.019999999552965164 
6780000,0.004999999888241291 
6790000,0.014999999664723873 
6800000,0.02250000089406967 
6810000,0.02250000089406967 
6820000,0.019999999552965164 
6830000,0.012500000186264515 
6840000,0.027499999850988388 
6850000,0.019999999552965164 
6860000,0.03500000014901161 
6870000,0.02250000089406967 
6880000,0.014999999664723873 
6890000,0.029999999329447746 
6900000,0.02250000089406967 
6910000,0.029999999329447746 
6920000,0.009999999776482582 
6930000,0.02250000089406967 
6940000,0.019999999552965164 
6950000,0.009999999776482582 
6960000,0.007499999832361937 
6970000,0.014999999664723873 
6980000,0.009999999776482582 
6990000,0.019999999552965164 
7000000,0.02250000089406967 
7010000,0.017500000074505806 
7020000,0.019999999552965164 
7030000,0.019999999552965164 
7040000,0.03999999910593033 
7050000,0.019999999552965164 
7060000,0.027499999850988388 
7070000,0.014999999664723873 
7080000,0.009999999776482582 
7090000,0.017500000074505806 
7100000,0.014999999664723873 
7110000,0.03500000014901161 
7120000,0.019999999552965164 
7130000,0.014999999664723873 
7140000,0.014999999664723873 
7150000,0.02250000089406967 
7160000,0.007499999832361937 
7170000,0.027499999850988388 
7180000,0.014999999664723873 
7190000,0.027499999850988388 
7200000,0.03999999910593033 
7210000,0.009999999776482582 
7220000,0.02500000037252903 
7230000,0.009999999776482582 
7240000,0.019999999552965164 
7250000,0.032499998807907104 
7260000,0.009999999776482582 
7270000,0.02500000037252903 
7280000,0.019999999552965164 
7290000,0.03750000149011612 
7300000,0.012500000186264515 
7310000,0.027499999850988388 
7320000,0.027499999850988388 
7330000,0.02500000037252903 
7340000,0.017500000074505806 
7350000,0.012500000186264515 
7360000,0.012500000186264515 
7370000,0.027499999850988388 
7380000,0.014999999664723873 
7390000,0.014999999664723873 
7400000,0.032499998807907104 
7410000,0.017500000074505806 
7420000,0.017500000074505806 
7430000,0.029999999329447746 
7440000,0.03500000014901161 
7450000,0.02500000037252903 
7460000,0.014999999664723873 
7470000,0.017500000074505806 
7480000,0.014999999664723873 
7490000,0.032499998807907104 
7500000,0.027499999850988388 
7510000,0.032499998807907104 
7520000,0.02250000089406967 
7530000,0.014999999664723873 
7540000,0.019999999552965164 
7550000,0.032499998807907104 
7560000,0.027499999850988388 
7570000,0.02250000089406967 
7580000,0.017500000074505806 
7590000,0.019999999552965164 
7600000,0.014999999664723873 
7610000,0.02500000037252903 
7620000,0.017500000074505806 
7630000,0.007499999832361937 
7640000,0.02500000037252903 
7650000,0.02250000089406967 
7660000,0.019999999552965164 
7670000,0.02250000089406967 
7680000,0.009999999776482582 
7690000,0.03500000014901161 
7700000,0.02250000089406967 
7710000,0.02250000089406967 
7720000,0.027499999850988388 
7730000,0.02500000037252903 
7740000,0.027499999850988388 
7750000,0.02250000089406967 
7760000,0.014999999664723873 
7770000,0.019999999552965164 
7780000,0.02250000089406967 
7790000,0.02250000089406967 
7800000,0.019999999552965164 
7810000,0.017500000074505806 
7820000,0.027499999850988388 
7830000,0.032499998807907104 
7840000,0.02250000089406967 
7850000,0.02250000089406967 
7860000,0.027499999850988388 
7870000,0.007499999832361937 
7880000,0.029999999329447746 
7890000,0.019999999552965164 
7900000,0.027499999850988388 
7910000,0.029999999329447746 
7920000,0.027499999850988388 
7930000,0.02250000089406967 
7940000,0.02500000037252903 
7950000,0.014999999664723873 
7960000,0.017500000074505806 
7970000,0.02250000089406967 
7980000,0.02250000089406967 
7990000,0.02250000089406967 
8000000,0.029999999329447746 
8010000,0.014999999664723873 
8020000,0.02500000037252903 
8030000,0.014999999664723873 
8040000,0.04500000178813934 
8050000,0.02500000037252903 
8060000,0.019999999552965164 
8070000,0.014999999664723873 
8080000,0.032499998807907104 
8090000,0.027499999850988388 
8100000,0.017500000074505806 
8110000,0.019999999552965164 
8120000,0.019999999552965164 
8130000,0.02500000037252903 
8140000,0.02250000089406967 
8150000,0.014999999664723873 
8160000,0.012500000186264515 
8170000,0.019999999552965164 
8180000,0.027499999850988388 
8190000,0.02250000089406967 
8200000,0.027499999850988388 
8210000,0.014999999664723873 
8220000,0.019999999552965164 
8230000,0.032499998807907104 
8240000,0.014999999664723873 
8250000,0.012500000186264515 
8260000,0.019999999552965164 
8270000,0.019999999552965164 
8280000,0.02500000037252903 
8290000,0.029999999329447746 
8300000,0.012500000186264515 
8310000,0.029999999329447746 
8320000,0.027499999850988388 
8330000,0.027499999850988388 
8340000,0.027499999850988388 
8350000,0.029999999329447746 
8360000,0.02250000089406967 
8370000,0.012500000186264515 
8380000,0.03500000014901161 
8390000,0.02250000089406967 
8400000,0.03750000149011612 
8410000,0.017500000074505806 
8420000,0.004999999888241291 
8430000,0.019999999552965164 
8440000,0.02500000037252903 
8450000,0.02500000037252903 
8460000,0.02500000037252903 
8470000,0.012500000186264515 
8480000,0.019999999552965164 
8490000,0.017500000074505806 
8500000,0.012500000186264515 
8510000,0.014999999664723873 
8520000,0.014999999664723873 
8530000,0.027499999850988388 
8540000,0.019999999552965164 
8550000,0.02250000089406967 
8560000,0.012500000186264515 
8570000,0.027499999850988388 
8580000,0.009999999776482582 
8590000,0.012500000186264515 
8600000,0.019999999552965164 
8610000,0.019999999552965164 
8620000,0.03500000014901161 
8630000,0.019999999552965164 
8640000,0.009999999776482582 
8650000,0.019999999552965164 
8660000,0.014999999664723873 
8670000,0.02250000089406967 
8680000,0.019999999552965164 
8690000,0.027499999850988388 
8700000,0.027499999850988388 
8710000,0.029999999329447746 
8720000,0.019999999552965164 
8730000,0.009999999776482582 
8740000,0.029999999329447746 
8750000,0.009999999776482582 
8760000,0.017500000074505806 
8770000,0.014999999664723873 
8780000,0.012500000186264515 
8790000,0.027499999850988388 
8800000,0.007499999832361937 
8810000,0.027499999850988388 
8820000,0.032499998807907104 
8830000,0.029999999329447746 
8840000,0.019999999552965164 
8850000,0.027499999850988388 
8860000,0.029999999329447746 
8870000,0.009999999776482582 
8880000,0.02250000089406967 
8890000,0.014999999664723873 
8900000,0.017500000074505806 
8910000,0.032499998807907104 
8920000,0.014999999664723873 
8930000,0.03500000014901161 
8940000,0.019999999552965164 
8950000,0.02250000089406967 
8960000,0.012500000186264515 
8970000,0.017500000074505806 
8980000,0.03999999910593033 
8990000,0.02250000089406967 
9000000,0.017500000074505806 
9010000,0.017500000074505806 
9020000,0.027499999850988388 
9030000,0.029999999329447746 
9040000,0.029999999329447746 
9050000,0.02500000037252903 
9060000,0.029999999329447746 
9070000,0.032499998807907104 
9080000,0.02250000089406967 
9090000,0.02500000037252903 
9100000,0.029999999329447746 
9110000,0.017500000074505806 
9120000,0.02500000037252903 
9130000,0.012500000186264515 
9140000,0.019999999552965164 
9150000,0.017500000074505806 
9160000,0.032499998807907104 
9170000,0.027499999850988388 
9180000,0.032499998807907104 
9190000,0.017500000074505806 
9200000,0.019999999552965164 
9210000,0.029999999329447746 
9220000,0.032499998807907104 
9230000,0.02250000089406967 
9240000,0.027499999850988388 
9250000,0.027499999850988388 
9260000,0.02250000089406967 
9270000,0.019999999552965164 
9280000,0.02250000089406967 
9290000,0.032499998807907104 
9300000,0.029999999329447746 
9310000,0.017500000074505806 
9320000,0.02250000089406967 
9330000,0.014999999664723873 
9340000,0.02500000037252903 
9350000,0.03500000014901161 
9360000,0.017500000074505806 
9370000,0.012500000186264515 
9380000,0.02250000089406967 
9390000,0.009999999776482582 
9400000,0.03500000014901161 
9410000,0.019999999552965164 
9420000,0.042500000447034836 
9430000,0.032499998807907104 
9440000,0.03750000149011612 
9450000,0.03500000014901161 
9460000,0.019999999552965164 
9470000,0.03750000149011612 
9480000,0.03500000014901161 
9490000,0.029999999329447746 
9500000,0.032499998807907104 
9510000,0.029999999329447746 
9520000,0.04500000178813934 
9530000,0.032499998807907104 
9540000,0.027499999850988388 
9550000,0.02500000037252903 
9560000,0.02500000037252903 
9570000,0.03500000014901161 
9580000,0.027499999850988388 
9590000,0.027499999850988388 
9600000,0.02500000037252903 
9610000,0.03750000149011612 
9620000,0.04749999940395355 
9630000,0.032499998807907104 
9640000,0.02250000089406967 
9650000,0.02250000089406967 
9660000,0.03500000014901161 
9670000,0.03999999910593033 
9680000,0.019999999552965164 
9690000,0.03500000014901161 
9700000,0.027499999850988388 
9710000,0.017500000074505806 
9720000,0.017500000074505806 
9730000,0.02250000089406967 
9740000,0.032499998807907104 
9750000,0.014999999664723873 
9760000,0.029999999329447746 
9770000,0.02250000089406967 
9780000,0.032499998807907104 
9790000,0.012500000186264515 
9800000,0.027499999850988388 
9810000,0.017500000074505806 
9820000,0.03500000014901161 
9830000,0.02250000089406967 
9840000,0.014999999664723873 
9850000,0.007499999832361937 
9860000,0.032499998807907104 
9870000,0.027499999850988388 
9880000,0.02500000037252903 
9890000,0.02500000037252903 
9900000,0.02250000089406967 
9910000,0.03999999910593033 
9920000,0.029999999329447746 
9930000,0.027499999850988388 
9940000,0.02250000089406967 
9950000,0.02500000037252903 
9960000,0.019999999552965164 
9970000,0.032499998807907104 
9980000,0.05000000074505806 
9990000,0.019999999552965164 
10000000,0.03999999910593033 
10010000,0.04749999940395355 
10020000,0.03750000149011612 
10030000,0.03500000014901161 
10040000,0.02250000089406967 
10050000,0.017500000074505806 
10060000,0.014999999664723873 
10070000,0.04500000178813934 
10080000,0.019999999552965164 
10090000,0.02500000037252903 
10100000,0.019999999552965164 
10110000,0.03999999910593033 
10120000,0.032499998807907104 
10130000,0.029999999329447746 
10140000,0.027499999850988388 
10150000,0.017500000074505806 
10160000,0.05000000074505806 
10170000,0.017500000074505806 
10180000,0.029999999329447746 
10190000,0.03500000014901161 
10200000,0.03500000014901161 
10210000,0.04500000178813934 
10220000,0.05249999836087227 
10230000,0.032499998807907104 
10240000,0.04500000178813934 
10250000,0.03500000014901161 
10260000,0.04500000178813934 
10270000,0.02250000089406967 
10280000,0.027499999850988388 
10290000,0.014999999664723873 
10300000,0.027499999850988388 
10310000,0.05999999865889549 
10320000,0.02500000037252903 
10330000,0.03750000149011612 
10340000,0.04500000178813934 
10350000,0.04500000178813934 
10360000,0.032499998807907104 
10370000,0.027499999850988388 
10380000,0.027499999850988388 
10390000,0.04500000178813934 
10400000,0.03500000014901161 
10410000,0.04749999940395355 
10420000,0.03500000014901161 
10430000,0.029999999329447746 
10440000,0.03500000014901161 
10450000,0.03750000149011612 
10460000,0.02250000089406967 
10470000,0.04749999940395355 
10480000,0.042500000447034836 
10490000,0.03750000149011612 
10500000,0.03999999910593033 
10510000,0.02250000089406967 
10520000,0.03750000149011612 
10530000,0.04500000178813934 
10540000,0.03500000014901161 
10550000,0.027499999850988388 
10560000,0.04749999940395355 
10570000,0.057500001043081284 
10580000,0.0625 
10590000,0.04749999940395355 
10600000,0.03500000014901161 
10610000,0.03999999910593033 
10620000,0.05249999836087227 
10630000,0.03999999910593033 
10640000,0.05249999836087227 
10650000,0.08500000089406967 
10660000,0.05249999836087227 
10670000,0.05999999865889549 
10680000,0.07000000029802322 
10690000,0.0625 
10700000,0.06750000268220901 
10710000,0.0625 
10720000,0.07500000298023224 
10730000,0.07249999791383743 
10740000,0.0625 
10750000,0.07999999821186066 
10760000,0.042500000447034836 
10770000,0.0625 
10780000,0.08500000089406967 
10790000,0.07000000029802322 
10800000,0.07000000029802322 
10810000,0.07999999821186066 
10820000,0.08500000089406967 
10830000,0.07249999791383743 
10840000,0.0925000011920929 
10850000,0.07999999821186066 
10860000,0.07500000298023224 
10870000,0.08749999850988388 
10880000,0.0925000011920929 
10890000,0.08749999850988388 
10900000,0.07750000059604645 
10910000,0.07999999821186066 
10920000,0.07249999791383743 
10930000,0.07999999821186066 
10940000,0.0925000011920929 
10950000,0.08250000327825546 
10960000,0.08500000089406967 
10970000,0.09000000357627869 
10980000,0.11999999731779099 
10990000,0.125 
11000000,0.09749999642372131 
11010000,0.10000000149011612 
11020000,0.12250000238418579 
11030000,0.12250000238418579 
11040000,0.10000000149011612 
11050000,0.11749999970197678 
11060000,0.11749999970197678 
11070000,0.10750000178813934 
11080000,0.13500000536441803 
11090000,0.13500000536441803 
11100000,0.14000000059604645 
11110000,0.11500000208616257 
11120000,0.14000000059604645 
11130000,0.1599999964237213 
11140000,0.14499999582767487 
11150000,0.14249999821186066 
11160000,0.1550000011920929 
11170000,0.14749999344348907 
11180000,0.14000000059604645 
11190000,0.14749999344348907 
11200000,0.14499999582767487 
11210000,0.1574999988079071 
11220000,0.13750000298023224 
11230000,0.14249999821186066 
11240000,0.14749999344348907 
11250000,0.15000000596046448 
11260000,0.18250000476837158 
11270000,0.16249999403953552 
11280000,0.1574999988079071 
11290000,0.18250000476837158 
11300000,0.17000000178813934 
11310000,0.16750000417232513 
11320000,0.17249999940395355 
11330000,0.1875 
11340000,0.1899999976158142 
11350000,0.20000000298023224 
11360000,0.18000000715255737 
11370000,0.1899999976158142 
11380000,0.20000000298023224 
11390000,0.20000000298023224 
11400000,0.20499999821186066 
11410000,0.21250000596046448 
11420000,0.2150000035762787 
11430000,0.20250000059604645 
11440000,0.20499999821186066 
11450000,0.2175000011920929 
11460000,0.21250000596046448 
11470000,0.20499999821186066 
11480000,0.20250000059604645 
11490000,0.22750000655651093 
11500000,0.19750000536441803 
11510000,0.20250000059604645 
11520000,0.2150000035762787 
11530000,0.2175000011920929 
11540000,0.1875 
11550000,0.20250000059604645 
11560000,0.1899999976158142 
11570000,0.20000000298023224 
11580000,0.21250000596046448 
11590000,0.2224999964237213 
11600000,0.19750000536441803 
11610000,0.20499999821186066 
11620000,0.20749999582767487 
11630000,0.19499999284744263 
11640000,0.20749999582767487 
11650000,0.20749999582767487 
11660000,0.2199999988079071 
11670000,0.19249999523162842 
11680000,0.20999999344348907 
11690000,0.20749999582767487 
11700000,0.20749999582767487 
11710000,0.20749999582767487 
11720000,0.2224999964237213 
11730000,0.20499999821186066 
11740000,0.1850000023841858 
11750000,0.20499999821186066 
11760000,0.20999999344348907 
11770000,0.1850000023841858 
11780000,0.19249999523162842 
11790000,0.20499999821186066 
11800000,0.2175000011920929 
11810000,0.2175000011920929 
11820000,0.20999999344348907 
11830000,0.2150000035762787 
11840000,0.20499999821186066 
11850000,0.20999999344348907 
11860000,0.2150000035762787 
11870000,0.20749999582767487 
11880000,0.20499999821186066 
11890000,0.20250000059604645 
11900000,0.20999999344348907 
11910000,0.20250000059604645 
11920000,0.2175000011920929 
11930000,0.20000000298023224 
11940000,0.20000000298023224 
11950000,0.19750000536441803 
11960000,0.19750000536441803 
11970000,0.1875 
11980000,0.19750000536441803 
11990000,0.21250000596046448 
12000000,0.20250000059604645 
12010000,0.19750000536441803 
12020000,0.1899999976158142 
12030000,0.1875 
12040000,0.18250000476837158 
12050000,0.19499999284744263 
12060000,0.19499999284744263 
12070000,0.1899999976158142 
12080000,0.20999999344348907 
12090000,0.20000000298023224 
12100000,0.20749999582767487 
12110000,0.20000000298023224 
12120000,0.20499999821186066 
12130000,0.19750000536441803 
12140000,0.20499999821186066 
12150000,0.19499999284744263 
12160000,0.20999999344348907 
12170000,0.19750000536441803 
12180000,0.19499999284744263 
12190000,0.20999999344348907 
12200000,0.20499999821186066 
12210000,0.20000000298023224 
12220000,0.1850000023841858 
12230000,0.20749999582767487 
12240000,0.2175000011920929 
12250000,0.20499999821186066 
12260000,0.20749999582767487 
12270000,0.2175000011920929 
12280000,0.20499999821186066 
12290000,0.20499999821186066 
12300000,0.20999999344348907 
12310000,0.18000000715255737 
12320000,0.2150000035762787 
12330000,0.20000000298023224 
12340000,0.19750000536441803 
12350000,0.20250000059604645 
12360000,0.19249999523162842 
12370000,0.19249999523162842 
12380000,0.17499999701976776 
12390000,0.20250000059604645 
12400000,0.19499999284744263 
12410000,0.20999999344348907 
12420000,0.1850000023841858 
12430000,0.19499999284744263 
12440000,0.19499999284744263 
12450000,0.17249999940395355 
12460000,0.20250000059604645 
12470000,0.20749999582767487 
12480000,0.20000000298023224 
12490000,0.20000000298023224 
12500000,0.20749999582767487 
12510000,0.20000000298023224 
12520000,0.20250000059604645 
12530000,0.19499999284744263 
12540000,0.20250000059604645 
12550000,0.18000000715255737 
12560000,0.19249999523162842 
12570000,0.19750000536441803 
12580000,0.22499999403953552 
12590000,0.20250000059604645 
12600000,0.20000000298023224 
12610000,0.19249999523162842 
12620000,0.20749999582767487 
12630000,0.1850000023841858 
12640000,0.20000000298023224 
12650000,0.20000000298023224 
12660000,0.20999999344348907 
12670000,0.19249999523162842 
12680000,0.2150000035762787 
12690000,0.19249999523162842 
12700000,0.19750000536441803 
12710000,0.20250000059604645 
12720000,0.19750000536441803 
12730000,0.20749999582767487 
12740000,0.20000000298023224 
12750000,0.20000000298023224 
12760000,0.20250000059604645 
12770000,0.19249999523162842 
12780000,0.1899999976158142 
12790000,0.21250000596046448 
12800000,0.18250000476837158 
12810000,0.21250000596046448 
12820000,0.20250000059604645 
12830000,0.19499999284744263 
12840000,0.17499999701976776 
12850000,0.2175000011920929 
12860000,0.21250000596046448 
12870000,0.20749999582767487 
12880000,0.20999999344348907 
12890000,0.20250000059604645 
12900000,0.20250000059604645 
12910000,0.19499999284744263 
12920000,0.19750000536441803 
12930000,0.20749999582767487 
12940000,0.20749999582767487 
12950000,0.1875 
12960000,0.19499999284744263 
12970000,0.20499999821186066 
12980000,0.1899999976158142 
12990000,0.18250000476837158 
13000000,0.17749999463558197 
13010000,0.19750000536441803 
13020000,0.20749999582767487 
13030000,0.1850000023841858 
13040000,0.1899999976158142 
13050000,0.20000000298023224 
13060000,0.1875 
13070000,0.19249999523162842 
13080000,0.19249999523162842 
13090000,0.18250000476837158 
13100000,0.19249999523162842 
13110000,0.1850000023841858 
13120000,0.18000000715255737 
13130000,0.19750000536441803 
13140000,0.18000000715255737 
13150000,0.20000000298023224 
13160000,0.1850000023841858 
13170000,0.20250000059604645 
13180000,0.20499999821186066 
13190000,0.20999999344348907 
13200000,0.20250000059604645 
13210000,0.19249999523162842 
13220000,0.19750000536441803 
13230000,0.19750000536441803 
13240000,0.20499999821186066 
13250000,0.20499999821186066 
13260000,0.20000000298023224 
13270000,0.19249999523162842 
13280000,0.1899999976158142 
13290000,0.20999999344348907 
13300000,0.20499999821186066 
13310000,0.20000000298023224 
13320000,0.1875 
13330000,0.1850000023841858 
13340000,0.19750000536441803 
13350000,0.18000000715255737 
13360000,0.20999999344348907 
13370000,0.1875 
13380000,0.20499999821186066 
13390000,0.1899999976158142 
13400000,0.20749999582767487 
13410000,0.20250000059604645 
13420000,0.20000000298023224 
13430000,0.19750000536441803 
13440000,0.20749999582767487 
13450000,0.1850000023841858 
13460000,0.17249999940395355 
13470000,0.1850000023841858 
13480000,0.1875 
13490000,0.1875 
13500000,0.20499999821186066 
13510000,0.17749999463558197 
13520000,0.1850000023841858 
13530000,0.1850000023841858 
13540000,0.19499999284744263 
13550000,0.19499999284744263 
13560000,0.1875 
13570000,0.19499999284744263 
13580000,0.19249999523162842 
13590000,0.17749999463558197 
13600000,0.1899999976158142 
13610000,0.20749999582767487 
13620000,0.2150000035762787 
13630000,0.18000000715255737 
13640000,0.19249999523162842 
13650000,0.20499999821186066 
13660000,0.19499999284744263 
13670000,0.1899999976158142 
13680000,0.1850000023841858 
13690000,0.18000000715255737 
13700000,0.20749999582767487 
13710000,0.1875 
13720000,0.1850000023841858 
13730000,0.1850000023841858 
13740000,0.19750000536441803 
13750000,0.16750000417232513 
13760000,0.1899999976158142 
13770000,0.19750000536441803 
13780000,0.20250000059604645 
13790000,0.19249999523162842 
13800000,0.19499999284744263 
13810000,0.18000000715255737 
13820000,0.20250000059604645 
13830000,0.1899999976158142 
13840000,0.20250000059604645 
13850000,0.17749999463558197 
13860000,0.17249999940395355 
13870000,0.20250000059604645 
13880000,0.17499999701976776 
13890000,0.20000000298023224 
13900000,0.1899999976158142 
13910000,0.18250000476837158 
13920000,0.17000000178813934 
13930000,0.20999999344348907 
13940000,0.2150000035762787 
13950000,0.2175000011920929 
13960000,0.19249999523162842 
13970000,0.1899999976158142 
13980000,0.1899999976158142 
13990000,0.19499999284744263 
14000000,0.16750000417232513 
14010000,0.19249999523162842 
14020000,0.20499999821186066 
14030000,0.18250000476837158 
14040000,0.1899999976158142 
14050000,0.22499999403953552 
14060000,0.20250000059604645 
14070000,0.1850000023841858 
14080000,0.20000000298023224 
14090000,0.20250000059604645 
14100000,0.2175000011920929 
14110000,0.20749999582767487 
14120000,0.19249999523162842 
14130000,0.20749999582767487 
14140000,0.20250000059604645 
14150000,0.2150000035762787 
14160000,0.19499999284744263 
14170000,0.20000000298023224 
14180000,0.20000000298023224 
14190000,0.1850000023841858 
14200000,0.20000000298023224 
14210000,0.19499999284744263 
14220000,0.20499999821186066 
14230000,0.1875 
14240000,0.18250000476837158 
14250000,0.20000000298023224 
14260000,0.20000000298023224 
14270000,0.20499999821186066 
14280000,0.1875 
14290000,0.1850000023841858 
14300000,0.19499999284744263 
14310000,0.19249999523162842 
14320000,0.19750000536441803 
14330000,0.1899999976158142 
14340000,0.20499999821186066 
14350000,0.18000000715255737 
14360000,0.20999999344348907 
14370000,0.19499999284744263 
14380000,0.20749999582767487 
14390000,0.20749999582767487 
14400000,0.19750000536441803 
14410000,0.1850000023841858 
14420000,0.1850000023841858 
14430000,0.1850000023841858 
14440000,0.18250000476837158 
14450000,0.1899999976158142 
14460000,0.20000000298023224 
14470000,0.20499999821186066 
14480000,0.19499999284744263 
14490000,0.19249999523162842 
14500000,0.1899999976158142 
14510000,0.20000000298023224 
14520000,0.19499999284744263 
14530000,0.2199999988079071 
14540000,0.19499999284744263 
14550000,0.20250000059604645 
14560000,0.17249999940395355 
14570000,0.19249999523162842 
14580000,0.20999999344348907 
14590000,0.20999999344348907 
14600000,0.19499999284744263 
14610000,0.17749999463558197 
14620000,0.19750000536441803 
14630000,0.18250000476837158 
14640000,0.1850000023841858 
14650000,0.20749999582767487 
14660000,0.20749999582767487 
14670000,0.19499999284744263 
14680000,0.20499999821186066 
14690000,0.20250000059604645 
14700000,0.19750000536441803 
14710000,0.20999999344348907 
14720000,0.19750000536441803 
14730000,0.18250000476837158 
14740000,0.18000000715255737 
14750000,0.1850000023841858 
14760000,0.20499999821186066 
14770000,0.20250000059604645 
14780000,0.19750000536441803 
14790000,0.18250000476837158 
14800000,0.1899999976158142 
14810000,0.1899999976158142 
14820000,0.19499999284744263 
14830000,0.19249999523162842 
14840000,0.1875 
14850000,0.19750000536441803 
14860000,0.19499999284744263 
14870000,0.1875 
14880000,0.20999999344348907 
14890000,0.1850000023841858 
14900000,0.20999999344348907 
14910000,0.1875 
14920000,0.1875 
14930000,0.18000000715255737 
14940000,0.20000000298023224 
14950000,0.1899999976158142 
14960000,0.19249999523162842 
14970000,0.20749999582767487 
14980000,0.19750000536441803 
14990000,0.16500000655651093 
15000000,0.1875 
15010000,0.16249999403953552 
15020000,0.21250000596046448 
15030000,0.21250000596046448 
15040000,0.1850000023841858 
15050000,0.19750000536441803 
15060000,0.1875 
15070000,0.1850000023841858 
15080000,0.19750000536441803 
15090000,0.19499999284744263 
15100000,0.20000000298023224 
15110000,0.17249999940395355 
15120000,0.19249999523162842 
15130000,0.20000000298023224 
15140000,0.19249999523162842 
15150000,0.19249999523162842 
15160000,0.19249999523162842 
15170000,0.1850000023841858 
15180000,0.20000000298023224 
15190000,0.19249999523162842 
15200000,0.19499999284744263 
15210000,0.20250000059604645 
15220000,0.20000000298023224 
15230000,0.19750000536441803 
15240000,0.21250000596046448 
15250000,0.1875 
15260000,0.18250000476837158 
15270000,0.20000000298023224 
15280000,0.19750000536441803 
15290000,0.18250000476837158 
15300000,0.20499999821186066 
15310000,0.20250000059604645 
15320000,0.20250000059604645 
15330000,0.20000000298023224 
15340000,0.18250000476837158 
15350000,0.19249999523162842 
15360000,0.21250000596046448 
15370000,0.19499999284744263 
15380000,0.20999999344348907 
15390000,0.1899999976158142 
15400000,0.20499999821186066 
15410000,0.22750000655651093 
15420000,0.19750000536441803 
15430000,0.19499999284744263 
15440000,0.17749999463558197 
15450000,0.19750000536441803 
15460000,0.18250000476837158 
15470000,0.21250000596046448 
15480000,0.20499999821186066 
15490000,0.20250000059604645 
15500000,0.20000000298023224 
15510000,0.1899999976158142 
15520000,0.19499999284744263 
15530000,0.19750000536441803 
15540000,0.20250000059604645 
15550000,0.22499999403953552 
15560000,0.20749999582767487 
15570000,0.20250000059604645 
15580000,0.1899999976158142 
15590000,0.20749999582767487 
15600000,0.1875 
15610000,0.1875 
15620000,0.1899999976158142 
15630000,0.19249999523162842 
15640000,0.19499999284744263 
15650000,0.19249999523162842 
15660000,0.1899999976158142 
15670000,0.20999999344348907 
15680000,0.2150000035762787 
15690000,0.21250000596046448 
15700000,0.1899999976158142 
15710000,0.1875 
15720000,0.1899999976158142 
15730000,0.1875 
15740000,0.19499999284744263 
15750000,0.1850000023841858 
15760000,0.1850000023841858 
15770000,0.20000000298023224 
15780000,0.20749999582767487 
15790000,0.16249999403953552 
15800000,0.16500000655651093 
15810000,0.20000000298023224 
15820000,0.21250000596046448 
15830000,0.20000000298023224 
15840000,0.2199999988079071 
15850000,0.20749999582767487 
15860000,0.20499999821186066 
15870000,0.20000000298023224 
15880000,0.19499999284744263 
15890000,0.19750000536441803 
15900000,0.19750000536441803 
15910000,0.20499999821186066 
15920000,0.18250000476837158 
15930000,0.19499999284744263 
15940000,0.1875 
15950000,0.20250000059604645 
15960000,0.1875 
15970000,0.1875 
15980000,0.19750000536441803 
15990000,0.1899999976158142 
16000000,0.20000000298023224 
16010000,0.20250000059604645 
16020000,0.1899999976158142 
16030000,0.19499999284744263 
16040000,0.19499999284744263 
16050000,0.19249999523162842 
16060000,0.19499999284744263 
16070000,0.19249999523162842 
16080000,0.1899999976158142 
16090000,0.19750000536441803 
16100000,0.1875 
16110000,0.1850000023841858 
16120000,0.19499999284744263 
16130000,0.17749999463558197 
16140000,0.18250000476837158 
16150000,0.19750000536441803 
16160000,0.18250000476837158 
16170000,0.19750000536441803 
16180000,0.1899999976158142 
16190000,0.19499999284744263 
16200000,0.18250000476837158 
16210000,0.1875 
16220000,0.20999999344348907 
16230000,0.22750000655651093 
16240000,0.20999999344348907 
16250000,0.1875 
16260000,0.19750000536441803 
16270000,0.19750000536441803 
16280000,0.1899999976158142 
16290000,0.1850000023841858 
16300000,0.18000000715255737 
16310000,0.18000000715255737 
16320000,0.20000000298023224 
16330000,0.19499999284744263 
16340000,0.18250000476837158 
16350000,0.17749999463558197 
16360000,0.19499999284744263 
16370000,0.22499999403953552 
16380000,0.18250000476837158 
16390000,0.1550000011920929 
16400000,0.19750000536441803 
16410000,0.20499999821186066 
16420000,0.20499999821186066 
16430000,0.18250000476837158 
16440000,0.20250000059604645 
16450000,0.19249999523162842 
16460000,0.20000000298023224 
16470000,0.1899999976158142 
16480000,0.1899999976158142 
16490000,0.1875 
16500000,0.18000000715255737 
16510000,0.19750000536441803 
16520000,0.20499999821186066 
16530000,0.20000000298023224 
16540000,0.19750000536441803 
16550000,0.17499999701976776 
16560000,0.1875 
16570000,0.1875 
16580000,0.19499999284744263 
16590000,0.19750000536441803 
16600000,0.20250000059604645 
16610000,0.18000000715255737 
16620000,0.17249999940395355 
16630000,0.19499999284744263 
16640000,0.1899999976158142 
16650000,0.1850000023841858 
16660000,0.17499999701976776 
16670000,0.1850000023841858 
16680000,0.18250000476837158 
16690000,0.1875 
16700000,0.1850000023841858 
16710000,0.1899999976158142 
16720000,0.1875 
16730000,0.1875 
16740000,0.1875 
16750000,0.17000000178813934 
16760000,0.16500000655651093 
16770000,0.1899999976158142 
16780000,0.18000000715255737 
16790000,0.1850000023841858 
16800000,0.1899999976158142 
16810000,0.20999999344348907 
16820000,0.20250000059604645 
16830000,0.20749999582767487 
16840000,0.16500000655651093 
16850000,0.1875 
16860000,0.2150000035762787 
16870000,0.1899999976158142 
16880000,0.19249999523162842 
16890000,0.19499999284744263 
16900000,0.20499999821186066 
16910000,0.17749999463558197 
16920000,0.1850000023841858 
16930000,0.1875 
16940000,0.19249999523162842 
16950000,0.17749999463558197 
16960000,0.21250000596046448 
16970000,0.1875 
16980000,0.1875 
16990000,0.1875 
17000000,0.19499999284744263 
17010000,0.19249999523162842 
17020000,0.19499999284744263 
17030000,0.19499999284744263 
17040000,0.19499999284744263 
17050000,0.18000000715255737 
17060000,0.1899999976158142 
17070000,0.1899999976158142 
17080000,0.1899999976158142 
17090000,0.18000000715255737 
17100000,0.17749999463558197 
17110000,0.1850000023841858 
17120000,0.17749999463558197 
17130000,0.20499999821186066 
17140000,0.19750000536441803 
17150000,0.1875 
17160000,0.1899999976158142 
17170000,0.20499999821186066 
17180000,0.20000000298023224 
17190000,0.18000000715255737 
17200000,0.19249999523162842 
17210000,0.17749999463558197 
17220000,0.17499999701976776 
17230000,0.16750000417232513 
17240000,0.17000000178813934 
17250000,0.1875 
17260000,0.1875 
17270000,0.1899999976158142 
17280000,0.19750000536441803 
17290000,0.20749999582767487 
17300000,0.19249999523162842 
17310000,0.18250000476837158 
17320000,0.19750000536441803 
17330000,0.18250000476837158 
17340000,0.19499999284744263 
17350000,0.19249999523162842 
17360000,0.20499999821186066 
17370000,0.20000000298023224 
17380000,0.20499999821186066 
17390000,0.19750000536441803 
17400000,0.1875 
17410000,0.1875 
17420000,0.2199999988079071 
17430000,0.1899999976158142 
17440000,0.20250000059604645 
17450000,0.21250000596046448 
17460000,0.20000000298023224 
17470000,0.23000000417232513 
17480000,0.18250000476837158 
17490000,0.20499999821186066 
17500000,0.1850000023841858 
17510000,0.19499999284744263 
17520000,0.1850000023841858 
17530000,0.19249999523162842 
17540000,0.19750000536441803 
17550000,0.22499999403953552 
17560000,0.18000000715255737 
17570000,0.19499999284744263 
17580000,0.20499999821186066 
17590000,0.1850000023841858 
17600000,0.1875 
17610000,0.19499999284744263 
17620000,0.20250000059604645 
17630000,0.18000000715255737 
17640000,0.19499999284744263 
17650000,0.19499999284744263 
17660000,0.18250000476837158 
17670000,0.20499999821186066 
17680000,0.18250000476837158 
17690000,0.20000000298023224 
17700000,0.19249999523162842 
17710000,0.17749999463558197 
17720000,0.17000000178813934 
17730000,0.19249999523162842 
17740000,0.19750000536441803 
17750000,0.1875 
17760000,0.17499999701976776 
17770000,0.20999999344348907 
17780000,0.17000000178813934 
17790000,0.19499999284744263 
17800000,0.17749999463558197 
17810000,0.21250000596046448 
17820000,0.17249999940395355 
17830000,0.18250000476837158 
17840000,0.1875 
17850000,0.21250000596046448 
17860000,0.1850000023841858 
17870000,0.17749999463558197 
17880000,0.18000000715255737 
17890000,0.1899999976158142 
17900000,0.18250000476837158 
17910000,0.17749999463558197 
17920000,0.19750000536441803 
17930000,0.17000000178813934 
17940000,0.1850000023841858 
17950000,0.19499999284744263 
17960000,0.19249999523162842 
17970000,0.20000000298023224 
17980000,0.18250000476837158 
17990000,0.20250000059604645 
18000000,0.20000000298023224 
18010000,0.20000000298023224 
18020000,0.20250000059604645 
18030000,0.1574999988079071 
18040000,0.19750000536441803 
18050000,0.1850000023841858 
18060000,0.19750000536441803 
18070000,0.1899999976158142 
18080000,0.20000000298023224 
18090000,0.16249999403953552 
18100000,0.19750000536441803 
18110000,0.19750000536441803 
18120000,0.18250000476837158 
18130000,0.1875 
18140000,0.1850000023841858 
18150000,0.20250000059604645 
18160000,0.20000000298023224 
18170000,0.16750000417232513 
18180000,0.18000000715255737 
18190000,0.20000000298023224 
18200000,0.1899999976158142 
18210000,0.20000000298023224 
18220000,0.19249999523162842 
18230000,0.18250000476837158 
18240000,0.1875 
18250000,0.19499999284744263 
18260000,0.16500000655651093 
18270000,0.1899999976158142 
18280000,0.19249999523162842 
18290000,0.19750000536441803 
18300000,0.19750000536441803 
18310000,0.20000000298023224 
18320000,0.1875 
18330000,0.17749999463558197 
18340000,0.18000000715255737 
18350000,0.16750000417232513 
18360000,0.1875 
18370000,0.18250000476837158 
18380000,0.18000000715255737 
18390000,0.1899999976158142 
18400000,0.1850000023841858 
18410000,0.1875 
18420000,0.2199999988079071 
18430000,0.19499999284744263 
18440000,0.2175000011920929 
18450000,0.20250000059604645 
18460000,0.1899999976158142 
18470000,0.18000000715255737 
18480000,0.20749999582767487 
18490000,0.19499999284744263 
18500000,0.20000000298023224 
18510000,0.19750000536441803 
18520000,0.2150000035762787 
18530000,0.1875 
18540000,0.1899999976158142 
18550000,0.21250000596046448 
18560000,0.2150000035762787 
18570000,0.20000000298023224 
18580000,0.19750000536441803 
18590000,0.1850000023841858 
18600000,0.1899999976158142 
18610000,0.20000000298023224 
18620000,0.20749999582767487 
18630000,0.19499999284744263 
18640000,0.20250000059604645 
18650000,0.18250000476837158 
18660000,0.20999999344348907 
18670000,0.19249999523162842 
18680000,0.2175000011920929 
18690000,0.1850000023841858 
18700000,0.20000000298023224 
18710000,0.19750000536441803 
18720000,0.19750000536441803 
18730000,0.1899999976158142 
18740000,0.20999999344348907 
18750000,0.19249999523162842 
18760000,0.20999999344348907 
18770000,0.19499999284744263 
18780000,0.20000000298023224 
18790000,0.20000000298023224 
18800000,0.20999999344348907 
18810000,0.20499999821186066 
18820000,0.19750000536441803 
18830000,0.19750000536441803 
18840000,0.19499999284744263 
18850000,0.18000000715255737 
18860000,0.20749999582767487 
18870000,0.19249999523162842 
18880000,0.20499999821186066 
18890000,0.19499999284744263 
18900000,0.19249999523162842 
18910000,0.20999999344348907 
18920000,0.20499999821186066 
18930000,0.20000000298023224 
18940000,0.1850000023841858 
18950000,0.20250000059604645 
18960000,0.1875 
18970000,0.19249999523162842 
18980000,0.18250000476837158 
18990000,0.20250000059604645 
19000000,0.17249999940395355 
19010000,0.20250000059604645 
19020000,0.17749999463558197 
19030000,0.20499999821186066 
19040000,0.18250000476837158 
19050000,0.19499999284744263 
19060000,0.20000000298023224 
19070000,0.19249999523162842 
19080000,0.20499999821186066 
19090000,0.1850000023841858 
19100000,0.1850000023841858 
19110000,0.20000000298023224 
19120000,0.1899999976158142 
19130000,0.17749999463558197 
19140000,0.20250000059604645 
19150000,0.19499999284744263 
19160000,0.1899999976158142 
19170000,0.1899999976158142 
19180000,0.22750000655651093 
19190000,0.19499999284744263 
19200000,0.20000000298023224 
19210000,0.1875 
19220000,0.1899999976158142 
19230000,0.20000000298023224 
19240000,0.17249999940395355 
19250000,0.20250000059604645 
19260000,0.20499999821186066 
19270000,0.19249999523162842 
19280000,0.19750000536441803 
19290000,0.1550000011920929 
19300000,0.19499999284744263 
19310000,0.2199999988079071 
19320000,0.17499999701976776 
19330000,0.21250000596046448 
19340000,0.17749999463558197 
19350000,0.20749999582767487 
19360000,0.20250000059604645 
19370000,0.19499999284744263 
19380000,0.18000000715255737 
19390000,0.19249999523162842 
19400000,0.1899999976158142 
19410000,0.1875 
19420000,0.20499999821186066 
19430000,0.19499999284744263 
19440000,0.19249999523162842 
19450000,0.20499999821186066 
19460000,0.19249999523162842 
19470000,0.17249999940395355 
19480000,0.17499999701976776 
19490000,0.1899999976158142 
19500000,0.19750000536441803 
19510000,0.18250000476837158 
19520000,0.20000000298023224 
19530000,0.18250000476837158 
19540000,0.19249999523162842 
19550000,0.1899999976158142 
19560000,0.19750000536441803 
19570000,0.1875 
19580000,0.1899999976158142 
19590000,0.20250000059604645 
19600000,0.20000000298023224 
19610000,0.18000000715255737 
19620000,0.19750000536441803 
19630000,0.20999999344348907 
19640000,0.19499999284744263 
19650000,0.17000000178813934 
19660000,0.1899999976158142 
19670000,0.19249999523162842 
19680000,0.19499999284744263 
19690000,0.20000000298023224 
19700000,0.20999999344348907 
19710000,0.1875 
19720000,0.19249999523162842 
19730000,0.1850000023841858 
19740000,0.19750000536441803 
19750000,0.20499999821186066 
19760000,0.20499999821186066 
19770000,0.19499999284744263 
19780000,0.19750000536441803 
19790000,0.20999999344348907 
19800000,0.20999999344348907 
19810000,0.20000000298023224 
19820000,0.19249999523162842 
19830000,0.1875 
19840000,0.19249999523162842 
19850000,0.20999999344348907 
19860000,0.20749999582767487 
19870000,0.20749999582767487 
19880000,0.19499999284744263 
19890000,0.21250000596046448 
19900000,0.20999999344348907 
19910000,0.20000000298023224 
19920000,0.21250000596046448 
19930000,0.1850000023841858 
19940000,0.20999999344348907 
19950000,0.20000000298023224 
19960000,0.1899999976158142 
19970000,0.20749999582767487 
19980000,0.20999999344348907 
19990000,0.20000000298023224 
20000000,0.1899999976158142 
20010000,0.22750000655651093 
20020000,0.18000000715255737 
20030000,0.20499999821186066 
20040000,0.20999999344348907 
20050000,0.19750000536441803 
20060000,0.19750000536441803 
20070000,0.20749999582767487 
20080000,0.18250000476837158 
20090000,0.20250000059604645 
20100000,0.1850000023841858 
20110000,0.17499999701976776 
20120000,0.19249999523162842 
20130000,0.18250000476837158 
20140000,0.20999999344348907 
20150000,0.18250000476837158 
20160000,0.1850000023841858 
20170000,0.1850000023841858 
20180000,0.20250000059604645 
20190000,0.1850000023841858 
20200000,0.1875 
20210000,0.19249999523162842 
20220000,0.1875 
20230000,0.18250000476837158 
20240000,0.1850000023841858 
20250000,0.2150000035762787 
20260000,0.20999999344348907 
20270000,0.1899999976158142 
20280000,0.20250000059604645 
20290000,0.2175000011920929 
20300000,0.19249999523162842 
20310000,0.20999999344348907 
20320000,0.18250000476837158 
20330000,0.18250000476837158 
20340000,0.18000000715255737 
20350000,0.20499999821186066 
20360000,0.19249999523162842 
20370000,0.19750000536441803 
20380000,0.19499999284744263 
20390000,0.19249999523162842 
20400000,0.19249999523162842 
20410000,0.19750000536441803 
20420000,0.17000000178813934 
20430000,0.19499999284744263 
20440000,0.20999999344348907 
20450000,0.17000000178813934 
20460000,0.1850000023841858 
20470000,0.1875 
20480000,0.1850000023841858 
20490000,0.19499999284744263 
20500000,0.20000000298023224 
20510000,0.20499999821186066 
20520000,0.19499999284744263 
20530000,0.19249999523162842 
20540000,0.1525000035762787 
20550000,0.19499999284744263 
20560000,0.19499999284744263 
20570000,0.21250000596046448 
20580000,0.19499999284744263 
20590000,0.1875 
20600000,0.20000000298023224 
20610000,0.20250000059604645 
20620000,0.18250000476837158 
20630000,0.20250000059604645 
20640000,0.19750000536441803 
20650000,0.19249999523162842 
20660000,0.20749999582767487 
20670000,0.20749999582767487 
20680000,0.20749999582767487 
20690000,0.19249999523162842 
20700000,0.19499999284744263 
20710000,0.19750000536441803 
20720000,0.20999999344348907 
20730000,0.19499999284744263 
20740000,0.20499999821186066 
20750000,0.1850000023841858 
20760000,0.19750000536441803 
20770000,0.19750000536441803 
20780000,0.20499999821186066 
20790000,0.20499999821186066 
20800000,0.19249999523162842 
20810000,0.20749999582767487 
20820000,0.19249999523162842 
20830000,0.20000000298023224 
20840000,0.1850000023841858 
20850000,0.20999999344348907 
20860000,0.1875 
20870000,0.19249999523162842 
20880000,0.1899999976158142 
20890000,0.18000000715255737 
20900000,0.19750000536441803 
20910000,0.20250000059604645 
20920000,0.1875 
20930000,0.1899999976158142 
20940000,0.20250000059604645 
20950000,0.20499999821186066 
20960000,0.1899999976158142 
20970000,0.1850000023841858 
20980000,0.19750000536441803 
20990000,0.19249999523162842 
21000000,0.1899999976158142 
21010000,0.20250000059604645 
21020000,0.1850000023841858 
21030000,0.20499999821186066 
21040000,0.18250000476837158 
21050000,0.19499999284744263 
21060000,0.19499999284744263 
21070000,0.20000000298023224 
21080000,0.1875 
21090000,0.20749999582767487 
21100000,0.19499999284744263 
21110000,0.20250000059604645 
21120000,0.18000000715255737 
21130000,0.19499999284744263 
21140000,0.20499999821186066 
21150000,0.20999999344348907 
21160000,0.20749999582767487 
21170000,0.20999999344348907 
21180000,0.19249999523162842 
21190000,0.18250000476837158 
21200000,0.2224999964237213 
21210000,0.19499999284744263 
21220000,0.19499999284744263 
21230000,0.20000000298023224 
21240000,0.20250000059604645 
21250000,0.20000000298023224 
21260000,0.1850000023841858 
21270000,0.20749999582767487 
21280000,0.20749999582767487 
21290000,0.20499999821186066 
21300000,0.19249999523162842 
21310000,0.19750000536441803 
21320000,0.19499999284744263 
21330000,0.20999999344348907 
21340000,0.20499999821186066 
21350000,0.20250000059604645 
21360000,0.20749999582767487 
21370000,0.2224999964237213 
21380000,0.1875 
21390000,0.1899999976158142 
21400000,0.17249999940395355 
21410000,0.20499999821186066 
21420000,0.20250000059604645 
21430000,0.19249999523162842 
21440000,0.1899999976158142 
21450000,0.19499999284744263 
21460000,0.20499999821186066 
21470000,0.1875 
21480000,0.2199999988079071 
21490000,0.19499999284744263 
21500000,0.1850000023841858 
21510000,0.18000000715255737 
21520000,0.20000000298023224 
21530000,0.1875 
21540000,0.20499999821186066 
21550000,0.19499999284744263 
21560000,0.20000000298023224 
21570000,0.20499999821186066 
21580000,0.20499999821186066 
21590000,0.17749999463558197 
21600000,0.20250000059604645 
21610000,0.16500000655651093 
21620000,0.1899999976158142 
21630000,0.1850000023841858 
21640000,0.18000000715255737 
21650000,0.1899999976158142 
21660000,0.16750000417232513 
21670000,0.18250000476837158 
21680000,0.17000000178813934 
21690000,0.1899999976158142 
21700000,0.20250000059604645 
21710000,0.19249999523162842 
21720000,0.1850000023841858 
21730000,0.20250000059604645 
21740000,0.20000000298023224 
21750000,0.20499999821186066 
21760000,0.20000000298023224 
21770000,0.1899999976158142 
21780000,0.20000000298023224 
21790000,0.17749999463558197 
21800000,0.20000000298023224 
21810000,0.1875 
21820000,0.18000000715255737 
21830000,0.19499999284744263 
21840000,0.18250000476837158 
21850000,0.1899999976158142 
21860000,0.16750000417232513 
21870000,0.20749999582767487 
21880000,0.17249999940395355 
21890000,0.19750000536441803 
21900000,0.20999999344348907 
21910000,0.1899999976158142 
21920000,0.19499999284744263 
21930000,0.18000000715255737 
21940000,0.19499999284744263 
21950000,0.20250000059604645 
21960000,0.20000000298023224 
21970000,0.20000000298023224 
21980000,0.20499999821186066 
21990000,0.20749999582767487 
22000000,0.1850000023841858 
22010000,0.1899999976158142 
22020000,0.19249999523162842 
22030000,0.18000000715255737 
22040000,0.20749999582767487 
22050000,0.17499999701976776 
22060000,0.20749999582767487 
22070000,0.1899999976158142 
22080000,0.19750000536441803 
22090000,0.1875 
22100000,0.20749999582767487 
22110000,0.1875 
22120000,0.1899999976158142 
22130000,0.20749999582767487 
22140000,0.18250000476837158 
22150000,0.21250000596046448 
22160000,0.19499999284744263 
22170000,0.2150000035762787 
22180000,0.18250000476837158 
22190000,0.19499999284744263 
22200000,0.21250000596046448 
22210000,0.21250000596046448 
22220000,0.20999999344348907 
22230000,0.20000000298023224 
22240000,0.19249999523162842 
22250000,0.19750000536441803 
22260000,0.2150000035762787 
22270000,0.1850000023841858 
22280000,0.20499999821186066 
22290000,0.17749999463558197 
22300000,0.19499999284744263 
22310000,0.1899999976158142 
22320000,0.20499999821186066 
22330000,0.19499999284744263 
22340000,0.20999999344348907 
22350000,0.1850000023841858 
22360000,0.20999999344348907 
22370000,0.20000000298023224 
22380000,0.18250000476837158 
22390000,0.2150000035762787 
22400000,0.19249999523162842 
22410000,0.20000000298023224 
22420000,0.20499999821186066 
22430000,0.1850000023841858 
22440000,0.1850000023841858 
22450000,0.1899999976158142 
22460000,0.19499999284744263 
22470000,0.17000000178813934 
22480000,0.2175000011920929 
22490000,0.1899999976158142 
22500000,0.20250000059604645 
22510000,0.19499999284744263 
22520000,0.1875 
22530000,0.19499999284744263 
22540000,0.20499999821186066 
22550000,0.19499999284744263 
22560000,0.1850000023841858 
22570000,0.20000000298023224 
22580000,0.19499999284744263 
22590000,0.20000000298023224 
22600000,0.21250000596046448 
22610000,0.1875 
22620000,0.20499999821186066 
22630000,0.20250000059604645 
22640000,0.20499999821186066 
22650000,0.1875 
22660000,0.20000000298023224 
22670000,0.18250000476837158 
22680000,0.1899999976158142 
22690000,0.1850000023841858 
22700000,0.19249999523162842 
22710000,0.1875 
22720000,0.1899999976158142 
22730000,0.20000000298023224 
22740000,0.1899999976158142 
22750000,0.20749999582767487 
22760000,0.1850000023841858 
22770000,0.18250000476837158 
22780000,0.1875 
22790000,0.19750000536441803 
22800000,0.17249999940395355 
22810000,0.20999999344348907 
22820000,0.20499999821186066 
22830000,0.19249999523162842 
22840000,0.20999999344348907 
22850000,0.21250000596046448 
22860000,0.18000000715255737 
22870000,0.1875 
22880000,0.22750000655651093 
22890000,0.1850000023841858 
22900000,0.18000000715255737 
22910000,0.18250000476837158 
22920000,0.1899999976158142 
22930000,0.1875 
22940000,0.19249999523162842 
22950000,0.19249999523162842 
22960000,0.20749999582767487 
22970000,0.20749999582767487 
22980000,0.17000000178813934 
22990000,0.17749999463558197 
23000000,0.18000000715255737 
23010000,0.20999999344348907 
23020000,0.1899999976158142 
23030000,0.19750000536441803 
23040000,0.19750000536441803 
23050000,0.19249999523162842 
23060000,0.20000000298023224 
23070000,0.20250000059604645 
23080000,0.1899999976158142 
23090000,0.18000000715255737 
23100000,0.16750000417232513 
23110000,0.19499999284744263 
23120000,0.20000000298023224 
23130000,0.20250000059604645 
23140000,0.20250000059604645 
23150000,0.1899999976158142 
23160000,0.20250000059604645 
23170000,0.20250000059604645 
23180000,0.1850000023841858 
23190000,0.17249999940395355 
23200000,0.1850000023841858 
23210000,0.19499999284744263 
23220000,0.19249999523162842 
23230000,0.19499999284744263 
23240000,0.1850000023841858 
23250000,0.1875 
23260000,0.1850000023841858 
23270000,0.19499999284744263 
23280000,0.19249999523162842 
23290000,0.20749999582767487 
23300000,0.19249999523162842 
23310000,0.19249999523162842 
23320000,0.17499999701976776 
23330000,0.20999999344348907 
23340000,0.20999999344348907 
23350000,0.1875 
23360000,0.19750000536441803 
23370000,0.20499999821186066 
23380000,0.17499999701976776 
23390000,0.19499999284744263 
23400000,0.20000000298023224 
23410000,0.1875 
23420000,0.1850000023841858 
23430000,0.1899999976158142 
23440000,0.17249999940395355 
23450000,0.18000000715255737 
23460000,0.20499999821186066 
23470000,0.18000000715255737 
23480000,0.1875 
23490000,0.18000000715255737 
23500000,0.17749999463558197 
23510000,0.18250000476837158 
23520000,0.1850000023841858 
23530000,0.19249999523162842 
23540000,0.17749999463558197 
23550000,0.17249999940395355 
23560000,0.1899999976158142 
23570000,0.19750000536441803 
23580000,0.19249999523162842 
23590000,0.1875 
23600000,0.1899999976158142 
23610000,0.1875 
23620000,0.19249999523162842 
23630000,0.20250000059604645 
23640000,0.1875 
23650000,0.19750000536441803 
23660000,0.17749999463558197 
23670000,0.19499999284744263 
23680000,0.20000000298023224 
23690000,0.20250000059604645 
23700000,0.19499999284744263 
23710000,0.19249999523162842 
23720000,0.19750000536441803 
23730000,0.17499999701976776 
23740000,0.17249999940395355 
23750000,0.19750000536441803 
23760000,0.1850000023841858 
23770000,0.16500000655651093 
23780000,0.18000000715255737 
23790000,0.1899999976158142 
23800000,0.20250000059604645 
23810000,0.17749999463558197 
23820000,0.19750000536441803 
23830000,0.19249999523162842 
23840000,0.2199999988079071 
23850000,0.19750000536441803 
23860000,0.1875 
23870000,0.19499999284744263 
23880000,0.19249999523162842 
23890000,0.21250000596046448 
23900000,0.19249999523162842 
23910000,0.1899999976158142 
23920000,0.20000000298023224 
23930000,0.16750000417232513 
23940000,0.1875 
23950000,0.1899999976158142 
23960000,0.20499999821186066 
23970000,0.17749999463558197 
23980000,0.19750000536441803 
23990000,0.18000000715255737 
24000000,0.20000000298023224 
24010000,0.19249999523162842 
24020000,0.20499999821186066 
24030000,0.19750000536441803 
24040000,0.19750000536441803 
24050000,0.1875 
24060000,0.20000000298023224 
24070000,0.19249999523162842 
24080000,0.19750000536441803 
24090000,0.18250000476837158 
24100000,0.17749999463558197 
24110000,0.20250000059604645 
24120000,0.19249999523162842 
24130000,0.20250000059604645 
24140000,0.2199999988079071 
24150000,0.20250000059604645 
24160000,0.1899999976158142 
24170000,0.20000000298023224 
24180000,0.20999999344348907 
24190000,0.19499999284744263 
24200000,0.1899999976158142 
24210000,0.18000000715255737 
24220000,0.17499999701976776 
24230000,0.1899999976158142 
24240000,0.19499999284744263 
24250000,0.1899999976158142 
24260000,0.1850000023841858 
24270000,0.20499999821186066 
24280000,0.1899999976158142 
24290000,0.18250000476837158 
24300000,0.20000000298023224 
24310000,0.1850000023841858 
24320000,0.19750000536441803 
24330000,0.20000000298023224 
24340000,0.19750000536441803 
24350000,0.19249999523162842 
24360000,0.20499999821186066 
24370000,0.19750000536441803 
24380000,0.1899999976158142 
24390000,0.1899999976158142 
24400000,0.20250000059604645 
24410000,0.1875 
24420000,0.19499999284744263 
24430000,0.1850000023841858 
24440000,0.21250000596046448 
24450000,0.20999999344348907 
24460000,0.20250000059604645 
24470000,0.20000000298023224 
24480000,0.20999999344348907 
24490000,0.2224999964237213 
24500000,0.1899999976158142 
24510000,0.20000000298023224 
24520000,0.20000000298023224 
24530000,0.1899999976158142 
24540000,0.1875 
24550000,0.20250000059604645 
24560000,0.20499999821186066 
24570000,0.20000000298023224 
24580000,0.19249999523162842 
24590000,0.20000000298023224 
24600000,0.20250000059604645 
24610000,0.19750000536441803 
24620000,0.1875 
24630000,0.1875 
24640000,0.1875 
24650000,0.20000000298023224 
24660000,0.20250000059604645 
24670000,0.17249999940395355 
24680000,0.17000000178813934 
24690000,0.17249999940395355 
24700000,0.1850000023841858 
24710000,0.19249999523162842 
24720000,0.18000000715255737 
24730000,0.1899999976158142 
24740000,0.19249999523162842 
24750000,0.1875 
24760000,0.19249999523162842 
24770000,0.19249999523162842 
24780000,0.1850000023841858 
24790000,0.19750000536441803 
24800000,0.21250000596046448 
24810000,0.20499999821186066 
24820000,0.1850000023841858 
24830000,0.19750000536441803 
24840000,0.20250000059604645 
24850000,0.2199999988079071 
24860000,0.19750000536441803 
24870000,0.20000000298023224 
24880000,0.19750000536441803 
24890000,0.1850000023841858 
24900000,0.20250000059604645 
24910000,0.18250000476837158 
24920000,0.18000000715255737 
24930000,0.16249999403953552 
24940000,0.19499999284744263 
24950000,0.19249999523162842 
24960000,0.20250000059604645 
24970000,0.20000000298023224 
24980000,0.1875 
24990000,0.1899999976158142 
25000000,0.1850000023841858 
