10000,0.0025 
20000,0.0 
30000,0.0 
40000,0.0 
50000,0.00125 
60000,0.00125 
70000,0.00125 
80000,0.00375 
90000,0.0025 
100000,0.0025 
110000,0.0025 
120000,0.00125 
130000,0.005 
140000,0.00125 
150000,0.0025 
160000,0.00375 
170000,0.00375 
180000,0.0075 
190000,0.0025 
200000,0.0025 
210000,0.00375 
220000,0.0025 
230000,0.00375 
240000,0.00125 
250000,0.005 
260000,0.00125 
270000,0.00375 
280000,0.01 
290000,0.0025 
300000,0.005 
310000,0.00375 
320000,0.00625 
330000,0.00875 
340000,0.00625 
350000,0.005 
360000,0.005 
370000,0.00875 
380000,0.0025 
390000,0.005 
400000,0.00375 
410000,0.005 
420000,0.01 
430000,0.0025 
440000,0.005 
450000,0.00875 
460000,0.0125 
470000,0.005 
480000,0.005 
490000,0.00375 
500000,0.00625 
510000,0.0075 
520000,0.01125 
530000,0.0075 
540000,0.00625 
550000,0.00875 
560000,0.01 
570000,0.01125 
580000,0.0125 
590000,0.00375 
600000,0.0125 
610000,0.0075 
620000,0.00625 
630000,0.00375 
640000,0.00625 
650000,0.00875 
660000,0.00875 
670000,0.00625 
680000,0.00875 
690000,0.005 
700000,0.00625 
710000,0.005 
720000,0.01 
730000,0.0075 
740000,0.0075 
750000,0.01 
760000,0.00625 
770000,0.00875 
780000,0.00625 
790000,0.0025 
800000,0.005 
810000,0.0075 
820000,0.0075 
830000,0.00375 
840000,0.00625 
850000,0.0075 
860000,0.00875 
870000,0.00625 
880000,0.005 
890000,0.0075 
900000,0.00875 
910000,0.00875 
920000,0.0075 
930000,0.0125 
940000,0.01 
950000,0.01 
960000,0.01625 
970000,0.01 
980000,0.01 
990000,0.005 
1000000,0.0125 
1010000,0.01125 
1020000,0.01375 
1030000,0.005 
1040000,0.005 
1050000,0.01 
1060000,0.0125 
1070000,0.00625 
1080000,0.01125 
1090000,0.0075 
1100000,0.0125 
1110000,0.0175 
1120000,0.01125 
1130000,0.01 
1140000,0.00625 
1150000,0.01125 
1160000,0.01 
1170000,0.01125 
1180000,0.01375 
1190000,0.01875 
1200000,0.01 
1210000,0.01 
1220000,0.01125 
1230000,0.01125 
1240000,0.01 
1250000,0.01125 
1260000,0.01125 
1270000,0.01 
1280000,0.015 
1290000,0.0225 
1300000,0.01 
1310000,0.00625 
1320000,0.00625 
1330000,0.0125 
1340000,0.0175 
1350000,0.015 
1360000,0.00875 
1370000,0.01875 
1380000,0.00875 
1390000,0.00875 
1400000,0.0175 
1410000,0.01125 
1420000,0.01125 
1430000,0.02 
1440000,0.0025 
1450000,0.01375 
1460000,0.015 
1470000,0.0175 
1480000,0.0175 
1490000,0.01 
1500000,0.015 
1510000,0.02 
1520000,0.005 
1530000,0.01625 
1540000,0.015 
1550000,0.01 
1560000,0.02375 
1570000,0.01125 
1580000,0.00875 
1590000,0.0125 
1600000,0.01875 
1610000,0.01 
1620000,0.02625 
1630000,0.01375 
1640000,0.01625 
1650000,0.01875 
1660000,0.02125 
1670000,0.00875 
1680000,0.0125 
1690000,0.01625 
1700000,0.0225 
1710000,0.015 
1720000,0.0175 
1730000,0.01625 
1740000,0.01375 
1750000,0.01875 
1760000,0.01875 
1770000,0.015 
1780000,0.01875 
1790000,0.0225 
1800000,0.02125 
1810000,0.01875 
1820000,0.0175 
1830000,0.0125 
1840000,0.01625 
1850000,0.0225 
1860000,0.02 
1870000,0.0175 
1880000,0.0175 
1890000,0.02875 
1900000,0.01875 
1910000,0.01625 
1920000,0.01375 
1930000,0.0175 
1940000,0.01625 
1950000,0.03375 
1960000,0.015 
1970000,0.0125 
1980000,0.02375 
1990000,0.02125 
2000000,0.01375 
2010000,0.01625 
2020000,0.03 
2030000,0.0125 
2040000,0.01625 
2050000,0.01375 
2060000,0.03 
2070000,0.02125 
2080000,0.015 
2090000,0.015 
2100000,0.015 
2110000,0.005 
2120000,0.025 
2130000,0.01875 
2140000,0.02125 
2150000,0.02125 
2160000,0.015 
2170000,0.0275 
2180000,0.01 
2190000,0.0175 
2200000,0.02125 
2210000,0.01375 
2220000,0.02125 
2230000,0.01125 
2240000,0.01875 
2250000,0.015 
2260000,0.02625 
2270000,0.01875 
2280000,0.0225 
2290000,0.01625 
2300000,0.00875 
2310000,0.00875 
2320000,0.02 
2330000,0.0225 
2340000,0.0175 
2350000,0.015 
2360000,0.02625 
2370000,0.0125 
2380000,0.02 
2390000,0.01625 
2400000,0.02875 
2410000,0.02 
2420000,0.01375 
2430000,0.0175 
2440000,0.02125 
2450000,0.015 
2460000,0.02125 
2470000,0.02125 
2480000,0.01375 
2490000,0.02125 
2500000,0.025 
2510000,0.02375 
2520000,0.0225 
2530000,0.0125 
2540000,0.025 
2550000,0.01375 
2560000,0.01625 
2570000,0.01875 
2580000,0.0225 
2590000,0.015 
2600000,0.0225 
2610000,0.02 
2620000,0.0125 
2630000,0.025 
2640000,0.01875 
2650000,0.0175 
2660000,0.01 
2670000,0.00875 
2680000,0.01875 
2690000,0.02125 
2700000,0.02125 
2710000,0.02 
2720000,0.01625 
2730000,0.01875 
2740000,0.01375 
2750000,0.015 
2760000,0.0225 
2770000,0.0175 
2780000,0.0175 
2790000,0.01625 
2800000,0.01625 
2810000,0.01875 
2820000,0.0075 
2830000,0.01125 
2840000,0.01625 
2850000,0.0225 
2860000,0.015 
2870000,0.00625 
2880000,0.02375 
2890000,0.015 
2900000,0.01625 
2910000,0.00875 
2920000,0.0225 
2930000,0.02375 
2940000,0.01625 
2950000,0.02 
2960000,0.0225 
2970000,0.01875 
2980000,0.02625 
2990000,0.02125 
3000000,0.01125 
3010000,0.01625 
3020000,0.01875 
3030000,0.0175 
3040000,0.0275 
3050000,0.02 
3060000,0.02 
3070000,0.02375 
3080000,0.02375 
3090000,0.0175 
3100000,0.01375 
3110000,0.0225 
3120000,0.015 
3130000,0.0275 
3140000,0.02 
3150000,0.02125 
3160000,0.01625 
3170000,0.03125 
3180000,0.01375 
3190000,0.0175 
3200000,0.02125 
3210000,0.0175 
3220000,0.02125 
3230000,0.02125 
3240000,0.03 
3250000,0.01625 
3260000,0.02 
3270000,0.015 
3280000,0.015 
3290000,0.0175 
3300000,0.015 
3310000,0.025 
3320000,0.01625 
3330000,0.0125 
3340000,0.01375 
3350000,0.015 
3360000,0.0175 
3370000,0.015 
3380000,0.015 
3390000,0.02 
3400000,0.02125 
3410000,0.015 
3420000,0.0225 
3430000,0.01375 
3440000,0.0125 
3450000,0.0175 
3460000,0.01 
3470000,0.01375 
3480000,0.02375 
3490000,0.01375 
3500000,0.0125 
3510000,0.0175 
3520000,0.0275 
3530000,0.01375 
3540000,0.02375 
3550000,0.02125 
3560000,0.0125 
3570000,0.015 
3580000,0.03125 
3590000,0.01625 
3600000,0.00875 
3610000,0.015 
3620000,0.0175 
3630000,0.0275 
3640000,0.02125 
3650000,0.01875 
3660000,0.0175 
3670000,0.02625 
3680000,0.0175 
3690000,0.02375 
3700000,0.015 
3710000,0.02 
3720000,0.03 
3730000,0.0175 
3740000,0.02625 
3750000,0.02875 
3760000,0.02 
3770000,0.025 
3780000,0.02375 
3790000,0.01625 
3800000,0.0125 
3810000,0.01375 
3820000,0.02375 
3830000,0.02375 
3840000,0.02375 
3850000,0.02125 
3860000,0.0175 
3870000,0.03375 
3880000,0.015 
3890000,0.02125 
3900000,0.015 
3910000,0.0175 
3920000,0.025 
3930000,0.01625 
3940000,0.0175 
3950000,0.0125 
3960000,0.01875 
3970000,0.0275 
3980000,0.01875 
3990000,0.01875 
4000000,0.01875 
4010000,0.02 
4020000,0.01875 
4030000,0.02125 
4040000,0.01875 
4050000,0.0275 
4060000,0.02125 
4070000,0.02125 
4080000,0.0125 
4090000,0.025 
4100000,0.0225 
4110000,0.01625 
4120000,0.01375 
4130000,0.02375 
4140000,0.02375 
4150000,0.02125 
4160000,0.02375 
4170000,0.0225 
4180000,0.01625 
4190000,0.025 
4200000,0.0225 
4210000,0.02125 
4220000,0.02625 
4230000,0.00875 
4240000,0.015 
4250000,0.025 
4260000,0.025 
4270000,0.02 
4280000,0.02 
4290000,0.025 
4300000,0.02125 
4310000,0.0175 
4320000,0.025 
4330000,0.01625 
4340000,0.01625 
4350000,0.025 
4360000,0.02625 
4370000,0.01625 
4380000,0.0175 
4390000,0.015 
4400000,0.01375 
4410000,0.02375 
4420000,0.0175 
4430000,0.02125 
4440000,0.0225 
4450000,0.02 
4460000,0.0225 
4470000,0.025 
4480000,0.02625 
4490000,0.025 
4500000,0.0325 
4510000,0.02625 
4520000,0.02625 
4530000,0.025 
4540000,0.0175 
4550000,0.01875 
4560000,0.0125 
4570000,0.01125 
4580000,0.0125 
4590000,0.0225 
4600000,0.02 
4610000,0.025 
4620000,0.02125 
4630000,0.02875 
4640000,0.01875 
4650000,0.02625 
4660000,0.0225 
4670000,0.015 
4680000,0.02125 
4690000,0.0225 
4700000,0.02125 
4710000,0.02 
4720000,0.01875 
4730000,0.02625 
4740000,0.01 
4750000,0.01375 
4760000,0.02375 
4770000,0.02375 
4780000,0.01625 
4790000,0.02125 
4800000,0.01375 
4810000,0.01625 
4820000,0.02 
4830000,0.02125 
4840000,0.02375 
4850000,0.01875 
4860000,0.025 
4870000,0.015 
4880000,0.01875 
4890000,0.01875 
4900000,0.01125 
4910000,0.0175 
4920000,0.01625 
4930000,0.02375 
4940000,0.02125 
4950000,0.03 
4960000,0.01875 
4970000,0.02875 
4980000,0.00875 
4990000,0.0225 
5000000,0.01875 
5010000,0.03 
5020000,0.0175 
5030000,0.02 
5040000,0.0175 
5050000,0.02125 
5060000,0.01 
5070000,0.01625 
5080000,0.02125 
5090000,0.01875 
5100000,0.0175 
5110000,0.01625 
5120000,0.02875 
5130000,0.02 
5140000,0.00875 
5150000,0.02 
5160000,0.01625 
5170000,0.01375 
5180000,0.025 
5190000,0.0275 
5200000,0.0175 
5210000,0.02 
5220000,0.02375 
5230000,0.02125 
5240000,0.03 
5250000,0.0225 
5260000,0.02 
5270000,0.03 
5280000,0.02 
5290000,0.02 
5300000,0.02375 
5310000,0.01875 
5320000,0.01375 
5330000,0.0225 
5340000,0.01625 
5350000,0.02375 
5360000,0.01625 
5370000,0.015 
5380000,0.01875 
5390000,0.02375 
5400000,0.015 
5410000,0.0175 
5420000,0.02 
5430000,0.01375 
5440000,0.02 
5450000,0.01125 
5460000,0.0125 
5470000,0.025 
5480000,0.0275 
5490000,0.02125 
5500000,0.0225 
5510000,0.0175 
5520000,0.025 
5530000,0.0175 
5540000,0.025 
5550000,0.02 
5560000,0.0175 
5570000,0.03375 
5580000,0.03 
5590000,0.01375 
5600000,0.01875 
5610000,0.02375 
5620000,0.025 
5630000,0.03125 
5640000,0.02625 
5650000,0.0325 
5660000,0.02625 
5670000,0.015 
5680000,0.02 
5690000,0.02375 
5700000,0.03 
5710000,0.01625 
5720000,0.025 
5730000,0.0225 
5740000,0.02625 
5750000,0.015 
5760000,0.0225 
5770000,0.0225 
5780000,0.025 
5790000,0.02625 
5800000,0.02 
5810000,0.02125 
5820000,0.02375 
5830000,0.0275 
5840000,0.0175 
5850000,0.0175 
5860000,0.01875 
5870000,0.0275 
5880000,0.01625 
5890000,0.02 
5900000,0.015 
5910000,0.015 
5920000,0.0225 
5930000,0.0275 
5940000,0.02 
5950000,0.02375 
5960000,0.04 
5970000,0.02125 
5980000,0.03 
5990000,0.02375 
6000000,0.02125 
6010000,0.0275 
6020000,0.02375 
6030000,0.01375 
6040000,0.02875 
6050000,0.03375 
6060000,0.0325 
6070000,0.02375 
6080000,0.045 
6090000,0.0225 
6100000,0.0275 
6110000,0.025 
6120000,0.0175 
6130000,0.0225 
6140000,0.02125 
6150000,0.01875 
6160000,0.01875 
6170000,0.01875 
6180000,0.0175 
6190000,0.0125 
6200000,0.01375 
6210000,0.0125 
6220000,0.02625 
6230000,0.01875 
6240000,0.02125 
6250000,0.02625 
6260000,0.02 
6270000,0.02125 
6280000,0.0275 
6290000,0.02375 
6300000,0.0175 
6310000,0.01625 
6320000,0.025 
6330000,0.0125 
6340000,0.03125 
6350000,0.01875 
6360000,0.0175 
6370000,0.0175 
6380000,0.0275 
6390000,0.02375 
6400000,0.02125 
6410000,0.01875 
6420000,0.0225 
6430000,0.02375 
6440000,0.01875 
6450000,0.025 
6460000,0.01875 
6470000,0.015 
6480000,0.0125 
6490000,0.025 
6500000,0.0225 
6510000,0.02 
6520000,0.0175 
6530000,0.01625 
6540000,0.00875 
6550000,0.02875 
6560000,0.01875 
6570000,0.01375 
6580000,0.02125 
6590000,0.01875 
6600000,0.0125 
6610000,0.01875 
6620000,0.02125 
6630000,0.0125 
6640000,0.0225 
6650000,0.015 
6660000,0.0175 
6670000,0.02125 
6680000,0.015 
6690000,0.0225 
6700000,0.02 
6710000,0.01875 
6720000,0.01 
6730000,0.015 
6740000,0.03 
6750000,0.0175 
6760000,0.02 
6770000,0.0175 
6780000,0.01625 
6790000,0.01125 
6800000,0.01875 
6810000,0.02 
6820000,0.0225 
6830000,0.01625 
6840000,0.0225 
6850000,0.015 
6860000,0.0275 
6870000,0.02375 
6880000,0.0175 
6890000,0.025 
6900000,0.0225 
6910000,0.0225 
6920000,0.01875 
6930000,0.02125 
6940000,0.02875 
6950000,0.01625 
6960000,0.00875 
6970000,0.01375 
6980000,0.01875 
6990000,0.02 
7000000,0.015 
7010000,0.0175 
7020000,0.01875 
7030000,0.01875 
7040000,0.03125 
7050000,0.02375 
7060000,0.02625 
7070000,0.02125 
7080000,0.0175 
7090000,0.01875 
7100000,0.02125 
7110000,0.0375 
7120000,0.02375 
7130000,0.0125 
7140000,0.0225 
7150000,0.0225 
7160000,0.0175 
7170000,0.0225 
7180000,0.025 
7190000,0.0225 
7200000,0.02625 
7210000,0.015 
7220000,0.02625 
7230000,0.0175 
7240000,0.0175 
7250000,0.02 
7260000,0.01625 
7270000,0.0275 
7280000,0.02625 
7290000,0.02375 
7300000,0.025 
7310000,0.02375 
7320000,0.02625 
7330000,0.0175 
7340000,0.025 
7350000,0.01375 
7360000,0.0175 
7370000,0.02 
7380000,0.02 
7390000,0.0175 
7400000,0.025 
7410000,0.025 
7420000,0.02375 
7430000,0.025 
7440000,0.03375 
7450000,0.0275 
7460000,0.02125 
7470000,0.01875 
7480000,0.0175 
7490000,0.02 
7500000,0.02625 
7510000,0.02875 
7520000,0.015 
7530000,0.0225 
7540000,0.02 
7550000,0.02875 
7560000,0.0225 
7570000,0.01625 
7580000,0.015 
7590000,0.015 
7600000,0.0175 
7610000,0.02875 
7620000,0.01625 
7630000,0.01875 
7640000,0.02875 
7650000,0.0225 
7660000,0.02 
7670000,0.02375 
7680000,0.0125 
7690000,0.02625 
7700000,0.01625 
7710000,0.02 
7720000,0.025 
7730000,0.02 
7740000,0.0225 
7750000,0.02 
7760000,0.02 
7770000,0.01875 
7780000,0.02875 
7790000,0.0225 
7800000,0.01625 
7810000,0.02125 
7820000,0.01625 
7830000,0.0325 
7840000,0.02125 
7850000,0.02125 
7860000,0.02375 
7870000,0.015 
7880000,0.0225 
7890000,0.0225 
7900000,0.02125 
7910000,0.0225 
7920000,0.025 
7930000,0.0175 
7940000,0.01375 
7950000,0.01625 
7960000,0.0175 
7970000,0.02125 
7980000,0.01875 
7990000,0.025 
8000000,0.02625 
8010000,0.0225 
8020000,0.03125 
8030000,0.02 
8040000,0.035 
8050000,0.02625 
8060000,0.025 
8070000,0.0175 
8080000,0.0275 
8090000,0.02375 
8100000,0.0175 
8110000,0.02125 
8120000,0.01875 
8130000,0.02 
8140000,0.01625 
8150000,0.015 
8160000,0.0175 
8170000,0.0225 
8180000,0.025 
8190000,0.02875 
8200000,0.02875 
8210000,0.01625 
8220000,0.01875 
8230000,0.03 
8240000,0.01875 
8250000,0.01375 
8260000,0.01875 
8270000,0.01625 
8280000,0.02625 
8290000,0.025 
8300000,0.01625 
8310000,0.02625 
8320000,0.0275 
8330000,0.02375 
8340000,0.02125 
8350000,0.0275 
8360000,0.02 
8370000,0.01875 
8380000,0.03125 
8390000,0.025 
8400000,0.0275 
8410000,0.02375 
8420000,0.015 
8430000,0.0225 
8440000,0.025 
8450000,0.02125 
8460000,0.0275 
8470000,0.01 
8480000,0.01875 
8490000,0.015 
8500000,0.0125 
8510000,0.01625 
8520000,0.01875 
8530000,0.02625 
8540000,0.0225 
8550000,0.02375 
8560000,0.01625 
8570000,0.0225 
8580000,0.01375 
8590000,0.01625 
8600000,0.02125 
8610000,0.02875 
8620000,0.0225 
8630000,0.01875 
8640000,0.0175 
8650000,0.0225 
8660000,0.01875 
8670000,0.03375 
8680000,0.025 
8690000,0.02625 
8700000,0.0275 
8710000,0.02875 
8720000,0.02375 
8730000,0.0175 
8740000,0.025 
8750000,0.01875 
8760000,0.0175 
8770000,0.02625 
8780000,0.015 
8790000,0.01875 
8800000,0.02 
8810000,0.0275 
8820000,0.0275 
8830000,0.02875 
8840000,0.02375 
8850000,0.0225 
8860000,0.0225 
8870000,0.015 
8880000,0.025 
8890000,0.02125 
8900000,0.03 
8910000,0.03 
8920000,0.01875 
8930000,0.02875 
8940000,0.02375 
8950000,0.02625 
8960000,0.0225 
8970000,0.02125 
8980000,0.0325 
8990000,0.02375 
9000000,0.01875 
9010000,0.02625 
9020000,0.025 
9030000,0.0275 
9040000,0.02625 
9050000,0.02375 
9060000,0.025 
9070000,0.03125 
9080000,0.03375 
9090000,0.025 
9100000,0.02875 
9110000,0.0175 
9120000,0.01875 
9130000,0.0175 
9140000,0.02125 
9150000,0.02375 
9160000,0.02625 
9170000,0.0275 
9180000,0.03125 
9190000,0.0225 
9200000,0.01875 
9210000,0.02625 
9220000,0.02375 
9230000,0.025 
9240000,0.025 
9250000,0.02375 
9260000,0.03125 
9270000,0.02375 
9280000,0.0325 
9290000,0.02875 
9300000,0.02625 
9310000,0.015 
9320000,0.01875 
9330000,0.01375 
9340000,0.0275 
9350000,0.02625 
9360000,0.02 
9370000,0.0125 
9380000,0.02 
9390000,0.0225 
9400000,0.035 
9410000,0.0225 
9420000,0.035 
9430000,0.03125 
9440000,0.03125 
9450000,0.035 
9460000,0.025 
9470000,0.0325 
9480000,0.03375 
9490000,0.025 
9500000,0.025 
9510000,0.02875 
9520000,0.04375 
9530000,0.03 
9540000,0.02375 
9550000,0.0325 
9560000,0.0425 
9570000,0.0375 
9580000,0.02875 
9590000,0.035 
9600000,0.03 
9610000,0.02875 
9620000,0.03875 
9630000,0.02625 
9640000,0.02625 
9650000,0.02625 
9660000,0.035 
9670000,0.04125 
9680000,0.02625 
9690000,0.0325 
9700000,0.03625 
9710000,0.02625 
9720000,0.02 
9730000,0.025 
9740000,0.0325 
9750000,0.0225 
9760000,0.02875 
9770000,0.0225 
9780000,0.03 
9790000,0.0225 
9800000,0.02875 
9810000,0.02 
9820000,0.03 
9830000,0.0325 
9840000,0.01625 
9850000,0.0125 
9860000,0.03 
9870000,0.03125 
9880000,0.0375 
9890000,0.02625 
9900000,0.0375 
9910000,0.04125 
9920000,0.02875 
9930000,0.0325 
9940000,0.03125 
9950000,0.02875 
9960000,0.0275 
9970000,0.03125 
9980000,0.04125 
9990000,0.03 
10000000,0.035 
10010000,0.0425 
10020000,0.04375 
10030000,0.0225 
10040000,0.0225 
10050000,0.0225 
10060000,0.0225 
10070000,0.0375 
10080000,0.02 
10090000,0.0325 
10100000,0.0375 
10110000,0.03875 
10120000,0.02875 
10130000,0.0275 
10140000,0.0225 
10150000,0.0225 
10160000,0.0475 
10170000,0.01875 
10180000,0.02875 
10190000,0.04 
10200000,0.04125 
10210000,0.03375 
10220000,0.04125 
10230000,0.0375 
10240000,0.04375 
10250000,0.04375 
10260000,0.035 
10270000,0.03625 
10280000,0.03375 
10290000,0.03125 
10300000,0.02875 
10310000,0.05 
10320000,0.035 
10330000,0.0325 
10340000,0.04 
10350000,0.04 
10360000,0.035 
10370000,0.0325 
10380000,0.03625 
10390000,0.0375 
10400000,0.035 
10410000,0.04375 
10420000,0.0425 
10430000,0.03 
10440000,0.0425 
10450000,0.04625 
10460000,0.0325 
10470000,0.04125 
10480000,0.0425 
10490000,0.0325 
10500000,0.0425 
10510000,0.03625 
10520000,0.03625 
10530000,0.03625 
10540000,0.04 
10550000,0.03875 
10560000,0.0475 
10570000,0.0575 
10580000,0.06125 
10590000,0.05 
10600000,0.035 
10610000,0.045 
10620000,0.045 
10630000,0.05125 
10640000,0.06375 
10650000,0.05625 
10660000,0.055 
10670000,0.06 
10680000,0.06125 
10690000,0.06875 
10700000,0.06375 
10710000,0.06625 
10720000,0.06 
10730000,0.075 
10740000,0.065 
10750000,0.07375 
10760000,0.0525 
10770000,0.0625 
10780000,0.075 
10790000,0.06625 
10800000,0.07125 
10810000,0.08 
10820000,0.06875 
10830000,0.0775 
10840000,0.08 
10850000,0.07875 
10860000,0.07 
10870000,0.09125 
10880000,0.0925 
10890000,0.08375 
10900000,0.07875 
10910000,0.07375 
10920000,0.07125 
10930000,0.07625 
10940000,0.095 
10950000,0.08625 
10960000,0.075 
10970000,0.09375 
10980000,0.11625 
10990000,0.10625 
11000000,0.10125 
11010000,0.105 
11020000,0.12125 
11030000,0.1225 
11040000,0.1125 
11050000,0.1125 
11060000,0.12375 
11070000,0.10625 
11080000,0.1275 
11090000,0.12625 
11100000,0.1275 
11110000,0.13375 
11120000,0.1425 
11130000,0.13875 
11140000,0.15 
11150000,0.13875 
11160000,0.15125 
11170000,0.14625 
11180000,0.14 
11190000,0.145 
11200000,0.155 
11210000,0.165 
11220000,0.13625 
11230000,0.14625 
11240000,0.1525 
11250000,0.1525 
11260000,0.1725 
11270000,0.15875 
11280000,0.1525 
11290000,0.18875 
11300000,0.16375 
11310000,0.18375 
11320000,0.18125 
11330000,0.19125 
11340000,0.19125 
11350000,0.185 
11360000,0.18 
11370000,0.19875 
11380000,0.2025 
11390000,0.1975 
11400000,0.2 
11410000,0.20375 
11420000,0.20375 
11430000,0.21 
11440000,0.20625 
11450000,0.20875 
11460000,0.20625 
11470000,0.2025 
11480000,0.20125 
11490000,0.21125 
11500000,0.20625 
11510000,0.21125 
11520000,0.20875 
11530000,0.2125 
11540000,0.205 
11550000,0.205 
11560000,0.19875 
11570000,0.205 
11580000,0.21125 
11590000,0.21625 
11600000,0.2 
11610000,0.19875 
11620000,0.20625 
11630000,0.19875 
11640000,0.21 
11650000,0.20625 
11660000,0.2175 
11670000,0.19875 
11680000,0.2075 
11690000,0.19875 
11700000,0.2125 
11710000,0.205 
11720000,0.215 
11730000,0.21 
11740000,0.19125 
11750000,0.2 
11760000,0.205 
11770000,0.18625 
11780000,0.19875 
11790000,0.2 
11800000,0.20875 
11810000,0.20875 
11820000,0.19625 
11830000,0.205 
11840000,0.20125 
11850000,0.1925 
11860000,0.2125 
11870000,0.21375 
11880000,0.20625 
11890000,0.21125 
11900000,0.2025 
11910000,0.2 
11920000,0.21125 
11930000,0.2025 
11940000,0.2 
11950000,0.20125 
11960000,0.19 
11970000,0.19875 
11980000,0.19375 
11990000,0.20375 
12000000,0.19125 
12010000,0.19625 
12020000,0.195 
12030000,0.19375 
12040000,0.18875 
12050000,0.19125 
12060000,0.2 
12070000,0.195 
12080000,0.20625 
12090000,0.19 
12100000,0.20375 
12110000,0.1975 
12120000,0.19875 
12130000,0.195 
12140000,0.1975 
12150000,0.20375 
12160000,0.20625 
12170000,0.19875 
12180000,0.20375 
12190000,0.19875 
12200000,0.1975 
12210000,0.20125 
12220000,0.19875 
12230000,0.205 
12240000,0.215 
12250000,0.19875 
12260000,0.2025 
12270000,0.215 
12280000,0.2 
12290000,0.2 
12300000,0.215 
12310000,0.19625 
12320000,0.195 
12330000,0.19125 
12340000,0.2 
12350000,0.19625 
12360000,0.18875 
12370000,0.19 
12380000,0.18625 
12390000,0.2025 
12400000,0.19625 
12410000,0.19625 
12420000,0.1975 
12430000,0.19625 
12440000,0.19 
12450000,0.19875 
12460000,0.20125 
12470000,0.20125 
12480000,0.2025 
12490000,0.1975 
12500000,0.19875 
12510000,0.2 
12520000,0.20125 
12530000,0.1875 
12540000,0.195 
12550000,0.17875 
12560000,0.20125 
12570000,0.1875 
12580000,0.2075 
12590000,0.205 
12600000,0.19875 
12610000,0.185 
12620000,0.19625 
12630000,0.19875 
12640000,0.20125 
12650000,0.2 
12660000,0.20375 
12670000,0.18875 
12680000,0.215 
12690000,0.2 
12700000,0.1975 
12710000,0.1975 
12720000,0.20625 
12730000,0.2025 
12740000,0.2025 
12750000,0.19375 
12760000,0.1975 
12770000,0.19125 
12780000,0.195 
12790000,0.205 
12800000,0.19 
12810000,0.20125 
12820000,0.21 
12830000,0.2 
12840000,0.1825 
12850000,0.205 
12860000,0.20375 
12870000,0.2025 
12880000,0.20125 
12890000,0.20125 
12900000,0.2 
12910000,0.19875 
12920000,0.1975 
12930000,0.20625 
12940000,0.2 
12950000,0.18875 
12960000,0.19375 
12970000,0.20375 
12980000,0.18875 
12990000,0.18125 
13000000,0.17 
13010000,0.19625 
13020000,0.21 
13030000,0.1825 
13040000,0.19875 
13050000,0.20375 
13060000,0.18375 
13070000,0.19875 
13080000,0.1925 
13090000,0.195 
13100000,0.1975 
13110000,0.19125 
13120000,0.18875 
13130000,0.2 
13140000,0.18375 
13150000,0.1975 
13160000,0.1825 
13170000,0.19625 
13180000,0.1975 
13190000,0.20625 
13200000,0.19625 
13210000,0.2 
13220000,0.2 
13230000,0.19125 
13240000,0.2 
13250000,0.19625 
13260000,0.195 
13270000,0.20125 
13280000,0.1975 
13290000,0.20875 
13300000,0.20625 
13310000,0.195 
13320000,0.1825 
13330000,0.1925 
13340000,0.19375 
13350000,0.19125 
13360000,0.20125 
13370000,0.19125 
13380000,0.19625 
13390000,0.19 
13400000,0.2075 
13410000,0.1975 
13420000,0.21 
13430000,0.2025 
13440000,0.19875 
13450000,0.185 
13460000,0.18375 
13470000,0.17875 
13480000,0.1975 
13490000,0.19 
13500000,0.20125 
13510000,0.185 
13520000,0.1775 
13530000,0.1825 
13540000,0.20125 
13550000,0.2 
13560000,0.18875 
13570000,0.18375 
13580000,0.19375 
13590000,0.1775 
13600000,0.19375 
13610000,0.19875 
13620000,0.205 
13630000,0.18625 
13640000,0.1925 
13650000,0.2075 
13660000,0.18625 
13670000,0.19 
13680000,0.19125 
13690000,0.185 
13700000,0.2075 
13710000,0.1975 
13720000,0.18875 
13730000,0.1925 
13740000,0.1975 
13750000,0.1725 
13760000,0.19375 
13770000,0.2 
13780000,0.19625 
13790000,0.19625 
13800000,0.19625 
13810000,0.18625 
13820000,0.195 
13830000,0.18625 
13840000,0.1975 
13850000,0.185 
13860000,0.1675 
13870000,0.1975 
13880000,0.19 
13890000,0.195 
13900000,0.195 
13910000,0.185 
13920000,0.18 
13930000,0.2125 
13940000,0.20125 
13950000,0.20125 
13960000,0.20125 
13970000,0.19125 
13980000,0.1775 
13990000,0.2 
14000000,0.1875 
14010000,0.20125 
14020000,0.2025 
14030000,0.19 
14040000,0.19375 
14050000,0.2175 
14060000,0.20125 
14070000,0.18875 
14080000,0.205 
14090000,0.205 
14100000,0.2025 
14110000,0.19875 
14120000,0.19625 
14130000,0.20625 
14140000,0.20375 
14150000,0.21 
14160000,0.195 
14170000,0.2 
14180000,0.2075 
14190000,0.1875 
14200000,0.205 
14210000,0.20125 
14220000,0.21 
14230000,0.19875 
14240000,0.18375 
14250000,0.21 
14260000,0.19375 
14270000,0.205 
14280000,0.19375 
14290000,0.19 
14300000,0.1925 
14310000,0.19875 
14320000,0.205 
14330000,0.19375 
14340000,0.20125 
14350000,0.18625 
14360000,0.2 
14370000,0.19625 
14380000,0.1975 
14390000,0.21 
14400000,0.19 
14410000,0.1925 
14420000,0.1925 
14430000,0.20125 
14440000,0.185 
14450000,0.1975 
14460000,0.20125 
14470000,0.21375 
14480000,0.1925 
14490000,0.1975 
14500000,0.1875 
14510000,0.195 
14520000,0.19 
14530000,0.21375 
14540000,0.19 
14550000,0.19875 
14560000,0.185 
14570000,0.195 
14580000,0.20125 
14590000,0.2025 
14600000,0.19 
14610000,0.18375 
14620000,0.18625 
14630000,0.19375 
14640000,0.18375 
14650000,0.20125 
14660000,0.19625 
14670000,0.19125 
14680000,0.20125 
14690000,0.1925 
14700000,0.18875 
14710000,0.20875 
14720000,0.2025 
14730000,0.1975 
14740000,0.18125 
14750000,0.19 
14760000,0.1975 
14770000,0.20625 
14780000,0.1925 
14790000,0.18875 
14800000,0.1925 
14810000,0.19 
14820000,0.1875 
14830000,0.1925 
14840000,0.18 
14850000,0.19375 
14860000,0.195 
14870000,0.18125 
14880000,0.195 
14890000,0.17875 
14900000,0.2 
14910000,0.1875 
14920000,0.19375 
14930000,0.18625 
14940000,0.19625 
14950000,0.19125 
14960000,0.18625 
14970000,0.2 
14980000,0.20625 
14990000,0.16125 
15000000,0.18 
15010000,0.17125 
15020000,0.20625 
15030000,0.20375 
15040000,0.185 
15050000,0.1825 
15060000,0.1925 
15070000,0.18 
15080000,0.18375 
15090000,0.1975 
15100000,0.19625 
15110000,0.18 
15120000,0.19375 
15130000,0.19375 
15140000,0.19375 
15150000,0.19625 
15160000,0.195 
15170000,0.19 
15180000,0.1975 
15190000,0.19625 
15200000,0.19125 
15210000,0.19375 
15220000,0.19 
15230000,0.2 
15240000,0.20875 
15250000,0.195 
15260000,0.18625 
15270000,0.19625 
15280000,0.2 
15290000,0.1775 
15300000,0.19625 
15310000,0.1925 
15320000,0.205 
15330000,0.19875 
15340000,0.1975 
15350000,0.19875 
15360000,0.20875 
15370000,0.1975 
15380000,0.21125 
15390000,0.20375 
15400000,0.2 
15410000,0.21375 
15420000,0.205 
15430000,0.19375 
15440000,0.18875 
15450000,0.20375 
15460000,0.185 
15470000,0.21 
15480000,0.20625 
15490000,0.1925 
15500000,0.19875 
15510000,0.19875 
15520000,0.2 
15530000,0.19 
15540000,0.19625 
15550000,0.21375 
15560000,0.21 
15570000,0.2025 
15580000,0.1925 
15590000,0.1975 
15600000,0.195 
15610000,0.1825 
15620000,0.195 
15630000,0.20125 
15640000,0.19375 
15650000,0.19125 
15660000,0.195 
15670000,0.20625 
15680000,0.195 
15690000,0.2125 
15700000,0.195 
15710000,0.19 
15720000,0.18875 
15730000,0.19375 
15740000,0.195 
15750000,0.19375 
15760000,0.1925 
15770000,0.19625 
15780000,0.2 
15790000,0.17875 
15800000,0.17875 
15810000,0.19625 
15820000,0.195 
15830000,0.2 
15840000,0.21125 
15850000,0.20375 
15860000,0.2 
15870000,0.2025 
15880000,0.19625 
15890000,0.19125 
15900000,0.1975 
15910000,0.205 
15920000,0.18 
15930000,0.19875 
15940000,0.2 
15950000,0.20125 
15960000,0.19625 
15970000,0.19125 
15980000,0.205 
15990000,0.19625 
16000000,0.19875 
16010000,0.1975 
16020000,0.20125 
16030000,0.195 
16040000,0.19375 
16050000,0.19625 
16060000,0.195 
16070000,0.19 
16080000,0.18875 
16090000,0.19125 
16100000,0.20375 
16110000,0.19125 
16120000,0.2 
16130000,0.185 
16140000,0.19 
16150000,0.1875 
16160000,0.18125 
16170000,0.2 
16180000,0.18875 
16190000,0.18625 
16200000,0.1875 
16210000,0.18375 
16220000,0.21 
16230000,0.21625 
16240000,0.19375 
16250000,0.18625 
16260000,0.2075 
16270000,0.1975 
16280000,0.195 
16290000,0.185 
16300000,0.19125 
16310000,0.1925 
16320000,0.2 
16330000,0.18625 
16340000,0.1925 
16350000,0.1875 
16360000,0.1875 
16370000,0.20875 
16380000,0.1875 
16390000,0.17125 
16400000,0.19875 
16410000,0.2 
16420000,0.19625 
16430000,0.19375 
16440000,0.18875 
16450000,0.18875 
16460000,0.195 
16470000,0.1875 
16480000,0.18625 
16490000,0.19 
16500000,0.175 
16510000,0.1975 
16520000,0.195 
16530000,0.19875 
16540000,0.19875 
16550000,0.18 
16560000,0.18375 
16570000,0.20625 
16580000,0.205 
16590000,0.1975 
16600000,0.19875 
16610000,0.18625 
16620000,0.1825 
16630000,0.18875 
16640000,0.17375 
16650000,0.18 
16660000,0.185 
16670000,0.19 
16680000,0.18875 
16690000,0.1875 
16700000,0.19625 
16710000,0.18375 
16720000,0.17625 
16730000,0.18625 
16740000,0.18625 
16750000,0.1725 
16760000,0.17 
16770000,0.19625 
16780000,0.175 
16790000,0.1875 
16800000,0.1875 
16810000,0.19 
16820000,0.195 
16830000,0.2075 
16840000,0.18 
16850000,0.17875 
16860000,0.2025 
16870000,0.1875 
16880000,0.19 
16890000,0.185 
16900000,0.195 
16910000,0.19625 
16920000,0.1875 
16930000,0.19125 
16940000,0.19375 
16950000,0.17875 
16960000,0.2125 
16970000,0.2 
16980000,0.18 
16990000,0.19125 
17000000,0.195 
17010000,0.19875 
17020000,0.19125 
17030000,0.19875 
17040000,0.18875 
17050000,0.1825 
17060000,0.19875 
17070000,0.195 
17080000,0.18875 
17090000,0.19125 
17100000,0.19625 
17110000,0.18625 
17120000,0.1875 
17130000,0.19625 
17140000,0.19625 
17150000,0.1825 
17160000,0.2 
17170000,0.19625 
17180000,0.195 
17190000,0.1875 
17200000,0.18625 
17210000,0.19 
17220000,0.1825 
17230000,0.18625 
17240000,0.1725 
17250000,0.18375 
17260000,0.19125 
17270000,0.1875 
17280000,0.2025 
17290000,0.1975 
17300000,0.19875 
17310000,0.17625 
17320000,0.2025 
17330000,0.18625 
17340000,0.20125 
17350000,0.19 
17360000,0.2025 
17370000,0.19625 
17380000,0.1925 
17390000,0.19875 
17400000,0.18375 
17410000,0.1825 
17420000,0.21 
17430000,0.185 
17440000,0.20125 
17450000,0.205 
17460000,0.19875 
17470000,0.21625 
17480000,0.19125 
17490000,0.20125 
17500000,0.19125 
17510000,0.18625 
17520000,0.19 
17530000,0.19 
17540000,0.19375 
17550000,0.2175 
17560000,0.185 
17570000,0.1875 
17580000,0.20125 
17590000,0.1925 
17600000,0.1975 
17610000,0.195 
17620000,0.19625 
17630000,0.18875 
17640000,0.2025 
17650000,0.18875 
17660000,0.18 
17670000,0.205 
17680000,0.19375 
17690000,0.1925 
17700000,0.1975 
17710000,0.18125 
17720000,0.1575 
17730000,0.19375 
17740000,0.19875 
17750000,0.19 
17760000,0.17875 
17770000,0.20875 
17780000,0.18 
17790000,0.18625 
17800000,0.185 
17810000,0.2025 
17820000,0.17625 
17830000,0.17625 
17840000,0.1825 
17850000,0.21125 
17860000,0.18375 
17870000,0.17625 
17880000,0.185 
17890000,0.19 
17900000,0.19125 
17910000,0.1725 
17920000,0.2025 
17930000,0.1825 
17940000,0.185 
17950000,0.19375 
17960000,0.19875 
17970000,0.19375 
17980000,0.18625 
17990000,0.19 
18000000,0.20125 
18010000,0.20125 
18020000,0.19125 
18030000,0.1825 
18040000,0.1925 
18050000,0.185 
18060000,0.18875 
18070000,0.19125 
18080000,0.19625 
18090000,0.17625 
18100000,0.1925 
18110000,0.2 
18120000,0.18875 
18130000,0.19625 
18140000,0.18875 
18150000,0.19875 
18160000,0.20125 
18170000,0.1825 
18180000,0.185 
18190000,0.19125 
18200000,0.19375 
18210000,0.19125 
18220000,0.19375 
18230000,0.1875 
18240000,0.18375 
18250000,0.19375 
18260000,0.17625 
18270000,0.19625 
18280000,0.19875 
18290000,0.2 
18300000,0.205 
18310000,0.19125 
18320000,0.1825 
18330000,0.17875 
18340000,0.17875 
18350000,0.18125 
18360000,0.18125 
18370000,0.17625 
18380000,0.18875 
18390000,0.18 
18400000,0.19375 
18410000,0.195 
18420000,0.20375 
18430000,0.19625 
18440000,0.205 
18450000,0.19875 
18460000,0.1925 
18470000,0.2 
18480000,0.20875 
18490000,0.195 
18500000,0.20375 
18510000,0.20125 
18520000,0.21 
18530000,0.2 
18540000,0.19625 
18550000,0.21 
18560000,0.20375 
18570000,0.2025 
18580000,0.1925 
18590000,0.1975 
18600000,0.19375 
18610000,0.1825 
18620000,0.2075 
18630000,0.18875 
18640000,0.19875 
18650000,0.19375 
18660000,0.2075 
18670000,0.19375 
18680000,0.195 
18690000,0.19375 
18700000,0.19375 
18710000,0.21 
18720000,0.2 
18730000,0.20375 
18740000,0.20625 
18750000,0.19 
18760000,0.20625 
18770000,0.2 
18780000,0.1975 
18790000,0.19375 
18800000,0.19875 
18810000,0.20375 
18820000,0.2025 
18830000,0.18875 
18840000,0.1975 
18850000,0.1875 
18860000,0.19 
18870000,0.19625 
18880000,0.195 
18890000,0.2 
18900000,0.19 
18910000,0.205 
18920000,0.205 
18930000,0.1975 
18940000,0.17875 
18950000,0.19 
18960000,0.18125 
18970000,0.1825 
18980000,0.18375 
18990000,0.20375 
19000000,0.18875 
19010000,0.2075 
19020000,0.1875 
19030000,0.20125 
19040000,0.17875 
19050000,0.1875 
19060000,0.20375 
19070000,0.1925 
19080000,0.2025 
19090000,0.18125 
19100000,0.17625 
19110000,0.20125 
19120000,0.19125 
19130000,0.1975 
19140000,0.21 
19150000,0.18625 
19160000,0.1875 
19170000,0.20875 
19180000,0.225 
19190000,0.1975 
19200000,0.195 
19210000,0.185 
19220000,0.19 
19230000,0.1925 
19240000,0.185 
19250000,0.205 
19260000,0.19 
19270000,0.195 
19280000,0.195 
19290000,0.18875 
19300000,0.1825 
19310000,0.20875 
19320000,0.18875 
19330000,0.1975 
19340000,0.1875 
19350000,0.1875 
19360000,0.19625 
19370000,0.18875 
19380000,0.19875 
19390000,0.18875 
19400000,0.1975 
19410000,0.1975 
19420000,0.1925 
19430000,0.195 
19440000,0.19625 
19450000,0.19875 
19460000,0.1975 
19470000,0.19875 
19480000,0.18875 
19490000,0.195 
19500000,0.185 
19510000,0.1925 
19520000,0.2 
19530000,0.19125 
19540000,0.195 
19550000,0.2025 
19560000,0.18875 
19570000,0.18875 
19580000,0.19375 
19590000,0.19375 
19600000,0.19875 
19610000,0.2025 
19620000,0.19625 
19630000,0.20375 
19640000,0.19 
19650000,0.175 
19660000,0.20125 
19670000,0.19875 
19680000,0.195 
19690000,0.20125 
19700000,0.2025 
19710000,0.19375 
19720000,0.19625 
19730000,0.1925 
19740000,0.19125 
19750000,0.19625 
19760000,0.19875 
19770000,0.195 
19780000,0.2 
19790000,0.20125 
19800000,0.20875 
19810000,0.2025 
19820000,0.18625 
19830000,0.20125 
19840000,0.1975 
19850000,0.2 
19860000,0.2075 
19870000,0.195 
19880000,0.2025 
19890000,0.21375 
19900000,0.195 
19910000,0.205 
19920000,0.2025 
19930000,0.19375 
19940000,0.2075 
19950000,0.19875 
19960000,0.18375 
19970000,0.2075 
19980000,0.1975 
19990000,0.2 
20000000,0.2 
20010000,0.20625 
20020000,0.19 
20030000,0.19875 
20040000,0.20875 
20050000,0.19375 
20060000,0.19375 
20070000,0.205 
20080000,0.19125 
20090000,0.2 
20100000,0.19125 
20110000,0.18625 
20120000,0.19 
20130000,0.19375 
20140000,0.21 
20150000,0.18875 
20160000,0.185 
20170000,0.1925 
20180000,0.1975 
20190000,0.18375 
20200000,0.1925 
20210000,0.20125 
20220000,0.1925 
20230000,0.19125 
20240000,0.20125 
20250000,0.20625 
20260000,0.21125 
20270000,0.1875 
20280000,0.2025 
20290000,0.20875 
20300000,0.19125 
20310000,0.20125 
20320000,0.19625 
20330000,0.19125 
20340000,0.18625 
20350000,0.19 
20360000,0.20125 
20370000,0.1975 
20380000,0.1925 
20390000,0.185 
20400000,0.195 
20410000,0.1875 
20420000,0.17875 
20430000,0.185 
20440000,0.205 
20450000,0.175 
20460000,0.18875 
20470000,0.1875 
20480000,0.1925 
20490000,0.19375 
20500000,0.19875 
20510000,0.2075 
20520000,0.19375 
20530000,0.19375 
20540000,0.1725 
20550000,0.19375 
20560000,0.195 
20570000,0.20125 
20580000,0.195 
20590000,0.1875 
20600000,0.1975 
20610000,0.205 
20620000,0.17625 
20630000,0.19625 
20640000,0.1825 
20650000,0.19125 
20660000,0.20875 
20670000,0.1925 
20680000,0.18875 
20690000,0.19625 
20700000,0.18875 
20710000,0.19625 
20720000,0.20375 
20730000,0.19125 
20740000,0.20125 
20750000,0.1975 
20760000,0.1975 
20770000,0.2 
20780000,0.195 
20790000,0.2025 
20800000,0.18625 
20810000,0.19875 
20820000,0.19875 
20830000,0.19875 
20840000,0.19625 
20850000,0.2075 
20860000,0.195 
20870000,0.1975 
20880000,0.185 
20890000,0.195 
20900000,0.19625 
20910000,0.2 
20920000,0.17625 
20930000,0.185 
20940000,0.19375 
20950000,0.19625 
20960000,0.19625 
20970000,0.2 
20980000,0.19375 
20990000,0.20125 
21000000,0.1925 
21010000,0.19375 
21020000,0.18625 
21030000,0.2 
21040000,0.19625 
21050000,0.2 
21060000,0.1975 
21070000,0.1975 
21080000,0.19625 
21090000,0.20625 
21100000,0.19625 
21110000,0.19375 
21120000,0.1825 
21130000,0.2 
21140000,0.19125 
21150000,0.1975 
21160000,0.19875 
21170000,0.2 
21180000,0.19625 
21190000,0.18875 
21200000,0.22 
21210000,0.20625 
21220000,0.195 
21230000,0.205 
21240000,0.2075 
21250000,0.1925 
21260000,0.185 
21270000,0.20125 
21280000,0.1875 
21290000,0.20125 
21300000,0.205 
21310000,0.19875 
21320000,0.2025 
21330000,0.20375 
21340000,0.20625 
21350000,0.20375 
21360000,0.1925 
21370000,0.21125 
21380000,0.195 
21390000,0.18875 
21400000,0.18375 
21410000,0.19625 
21420000,0.19625 
21430000,0.1975 
21440000,0.19625 
21450000,0.1975 
21460000,0.2075 
21470000,0.19875 
21480000,0.21 
21490000,0.195 
21500000,0.1875 
21510000,0.17875 
21520000,0.2 
21530000,0.18375 
21540000,0.19 
21550000,0.18875 
21560000,0.19875 
21570000,0.1975 
21580000,0.20625 
21590000,0.18375 
21600000,0.195 
21610000,0.17625 
21620000,0.195 
21630000,0.18625 
21640000,0.18375 
21650000,0.19 
21660000,0.185 
21670000,0.18875 
21680000,0.185 
21690000,0.1925 
21700000,0.19875 
21710000,0.19 
21720000,0.195 
21730000,0.20375 
21740000,0.19875 
21750000,0.20875 
21760000,0.20375 
21770000,0.18875 
21780000,0.19125 
21790000,0.1875 
21800000,0.19875 
21810000,0.1875 
21820000,0.1875 
21830000,0.19 
21840000,0.19625 
21850000,0.185 
21860000,0.1875 
21870000,0.21 
21880000,0.18375 
21890000,0.2025 
21900000,0.20125 
21910000,0.1875 
21920000,0.2025 
21930000,0.19125 
21940000,0.195 
21950000,0.21 
21960000,0.19375 
21970000,0.18625 
21980000,0.19125 
21990000,0.2 
22000000,0.18625 
22010000,0.18125 
22020000,0.18875 
22030000,0.1875 
22040000,0.19375 
22050000,0.185 
22060000,0.20375 
22070000,0.20125 
22080000,0.19375 
22090000,0.1925 
22100000,0.19375 
22110000,0.19125 
22120000,0.18 
22130000,0.20125 
22140000,0.185 
22150000,0.205 
22160000,0.19 
22170000,0.2 
22180000,0.185 
22190000,0.1925 
22200000,0.2 
22210000,0.20375 
22220000,0.1975 
22230000,0.19625 
22240000,0.19875 
22250000,0.205 
22260000,0.20875 
22270000,0.19125 
22280000,0.2 
22290000,0.19125 
22300000,0.19875 
22310000,0.2025 
22320000,0.21 
22330000,0.19375 
22340000,0.21375 
22350000,0.195 
22360000,0.21 
22370000,0.20625 
22380000,0.18625 
22390000,0.19375 
22400000,0.1925 
22410000,0.19375 
22420000,0.2025 
22430000,0.1875 
22440000,0.19375 
22450000,0.19 
22460000,0.20875 
22470000,0.175 
22480000,0.20875 
22490000,0.1975 
22500000,0.2025 
22510000,0.20125 
22520000,0.18625 
22530000,0.19125 
22540000,0.20375 
22550000,0.19875 
22560000,0.19875 
22570000,0.20125 
22580000,0.1975 
22590000,0.19 
22600000,0.2025 
22610000,0.2 
22620000,0.18 
22630000,0.20125 
22640000,0.2 
22650000,0.18875 
22660000,0.20375 
22670000,0.1975 
22680000,0.18375 
22690000,0.1875 
22700000,0.1925 
22710000,0.18375 
22720000,0.18375 
22730000,0.19875 
22740000,0.1975 
22750000,0.2 
22760000,0.19 
22770000,0.18875 
22780000,0.1925 
22790000,0.2 
22800000,0.19 
22810000,0.2025 
22820000,0.19125 
22830000,0.19 
22840000,0.19375 
22850000,0.20875 
22860000,0.1875 
22870000,0.195 
22880000,0.20375 
22890000,0.195 
22900000,0.19 
22910000,0.19625 
22920000,0.19125 
22930000,0.2025 
22940000,0.195 
22950000,0.18875 
22960000,0.1975 
22970000,0.19375 
22980000,0.17625 
22990000,0.18125 
23000000,0.17625 
23010000,0.2 
23020000,0.19 
23030000,0.19875 
23040000,0.2 
23050000,0.19125 
23060000,0.185 
23070000,0.20375 
23080000,0.18875 
23090000,0.19375 
23100000,0.175 
23110000,0.20625 
23120000,0.19625 
23130000,0.19625 
23140000,0.19625 
23150000,0.19 
23160000,0.1975 
23170000,0.18625 
23180000,0.19375 
23190000,0.1825 
23200000,0.1825 
23210000,0.18 
23220000,0.195 
23230000,0.19375 
23240000,0.1925 
23250000,0.2 
23260000,0.19125 
23270000,0.19 
23280000,0.19625 
23290000,0.205 
23300000,0.19625 
23310000,0.1875 
23320000,0.185 
23330000,0.1925 
23340000,0.2025 
23350000,0.1925 
23360000,0.19125 
23370000,0.185 
23380000,0.18125 
23390000,0.19125 
23400000,0.19125 
23410000,0.18 
23420000,0.175 
23430000,0.19 
23440000,0.18625 
23450000,0.1825 
23460000,0.18875 
23470000,0.1775 
23480000,0.18375 
23490000,0.18625 
23500000,0.18625 
23510000,0.17375 
23520000,0.19 
23530000,0.19125 
23540000,0.1825 
23550000,0.17875 
23560000,0.19375 
23570000,0.1875 
23580000,0.195 
23590000,0.195 
23600000,0.195 
23610000,0.1825 
23620000,0.18375 
23630000,0.19375 
23640000,0.19625 
23650000,0.1975 
23660000,0.17375 
23670000,0.17875 
23680000,0.18 
23690000,0.1925 
23700000,0.1925 
23710000,0.19375 
23720000,0.2 
23730000,0.18125 
23740000,0.16625 
23750000,0.18 
23760000,0.185 
23770000,0.17625 
23780000,0.1875 
23790000,0.19625 
23800000,0.205 
23810000,0.19 
23820000,0.195 
23830000,0.19375 
23840000,0.1975 
23850000,0.20125 
23860000,0.20125 
23870000,0.18625 
23880000,0.18625 
23890000,0.20125 
23900000,0.1875 
23910000,0.19125 
23920000,0.19875 
23930000,0.17375 
23940000,0.19 
23950000,0.19375 
23960000,0.19125 
23970000,0.185 
23980000,0.2 
23990000,0.1875 
24000000,0.18625 
24010000,0.1975 
24020000,0.205 
24030000,0.19375 
24040000,0.19 
24050000,0.19125 
24060000,0.20125 
24070000,0.18875 
24080000,0.2 
24090000,0.185 
24100000,0.19375 
24110000,0.19875 
24120000,0.185 
24130000,0.19875 
24140000,0.2 
24150000,0.20125 
24160000,0.18625 
24170000,0.19375 
24180000,0.20125 
24190000,0.19 
24200000,0.18875 
24210000,0.1825 
24220000,0.18125 
24230000,0.19625 
24240000,0.20625 
24250000,0.195 
24260000,0.1925 
24270000,0.205 
24280000,0.195 
24290000,0.1825 
24300000,0.19375 
24310000,0.19125 
24320000,0.20625 
24330000,0.205 
24340000,0.19375 
24350000,0.19875 
24360000,0.2025 
24370000,0.19875 
24380000,0.19125 
24390000,0.195 
24400000,0.2075 
24410000,0.19125 
24420000,0.19875 
24430000,0.1875 
24440000,0.21125 
24450000,0.2025 
24460000,0.20875 
24470000,0.19375 
24480000,0.2125 
24490000,0.21875 
24500000,0.1975 
24510000,0.195 
24520000,0.19875 
24530000,0.2025 
24540000,0.19375 
24550000,0.19625 
24560000,0.19625 
24570000,0.185 
24580000,0.195 
24590000,0.19875 
24600000,0.2 
24610000,0.20625 
24620000,0.1875 
24630000,0.19 
24640000,0.18875 
24650000,0.19125 
24660000,0.20125 
24670000,0.19 
24680000,0.19 
24690000,0.18 
24700000,0.19125 
24710000,0.18625 
24720000,0.1825 
24730000,0.19 
24740000,0.18625 
24750000,0.18875 
24760000,0.1875 
24770000,0.19125 
24780000,0.19375 
24790000,0.19625 
24800000,0.2025 
24810000,0.19875 
24820000,0.19 
24830000,0.2 
24840000,0.2025 
24850000,0.20375 
24860000,0.1925 
24870000,0.195 
24880000,0.20125 
24890000,0.195 
24900000,0.19625 
24910000,0.1875 
24920000,0.18125 
24930000,0.17625 
24940000,0.195 
24950000,0.18625 
24960000,0.18875 
24970000,0.195 
24980000,0.19375 
24990000,0.19125 
25000000,0.19125 
