10000,0.4300000071525574 
20000,0.5400000214576721 
30000,0.7400000095367432 
40000,0.75 
50000,0.8299999833106995 
60000,1.059999942779541 
70000,1.1699999570846558 
80000,1.159999966621399 
90000,1.2899999618530273 
100000,1.4199999570846558 
110000,1.4500000476837158 
120000,1.5299999713897705 
130000,1.6299999952316284 
140000,0.9800000190734863 
150000,0.550000011920929 
160000,-0.25999999046325684 
170000,-1.4800000190734863 
180000,-1.2899999618530273 
190000,-0.6499999761581421 
200000,0.07000000029802322 
210000,0.019999999552965164 
220000,0.7200000286102295 
230000,0.3499999940395355 
240038,1.2899999618530273 
250038,1.2000000476837158 
260038,1.3600000143051147 
270038,1.090000033378601 
280038,1.309999942779541 
290038,1.5399999618530273 
300038,1.75 
310038,1.690000057220459 
320038,1.850000023841858 
330038,2.0399999618530273 
340038,2.190000057220459 
350038,2.259999990463257 
360038,2.5199999809265137 
370038,2.450000047683716 
380038,2.5199999809265137 
390030,2.609999895095825 
400010,2.75 
410010,2.740000009536743 
420010,2.5299999713897705 
430010,2.890000104904175 
440008,2.7699999809265137 
450008,2.9100000858306885 
460008,2.5899999141693115 
470008,2.859999895095825 
480008,2.9700000286102295 
490000,2.9100000858306885 
500030,2.799999952316284 
510013,3.0199999809265137 
520013,2.9200000762939453 
530036,2.9100000858306885 
540017,3.0199999809265137 
550017,2.869999885559082 
560043,3.1500000953674316 
570043,3.009999990463257 
580043,3.1600000858306885 
590030,3.259999990463257 
600030,3.2699999809265137 
610030,3.140000104904175 
620021,3.2899999618530273 
630049,3.3399999141693115 
640013,3.4700000286102295 
650023,3.1700000762939453 
660005,3.2799999713897705 
670029,3.369999885559082 
680043,3.440000057220459 
690043,3.299999952316284 
700039,3.109999895095825 
710018,3.5299999713897705 
720048,3.509999990463257 
730025,3.4600000381469727 
740004,3.640000104904175 
750039,3.549999952316284 
760016,3.619999885559082 
770028,3.259999990463257 
780015,3.569999933242798 
790045,3.5 
800032,3.3499999046325684 
810001,3.450000047683716 
820005,3.3499999046325684 
830019,3.380000114440918 
840034,3.7100000381469727 
850032,3.799999952316284 
860040,3.309999942779541 
870019,3.4100000858306885 
880040,3.390000104904175 
890019,3.619999885559082 
900027,3.509999990463257 
910021,3.5199999809265137 
920021,3.5399999618530273 
930003,3.759999990463257 
940034,3.309999942779541 
950018,3.799999952316284 
960030,3.5 
970002,3.6500000953674316 
980022,3.880000114440918 
990028,3.559999942779541 
1000016,3.490000009536743 
1010003,3.430000066757202 
1020005,3.5399999618530273 
1030044,3.490000009536743 
1040043,3.5999999046325684 
1050033,3.559999942779541 
1060000,3.5899999141693115 
1070027,3.490000009536743 
1080019,3.549999952316284 
1090049,3.4100000858306885 
1100017,3.4700000286102295 
1110035,3.359999895095825 
1120021,3.7200000286102295 
1130046,3.680000066757202 
1140028,3.5399999618530273 
1150015,3.950000047683716 
1160037,3.4700000286102295 
1170037,3.7100000381469727 
1180040,3.680000066757202 
1190019,3.569999933242798 
1200032,3.569999933242798 
1210042,3.559999942779541 
1220045,3.9000000953674316 
1230033,3.690000057220459 
1240021,3.9700000286102295 
1250040,4.059999942779541 
1260017,3.7100000381469727 
1270033,3.5399999618530273 
1280018,3.7799999713897705 
1290008,3.880000114440918 
1300014,3.809999942779541 
1310012,3.5199999809265137 
1320000,3.869999885559082 
1330008,3.799999952316284 
1340000,3.9700000286102295 
1350031,4.039999961853027 
1360009,3.7100000381469727 
1370013,4.079999923706055 
1380002,4.050000190734863 
1390008,3.819999933242798 
1400010,4.039999961853027 
1410045,3.880000114440918 
1420003,3.819999933242798 
1430030,3.8299999237060547 
1440041,3.8399999141693115 
1450017,3.700000047683716 
1460033,3.9600000381469727 
1470015,4.179999828338623 
1480007,4.150000095367432 
1490028,3.859999895095825 
1500046,3.700000047683716 
1510036,3.950000047683716 
1520044,3.7799999713897705 
1530011,4.070000171661377 
1540024,4.070000171661377 
1550046,3.930000066757202 
1560012,3.690000057220459 
1570003,3.990000009536743 
1580030,4.070000171661377 
1590013,4.139999866485596 
1600040,3.9100000858306885 
1610004,4.150000095367432 
1620019,4.230000019073486 
1630003,4.139999866485596 
1640014,3.990000009536743 
1650030,4.239999771118164 
1660028,4.320000171661377 
1670017,4.150000095367432 
1680038,3.990000009536743 
1690038,3.8399999141693115 
1700032,4.21999979019165 
1710021,4.21999979019165 
1720047,4.340000152587891 
1730023,4.070000171661377 
1740009,4.210000038146973 
1750005,4.090000152587891 
1760012,4.179999828338623 
1770045,4.170000076293945 
1780038,4.269999980926514 
1790018,4.019999980926514 
1800041,3.9600000381469727 
1810031,4.159999847412109 
1820019,4.239999771118164 
1830022,4.389999866485596 
1840000,4.21999979019165 
1850017,4.5 
1860002,4.239999771118164 
1870013,4.03000020980835 
1880020,4.25 
1890005,4.349999904632568 
1900007,4.420000076293945 
1910016,4.179999828338623 
1920001,4.570000171661377 
1930014,4.03000020980835 
1940013,4.050000190734863 
1950040,4.53000020980835 
1960026,4.53000020980835 
1970004,4.420000076293945 
1980041,4.510000228881836 
1990004,4.360000133514404 
2000015,4.440000057220459 
2010036,4.099999904632568 
2020035,4.21999979019165 
2030048,4.579999923706055 
2040030,4.550000190734863 
2050012,4.400000095367432 
2060038,4.550000190734863 
2070022,4.610000133514404 
2080032,4.739999771118164 
2090030,4.489999771118164 
2100015,4.21999979019165 
2110040,4.400000095367432 
2120006,4.239999771118164 
2130001,4.53000020980835 
2140044,4.730000019073486 
2150014,4.75 
2160013,4.71999979019165 
2170045,4.420000076293945 
2180010,4.5 
2190031,4.78000020980835 
2200002,4.630000114440918 
2210011,4.590000152587891 
2220005,4.570000171661377 
2230031,4.679999828338623 
2240014,4.690000057220459 
2250018,4.460000038146973 
2260004,4.78000020980835 
2270023,4.650000095367432 
2280034,4.639999866485596 
2290042,4.650000095367432 
2300003,4.739999771118164 
2310049,4.659999847412109 
2320014,4.699999809265137 
2330014,4.710000038146973 
2340044,4.71999979019165 
2350041,4.769999980926514 
2360044,4.449999809265137 
2370037,4.610000133514404 
2380023,4.679999828338623 
2390032,4.619999885559082 
2400039,4.929999828338623 
2410032,4.909999847412109 
2420049,4.630000114440918 
2430014,4.909999847412109 
2440039,4.619999885559082 
2450042,4.730000019073486 
2460032,4.639999866485596 
2470027,4.78000020980835 
2480001,4.920000076293945 
2490021,4.789999961853027 
2500017,4.650000095367432 
2510004,5.079999923706055 
2520028,5.039999961853027 
2530006,4.940000057220459 
2540008,5.070000171661377 
2550018,5.0 
2560016,5.019999980926514 
2570007,4.849999904632568 
2580048,4.920000076293945 
2590029,5.090000152587891 
2600011,5.050000190734863 
2610020,4.869999885559082 
2620048,4.849999904632568 
2630004,4.869999885559082 
2640008,4.960000038146973 
2650022,5.039999961853027 
2660004,5.210000038146973 
2670006,4.920000076293945 
2680036,4.789999961853027 
2690030,5.190000057220459 
2700024,4.900000095367432 
2710004,5.179999828338623 
2720044,5.159999847412109 
2730004,5.090000152587891 
2740013,5.070000171661377 
2750013,4.929999828338623 
2760001,5.269999980926514 
2770000,4.900000095367432 
2780007,5.039999961853027 
2790021,5.079999923706055 
2800040,5.050000190734863 
2810038,5.199999809265137 
2820032,4.989999771118164 
2830037,4.809999942779541 
2840028,4.980000019073486 
2850030,5.159999847412109 
2860012,5.070000171661377 
2870013,5.210000038146973 
2880007,5.369999885559082 
2890033,5.28000020980835 
2900039,5.059999942779541 
2910011,5.199999809265137 
2920016,5.119999885559082 
2930017,5.409999847412109 
2940011,5.340000152587891 
2950003,4.989999771118164 
2960035,5.28000020980835 
2970025,5.039999961853027 
2980043,5.28000020980835 
2990046,5.239999771118164 
3000023,5.380000114440918 
3010003,5.119999885559082 
3020025,5.380000114440918 
3030032,5.559999942779541 
3040049,5.449999809265137 
3050032,5.360000133514404 
3060049,5.550000190734863 
3070007,5.289999961853027 
3080026,5.119999885559082 
3090001,5.139999866485596 
3100014,5.119999885559082 
3110001,5.179999828338623 
3120036,5.090000152587891 
3130019,5.230000019073486 
3140040,5.449999809265137 
3150008,5.289999961853027 
3160004,5.289999961853027 
3170044,5.059999942779541 
3180004,5.329999923706055 
3190006,5.25 
3200035,5.389999866485596 
3210029,5.420000076293945 
3220001,5.260000228881836 
3230029,5.230000019073486 
3240029,5.199999809265137 
3250037,5.230000019073486 
3260006,5.309999942779541 
3270001,5.300000190734863 
3280026,5.349999904632568 
3290030,5.349999904632568 
3300016,5.5 
3310032,5.630000114440918 
3320030,5.349999904632568 
3330008,5.409999847412109 
3340001,5.21999979019165 
3350018,5.550000190734863 
3360008,5.420000076293945 
3370019,5.46999979019165 
3380026,5.230000019073486 
3390000,5.349999904632568 
3400008,5.409999847412109 
3410015,5.510000228881836 
3420025,5.429999828338623 
3430028,5.480000019073486 
3440022,5.46999979019165 
3450026,5.340000152587891 
3460035,5.150000095367432 
3470025,5.429999828338623 
3480021,5.269999980926514 
3490003,5.269999980926514 
3500022,5.46999979019165 
3510001,5.659999847412109 
3520048,5.440000057220459 
3530038,5.409999847412109 
3540009,5.46999979019165 
3550006,5.670000076293945 
3560012,5.210000038146973 
3570029,5.449999809265137 
3580024,5.400000095367432 
3590004,5.46999979019165 
3600016,5.53000020980835 
3610031,5.420000076293945 
3620020,5.329999923706055 
3630014,5.400000095367432 
3640022,5.489999771118164 
3650021,5.510000228881836 
3660030,5.599999904632568 
3670006,5.579999923706055 
3680001,5.579999923706055 
3690038,5.230000019073486 
3700021,5.489999771118164 
3710041,5.570000171661377 
3720030,5.519999980926514 
3730000,5.610000133514404 
3740010,5.639999866485596 
3750011,5.550000190734863 
3760022,5.420000076293945 
3770044,5.420000076293945 
3780033,5.510000228881836 
3790004,5.429999828338623 
3800001,5.440000057220459 
3810018,5.650000095367432 
3820012,5.489999771118164 
3830023,5.400000095367432 
3840005,5.320000171661377 
3850036,5.639999866485596 
3860019,5.71999979019165 
3870003,5.679999828338623 
3880004,5.75 
3890044,5.659999847412109 
3900019,5.599999904632568 
3910036,5.809999942779541 
3920014,5.699999809265137 
3930038,5.659999847412109 
3940024,5.489999771118164 
3950000,5.53000020980835 
3960000,5.679999828338623 
3970020,5.53000020980835 
3980004,5.21999979019165 
3990011,5.53000020980835 
4000011,5.550000190734863 
4010037,5.599999904632568 
4020004,5.619999885559082 
4030001,5.699999809265137 
4040028,5.699999809265137 
4050003,5.610000133514404 
4060011,5.480000019073486 
4070011,5.460000038146973 
4080018,5.630000114440918 
4090004,5.510000228881836 
4100020,5.730000019073486 
4110037,5.550000190734863 
4120014,5.340000152587891 
4130032,5.409999847412109 
4140021,5.309999942779541 
4150010,5.53000020980835 
4160003,5.710000038146973 
4170001,5.619999885559082 
4180022,5.619999885559082 
4190004,5.5 
4200010,5.579999923706055 
4210006,5.610000133514404 
4220028,5.730000019073486 
4230002,5.519999980926514 
4240046,5.610000133514404 
4250024,5.449999809265137 
4260013,5.550000190734863 
4270007,5.659999847412109 
4280044,5.559999942779541 
4290023,5.570000171661377 
4300011,5.539999961853027 
4310002,5.539999961853027 
4320027,5.599999904632568 
4330012,5.670000076293945 
4340021,5.590000152587891 
4350036,5.599999904632568 
4360022,5.650000095367432 
4370032,5.630000114440918 
4380006,5.619999885559082 
4390034,5.579999923706055 
4400001,5.769999980926514 
4410018,5.710000038146973 
4420016,5.690000057220459 
4430038,5.769999980926514 
4440024,5.670000076293945 
4450014,5.730000019073486 
4460018,5.599999904632568 
4470016,5.679999828338623 
4480016,5.630000114440918 
4490017,5.550000190734863 
4500030,5.75 
4510021,5.53000020980835 
4520002,5.630000114440918 
4530035,5.639999866485596 
4540007,5.690000057220459 
4550016,5.679999828338623 
4560012,5.639999866485596 
4570012,5.570000171661377 
4580027,5.829999923706055 
4590000,5.699999809265137 
4600022,5.71999979019165 
4610017,5.820000171661377 
4620047,5.639999866485596 
4630022,5.510000228881836 
4640012,5.639999866485596 
4650032,5.690000057220459 
4660017,5.670000076293945 
4670009,5.630000114440918 
4680023,5.760000228881836 
4690028,5.71999979019165 
4700031,5.559999942779541 
4710004,5.679999828338623 
4720010,5.679999828338623 
4730028,5.570000171661377 
4740026,5.610000133514404 
4750005,5.639999866485596 
4760014,5.590000152587891 
4770045,5.610000133514404 
4780031,5.739999771118164 
4790002,5.710000038146973 
4800018,5.610000133514404 
4810010,5.659999847412109 
4820013,5.699999809265137 
4830000,5.539999961853027 
4840017,5.599999904632568 
4850014,5.650000095367432 
4860047,5.75 
4870022,5.809999942779541 
4880018,5.619999885559082 
4890001,5.730000019073486 
4900019,5.579999923706055 
4910006,5.730000019073486 
4920018,5.519999980926514 
4930014,5.699999809265137 
4940001,5.570000171661377 
4950021,5.519999980926514 
4960022,5.5 
4970013,5.71999979019165 
4980020,5.71999979019165 
4990016,5.690000057220459 
5000004,5.690000057220459 
5010010,5.630000114440918 
5020014,5.75 
5030018,5.820000171661377 
5040015,5.739999771118164 
5050014,5.590000152587891 
5060027,5.699999809265137 
5070049,5.739999771118164 
5080017,5.820000171661377 
5090033,5.670000076293945 
5100002,5.670000076293945 
5110023,5.820000171661377 
5120012,5.829999923706055 
5130019,5.679999828338623 
5140023,5.889999866485596 
5150024,5.630000114440918 
5160009,5.730000019073486 
5170031,5.739999771118164 
5180013,5.840000152587891 
5190023,5.889999866485596 
5200005,5.670000076293945 
5210001,5.46999979019165 
5220010,5.849999904632568 
5230002,5.809999942779541 
5240005,5.679999828338623 
5250007,5.800000190734863 
5260031,5.539999961853027 
5270019,5.789999961853027 
5280019,5.820000171661377 
5290026,5.71999979019165 
5300009,5.599999904632568 
5310009,5.699999809265137 
5320006,5.71999979019165 
5330020,5.699999809265137 
5340007,5.579999923706055 
5350003,5.659999847412109 
5360008,5.670000076293945 
5370001,5.710000038146973 
5380003,5.650000095367432 
5390011,5.78000020980835 
5400001,5.610000133514404 
5410002,5.769999980926514 
5420001,5.570000171661377 
5430018,5.769999980926514 
5440022,5.760000228881836 
5450021,5.880000114440918 
5460007,5.519999980926514 
5470021,5.840000152587891 
5480014,5.75 
5490014,5.789999961853027 
5500025,5.449999809265137 
5510015,5.840000152587891 
5520015,5.619999885559082 
5530002,5.699999809265137 
5540021,5.869999885559082 
5550011,5.849999904632568 
5560002,5.809999942779541 
5570006,5.820000171661377 
5580002,5.550000190734863 
5590006,5.539999961853027 
5600003,5.71999979019165 
5610015,5.659999847412109 
5620020,5.789999961853027 
5630021,5.699999809265137 
5640010,5.710000038146973 
5650020,5.730000019073486 
5660000,5.590000152587891 
5670030,5.739999771118164 
5680024,5.579999923706055 
5690001,5.769999980926514 
5700028,5.769999980926514 
5710017,5.71999979019165 
5720022,5.800000190734863 
5730018,5.730000019073486 
5740009,5.550000190734863 
5750017,5.840000152587891 
5760014,5.539999961853027 
5770016,5.730000019073486 
5780028,5.769999980926514 
5790011,5.670000076293945 
5800033,5.809999942779541 
5810014,5.889999866485596 
5820036,5.809999942779541 
5830011,5.760000228881836 
5840046,5.75 
5850004,5.869999885559082 
5860002,5.690000057220459 
5870003,5.71999979019165 
5880021,5.71999979019165 
5890017,5.840000152587891 
5900001,5.460000038146973 
5910020,5.659999847412109 
5920012,5.690000057220459 
5930016,5.699999809265137 
5940002,5.519999980926514 
5950006,5.599999904632568 
5960006,5.710000038146973 
5970011,5.800000190734863 
5980010,5.769999980926514 
5990023,5.71999979019165 
6000019,5.679999828338623 
6010026,5.849999904632568 
6020009,5.619999885559082 
6030010,5.760000228881836 
6040007,5.590000152587891 
6050038,5.630000114440918 
6060018,5.760000228881836 
6070001,5.730000019073486 
6080000,5.739999771118164 
6090001,5.789999961853027 
6100012,5.699999809265137 
6110048,5.710000038146973 
6120020,5.679999828338623 
6130003,5.760000228881836 
6140004,5.650000095367432 
6150012,5.71999979019165 
6160007,5.75 
6170000,5.590000152587891 
6180017,5.619999885559082 
6190022,5.75 
6200038,5.820000171661377 
6210026,5.610000133514404 
6220008,5.760000228881836 
6230023,5.630000114440918 
6240024,5.5 
6250010,5.699999809265137 
6260014,5.840000152587891 
6270006,5.670000076293945 
6280018,5.71999979019165 
6290015,5.699999809265137 
6300036,5.480000019073486 
6310002,5.789999961853027 
6320027,5.670000076293945 
6330020,5.619999885559082 
6340013,5.849999904632568 
