10000,0.024250183254480362 
20000,0.032941922545433044 
30000,0.03288020193576813 
40000,0.04092879220843315 
50000,0.030776917934417725 
60000,0.03090040385723114 
70000,0.03218239173293114 
80000,0.03432251140475273 
90000,0.03775877133011818 
100000,0.04313678294420242 
110000,0.04738064855337143 
120000,0.03856360912322998 
130000,0.039504274725914 
140000,0.04325837269425392 
150000,0.05203479900956154 
160000,0.03934027627110481 
170000,0.030508866533637047 
180000,0.045367613434791565 
190000,0.034636225551366806 
200000,0.038556139916181564 
210000,0.04464530572295189 
220000,0.025968005880713463 
230000,0.041377343237400055 
240000,0.027905547991394997 
250000,0.04357440024614334 
260000,0.028121406212449074 
270000,0.033634886145591736 
280000,0.034371647983789444 
290000,0.025569625198841095 
300000,0.029843544587492943 
310000,0.04399752616882324 
320000,0.048030074685811996 
330000,0.028374619781970978 
340000,0.03382503613829613 
350000,0.04841287434101105 
360000,0.04521778225898743 
370000,0.050463493913412094 
380000,0.0277714803814888 
390000,0.0421530120074749 
400000,0.039978496730327606 
410000,0.03464679792523384 
420000,0.044873762875795364 
430000,0.04677629470825195 
440000,0.04166364297270775 
450000,0.03902937099337578 
460000,0.036776673048734665 
470000,0.03484571352601051 
480000,0.041468314826488495 
490000,0.044815801084041595 
500000,0.05926423892378807 
510000,0.03624434024095535 
520000,0.04590090736746788 
530000,0.05446919798851013 
540000,0.033440589904785156 
550000,0.04738221317529678 
560000,0.05194521322846413 
570000,0.0370313823223114 
580000,0.04365231841802597 
590000,0.038446612656116486 
600000,0.03390512242913246 
610000,0.045570068061351776 
620000,0.038767896592617035 
630000,0.03910961002111435 
640000,0.0413215346634388 
650000,0.0404425710439682 
660000,0.03157622739672661 
670000,0.04989088699221611 
680000,0.054684676229953766 
690000,0.04064474627375603 
700000,0.037134528160095215 
710000,0.03242875635623932 
720000,0.038861434906721115 
730000,0.03947688639163971 
740000,0.05089607834815979 
750000,0.037726011127233505 
760000,0.052540626376867294 
770000,0.046619996428489685 
780000,0.0321827195584774 
790000,0.04627450555562973 
800000,0.04225682094693184 
810000,0.04038885980844498 
820000,0.058694448322057724 
830000,0.04534818232059479 
840000,0.04263744503259659 
850000,0.05482284724712372 
860000,0.030049508437514305 
870000,0.044087886810302734 
880000,0.05386490002274513 
890000,0.05436624959111214 
900000,0.0263301283121109 
910000,0.042349763214588165 
920000,0.0527992807328701 
930040,0.056932058185338974 
940040,0.047397881746292114 
950040,0.037645187228918076 
960040,0.025527527555823326 
970040,0.033710580319166183 
980040,0.05317309498786926 
990040,0.041598204523324966 
1000040,0.049683455377817154 
1010040,0.047391459345817566 
1020040,0.04675712063908577 
1030040,0.05371592193841934 
1040040,0.05231797695159912 
1050040,0.045818403363227844 
1060040,0.05256389081478119 
1070040,0.05307726934552193 
1080040,0.042243119329214096 
1090040,0.04423626512289047 
1100040,0.049738988280296326 
1110040,0.05002910643815994 
1120040,0.05183468014001846 
1130040,0.05273731052875519 
1140040,0.056736573576927185 
1150040,0.04641566798090935 
1160040,0.06054636836051941 
1170040,0.05818188190460205 
1180040,0.04343237727880478 
1190040,0.04714445024728775 
1200040,0.061754487454891205 
1210040,0.04383441060781479 
1220040,0.0526023805141449 
1230040,0.05785404518246651 
1240040,0.050241176038980484 
1250040,0.046247292309999466 
1260040,0.06342504918575287 
1270040,0.03551812097430229 
1280040,0.04220706596970558 
1290040,0.0434255376458168 
1300040,0.05070032924413681 
1310040,0.05167447030544281 
1320040,0.07234340906143188 
1330040,0.06370820850133896 
1340040,0.04695575684309006 
1350040,0.036928072571754456 
1360040,0.03617987409234047 
1370040,0.03293520584702492 
1380040,0.03646437078714371 
1390040,0.06948193907737732 
1400040,0.052475977689027786 
1410040,0.0427062064409256 
1420040,0.02725396864116192 
1430040,0.04919439181685448 
1440040,0.05212346464395523 
1450040,0.05446796491742134 
1460040,0.028022201731801033 
1470040,0.05448537319898605 
1480040,0.04616156592965126 
1490040,0.04554520547389984 
1500040,0.028714509680867195 
1510040,0.033309999853372574 
1520040,0.044106751680374146 
1530040,0.042645372450351715 
1540040,0.051900435239076614 
1550040,0.05643521621823311 
1560040,0.057826343923807144 
1570040,0.03242644667625427 
1580040,0.04021252691745758 
1590040,0.035100292414426804 
1600040,0.03912945091724396 
1610040,0.06080838665366173 
1620040,0.03914336860179901 
1630040,0.041197553277015686 
1640040,0.04680855572223663 
1650040,0.057065729051828384 
1660040,0.05327211320400238 
1670040,0.03998002037405968 
1680040,0.03759141266345978 
1690040,0.031645942479372025 
1700040,0.05067180097103119 
1710040,0.045439980924129486 
1720040,0.050727006047964096 
1730040,0.0565565824508667 
1740040,0.04346267879009247 
1750040,0.045862168073654175 
1760040,0.05347428843379021 
1770040,0.05018741637468338 
1780040,0.06822685152292252 
1790040,0.052920274436473846 
1800040,0.047199830412864685 
1810040,0.04414689168334007 
1820040,0.04599325731396675 
1830040,0.03444264084100723 
1840040,0.037960540503263474 
1850040,0.045939479023218155 
1860040,0.04773637279868126 
1870040,0.04228268936276436 
1880040,0.05255686864256859 
1890040,0.03365462273359299 
1900040,0.03655167296528816 
1910040,0.047436948865652084 
1920040,0.053072378039360046 
1930040,0.038663726300001144 
1940040,0.05411577224731445 
1950040,0.03896694257855415 
1960040,0.0667489543557167 
1970040,0.058801669627428055 
1980040,0.04424029216170311 
1990040,0.05435790494084358 
2000040,0.04669161140918732 
2010040,0.0442599393427372 
2020040,0.056585893034935 
2030040,0.058566369116306305 
2040040,0.04766461253166199 
2050040,0.046840887516736984 
2060040,0.052688173949718475 
2070040,0.04731862246990204 
2080040,0.05986039340496063 
2090040,0.0376262329518795 
2100040,0.07408219575881958 
2110040,0.05730577930808067 
2120040,0.07538916915655136 
2130040,0.061930231750011444 
2140040,0.06651689857244492 
2150040,0.0398874506354332 
2160040,0.07167551666498184 
2170040,0.05669822171330452 
2180040,0.04816977679729462 
2190040,0.06420725584030151 
2200040,0.06682451069355011 
2210040,0.050794485956430435 
2220040,0.057087384164333344 
2230040,0.04036688432097435 
2240040,0.058792319148778915 
2250040,0.04634954407811165 
2260040,0.05530214309692383 
2270040,0.04235565662384033 
2280040,0.06475863605737686 
2290040,0.0461924746632576 
2300040,0.05080646649003029 
2310040,0.03343717381358147 
2320040,0.054674986749887466 
2330040,0.04935312643647194 
2340040,0.05024575814604759 
2350040,0.04750252887606621 
2360040,0.05078796297311783 
2370040,0.0572129525244236 
2380040,0.0532953180372715 
2390040,0.057309940457344055 
2400040,0.03511775657534599 
2410040,0.04442696273326874 
2420040,0.04468478634953499 
2430040,0.049813684076070786 
2440040,0.050326231867074966 
2450040,0.048718344420194626 
2460040,0.0486845001578331 
2470040,0.061753369867801666 
2480040,0.06310591101646423 
2490040,0.05229509249329567 
2500040,0.05539950355887413 
2510040,0.0507897287607193 
2520040,0.050021104514598846 
2530040,0.04692212492227554 
2540040,0.05023081228137016 
2550040,0.05701163411140442 
2560040,0.05181612819433212 
2570040,0.05135339871048927 
2580040,0.07218558341264725 
2590040,0.0486680269241333 
2600040,0.0646948590874672 
2610040,0.049811482429504395 
2620040,0.05679195374250412 
2630040,0.06105339154601097 
2640040,0.05254311114549637 
2650040,0.06720644235610962 
2660040,0.04728194326162338 
2670040,0.03597727417945862 
2680040,0.04953493922948837 
2690040,0.048714734613895416 
2700040,0.06635207682847977 
2710040,0.062181100249290466 
2720040,0.04917444288730621 
2730040,0.04029816761612892 
2740040,0.04576736316084862 
2750040,0.047976527363061905 
2760040,0.05830687656998634 
2770040,0.04658892750740051 
2780040,0.05883325636386871 
2790040,0.050524115562438965 
2800040,0.06650063395500183 
2810040,0.05362098291516304 
2820040,0.050897881388664246 
2830040,0.04351392760872841 
2840040,0.05969538539648056 
2850040,0.05415581539273262 
2860040,0.06410986185073853 
2870040,0.06867802888154984 
2880040,0.0576523095369339 
2890040,0.053252462297677994 
2900040,0.051437314599752426 
2910040,0.043212708085775375 
2920040,0.04715115576982498 
2930040,0.04568701237440109 
2940040,0.053521838039159775 
2950040,0.053172264248132706 
2960040,0.08525951206684113 
2970040,0.052038028836250305 
2980040,0.05915236473083496 
2990040,0.04982166737318039 
3000040,0.0489436537027359 
3010040,0.052851706743240356 
3020040,0.043299350887537 
3030040,0.044089771807193756 
3040040,0.037801843136548996 
3050040,0.03742554783821106 
3060040,0.04977251961827278 
3070040,0.03305678442120552 
3080040,0.053566426038742065 
3090040,0.04366116225719452 
3100040,0.05937543511390686 
3110040,0.055778056383132935 
3120040,0.0481451079249382 
3130040,0.036487482488155365 
3140040,0.047813862562179565 
3150040,0.04599130153656006 
3160040,0.07009938359260559 
3170040,0.051433686167001724 
3180040,0.0696272924542427 
3190040,0.03624390438199043 
3200040,0.04206998646259308 
3210040,0.04576181247830391 
3220040,0.052917804569005966 
3230040,0.04073434695601463 
3240040,0.05265199765563011 
3250040,0.06350991129875183 
3260040,0.06536799669265747 
3270040,0.055515170097351074 
3280040,0.0365460142493248 
3290040,0.05098501592874527 
3300040,0.07037172466516495 
3310040,0.04877511411905289 
3320040,0.06356435269117355 
3330040,0.05635574460029602 
3340040,0.04359636455774307 
3350040,0.0580391027033329 
3360040,0.05145154148340225 
3370040,0.06003282591700554 
3380040,0.059009652584791183 
3390040,0.05821032077074051 
3400040,0.07573013007640839 
3410040,0.05468713119626045 
3420040,0.04918470233678818 
3430040,0.05600663274526596 
3440040,0.042792901396751404 
3450040,0.04873137176036835 
3460040,0.05549309775233269 
3470040,0.02872508205473423 
3480040,0.08005548268556595 
3490040,0.05077344924211502 
3500040,0.040250662714242935 
3510040,0.05937234312295914 
3520040,0.049580466002225876 
3530040,0.04870067164301872 
3540040,0.05585885047912598 
3550040,0.04532881826162338 
3560040,0.05289355292916298 
3570040,0.05093194544315338 
3580040,0.06947064399719238 
3590040,0.07078280299901962 
3600040,0.06640265136957169 
3610040,0.05315423011779785 
3620040,0.05208064615726471 
3630040,0.08067616820335388 
3640040,0.044524841010570526 
3650040,0.050031937658786774 
3660040,0.04973554238677025 
3670040,0.0473279245197773 
3680040,0.037885088473558426 
3690040,0.06571009010076523 
3700040,0.05651627853512764 
3710040,0.043529462069272995 
3720040,0.05265690013766289 
3730040,0.05075344070792198 
3740040,0.061916761100292206 
3750040,0.05066220462322235 
3760040,0.05083690956234932 
3770040,0.046469222754240036 
3780040,0.05794639512896538 
3790040,0.06670863181352615 
3800040,0.055110834538936615 
3810040,0.0633985698223114 
3820040,0.07028000056743622 
3830040,0.05822733789682388 
3840040,0.06187840923666954 
3850040,0.05068366229534149 
3860040,0.04943597689270973 
3870040,0.03308109939098358 
3880040,0.04500694200396538 
3890040,0.047806430608034134 
3900040,0.06693106889724731 
3910040,0.048956383019685745 
3920040,0.0443032942712307 
3930040,0.05880778655409813 
3940040,0.046375736594200134 
3950040,0.04937690123915672 
3960040,0.052847810089588165 
3970040,0.07614325731992722 
3980040,0.0552329383790493 
3990040,0.05347588658332825 
4000040,0.04540516436100006 
4010040,0.06515556573867798 
4020040,0.042292237281799316 
4030040,0.046719029545784 
4040040,0.047474585473537445 
4050040,0.055516816675662994 
4060040,0.05847988277673721 
4070040,0.05258866399526596 
4080040,0.0640382170677185 
4090040,0.055989284068346024 
4100040,0.07574687898159027 
4110040,0.07108351588249207 
4120040,0.05249181389808655 
4130040,0.06830278784036636 
4140040,0.04993370920419693 
4150040,0.04216732457280159 
4160040,0.057128872722387314 
4170040,0.05187901854515076 
4180040,0.04793770611286163 
4190040,0.04573696106672287 
4200040,0.06308633089065552 
4210040,0.0521325059235096 
4220040,0.040117427706718445 
4230040,0.0484829917550087 
4240040,0.05533330515027046 
4250040,0.04415108263492584 
4260040,0.05951463058590889 
4270040,0.06511902064085007 
4280040,0.05688486248254776 
4290040,0.06688478589057922 
4300040,0.06698264926671982 
4310040,0.05796641483902931 
4320040,0.07219389826059341 
4330040,0.09157806634902954 
4340040,0.07313878834247589 
4350040,0.06368086487054825 
4360040,0.05054434761404991 
4370040,0.05162126570940018 
4380040,0.053366173058748245 
4390040,0.0507439523935318 
4400040,0.049330610781908035 
4410040,0.06495795398950577 
4420040,0.055797118693590164 
4430040,0.05036069080233574 
4440040,0.07729168236255646 
4450040,0.048731908202171326 
4460040,0.06779910624027252 
4470040,0.0411500446498394 
4480040,0.06273791193962097 
4490040,0.06138917803764343 
4500040,0.06867624074220657 
4510040,0.05554744228720665 
4520040,0.046747758984565735 
4530040,0.045851726084947586 
4540040,0.06726992875337601 
4550040,0.054816603660583496 
4560040,0.044077515602111816 
4570040,0.06908407062292099 
4580040,0.061425503343343735 
4590040,0.04326364025473595 
4600040,0.05471773073077202 
4610040,0.055227141827344894 
4620040,0.05874146893620491 
4630040,0.06104186177253723 
4640040,0.05231710523366928 
4650040,0.05408305302262306 
4660040,0.05389424413442612 
4670040,0.051766373217105865 
4680040,0.06881492584943771 
4690040,0.05204199627041817 
4700040,0.05292190611362457 
4710040,0.05312969163060188 
4720040,0.06577927619218826 
4730040,0.047455981373786926 
4740040,0.06284087896347046 
4750040,0.042577244341373444 
4760040,0.02799864113330841 
4770040,0.06870210915803909 
4780040,0.059184350073337555 
4790040,0.05207665264606476 
4800040,0.049524277448654175 
4810040,0.061435405164957047 
4820040,0.05370878055691719 
4830040,0.06436886638402939 
4840040,0.0586739256978035 
4850040,0.04784778133034706 
4860040,0.043639082461595535 
4870040,0.04517688229680061 
4880040,0.064612478017807 
4890040,0.06043662130832672 
4900040,0.07504401355981827 
4910017,0.05783618614077568 
4920017,0.0671980232000351 
4930017,0.046167079359292984 
4940017,0.0600341334939003 
4950017,0.05993889644742012 
4960017,0.049923740327358246 
4970017,0.06395548582077026 
4980017,0.04885095730423927 
4990017,0.0445689782500267 
5000017,0.05001021549105644 
5010017,0.048335108906030655 
5020017,0.058067403733730316 
5030017,0.05308908596634865 
5040017,0.06612443178892136 
5050017,0.08667410910129547 
5060017,0.061255160719156265 
5070017,0.06266969442367554 
5080017,0.0477558858692646 
5090017,0.059200186282396317 
5100017,0.06406053900718689 
5110017,0.058883313089609146 
5120017,0.04031325876712799 
5130017,0.057606615126132965 
5140017,0.053205154836177826 
5150017,0.04191213473677635 
5160017,0.0659940168261528 
5170017,0.05205806344747543 
5180017,0.03653009235858917 
5190017,0.06616217643022537 
5200017,0.0436779148876667 
5210017,0.056476011872291565 
5220017,0.035207223147153854 
5230017,0.048657506704330444 
5240017,0.04501118138432503 
5250017,0.06660348176956177 
5260017,0.03343673050403595 
5270017,0.06227969005703926 
5280017,0.05263156816363335 
5290017,0.06402841955423355 
5300017,0.054547615349292755 
5310017,0.06260516494512558 
5320017,0.0531112477183342 
5330017,0.06687065958976746 
5340017,0.05196240544319153 
5350017,0.0600973404943943 
5360017,0.05373826622962952 
5370017,0.04774488881230354 
5380017,0.06641038507223129 
5390017,0.04419668763875961 
5400017,0.050233740359544754 
5410017,0.04727843403816223 
5420017,0.05900721997022629 
5430017,0.05432973802089691 
5440017,0.07991849631071091 
5450047,0.05810317397117615 
5460047,0.05518009141087532 
5470047,0.04264079034328461 
5480047,0.06305991113185883 
5490047,0.04453396797180176 
5500047,0.03892756626009941 
5510047,0.047608908265829086 
5520047,0.04931238293647766 
5530047,0.04090123623609543 
5540047,0.05603422224521637 
5550047,0.04854504019021988 
5560047,0.037842050194740295 
5570047,0.04884624853730202 
5580047,0.0432463139295578 
5590047,0.06684289127588272 
5600047,0.04902724176645279 
5610047,0.04061184078454971 
5620047,0.06447839736938477 
5630047,0.07471568137407303 
5640047,0.06058366596698761 
5650047,0.06473903357982635 
5660047,0.05558029189705849 
5670047,0.043364692479372025 
5680047,0.06516101956367493 
5690047,0.03420346602797508 
5700047,0.05165331810712814 
5710047,0.05790802091360092 
5720047,0.049445249140262604 
5730047,0.072351835668087 
5740047,0.03828324005007744 
5750047,0.07360995560884476 
5760047,0.0628746822476387 
5770047,0.052346836775541306 
5780047,0.053350698202848434 
5790047,0.06665751338005066 
5800047,0.06385473906993866 
5810047,0.0581793449819088 
5820047,0.05253275856375694 
5830047,0.06360039114952087 
5840047,0.0607466883957386 
5850047,0.05169885978102684 
5860047,0.05472163110971451 
5870047,0.060248374938964844 
5880047,0.07305808365345001 
5890047,0.06279492378234863 
5900047,0.03614860400557518 
5910047,0.06690431386232376 
5920047,0.06800217926502228 
5930047,0.07172607630491257 
5940047,0.0666484609246254 
5950047,0.06810535490512848 
5960047,0.04618239775300026 
5970047,0.07627531886100769 
5980047,0.04108014702796936 
5990047,0.0550992488861084 
6000047,0.06557557731866837 
6010047,0.05438162386417389 
6020047,0.06747298687696457 
6030047,0.0525142177939415 
6040047,0.04994608089327812 
6050047,0.05759399011731148 
6060047,0.05178557708859444 
6070047,0.040461815893650055 
6080047,0.04827633500099182 
6090047,0.043362416326999664 
6100047,0.06754598021507263 
6110047,0.049867402762174606 
6120047,0.03884895145893097 
6130047,0.05967908352613449 
6140047,0.05582040175795555 
6150047,0.0673239529132843 
6160047,0.05534135922789574 
6170047,0.04595653712749481 
6180047,0.04448973014950752 
6190047,0.03483662009239197 
6200047,0.048128966242074966 
6210047,0.046241022646427155 
6220047,0.039313796907663345 
6230047,0.06069992855191231 
6240047,0.059612683951854706 
6250047,0.06053081527352333 
6260047,0.06438616663217545 
6270047,0.05336429923772812 
6280047,0.0636049211025238 
6290047,0.051492396742105484 
6300047,0.06409784406423569 
6310047,0.04910095036029816 
6320047,0.05005791783332825 
6330047,0.06640616059303284 
6340047,0.061760611832141876 
6350047,0.06426746398210526 
6360047,0.052812982350587845 
6370047,0.04065921902656555 
6380047,0.04366673156619072 
6390047,0.060333866626024246 
6400047,0.07529933750629425 
6410047,0.0587657168507576 
6420047,0.0489240325987339 
6430047,0.05243832617998123 
6440047,0.04811982810497284 
6450047,0.056731972843408585 
6460047,0.045240383595228195 
6470047,0.05968691036105156 
6480047,0.058305773884058 
6490047,0.056593626737594604 
6500047,0.06404918432235718 
6510047,0.059586524963378906 
6520047,0.03479783982038498 
6530047,0.05056798830628395 
6540047,0.06547705829143524 
6550047,0.05176852270960808 
6560047,0.06392368674278259 
6570047,0.05317747965455055 
6580047,0.07045440375804901 
6590047,0.07292483001947403 
6600047,0.05088184028863907 
6610047,0.047124527394771576 
6620047,0.06078146770596504 
6630047,0.06853649020195007 
6640047,0.04805191978812218 
6650047,0.0659872516989708 
6660047,0.03875583037734032 
6670047,0.05665658414363861 
6680047,0.06613986194133759 
6690047,0.05439076945185661 
6700047,0.0732586681842804 
6710047,0.05180776119232178 
6720047,0.08400435745716095 
6730047,0.04973012953996658 
6740047,0.05806060880422592 
6750047,0.04854442551732063 
6760047,0.06297571957111359 
6770047,0.04592779651284218 
6780047,0.06500844657421112 
6790047,0.06428900361061096 
6800047,0.07444701343774796 
6810047,0.05001631751656532 
6820047,0.070623017847538 
6830047,0.06953763216733932 
6840047,0.056139808148145676 
6850047,0.05440638214349747 
6860047,0.06927089393138885 
6870047,0.04845540598034859 
6880047,0.06595209985971451 
6890047,0.05210336670279503 
6900047,0.06911923736333847 
6910047,0.0496961772441864 
6920047,0.04943956062197685 
6930047,0.04753384739160538 
6940047,0.07463716715574265 
6950047,0.056976981461048126 
6960047,0.04810900241136551 
6970047,0.07516331225633621 
6980047,0.048526581376791 
6990047,0.06686724722385406 
7000047,0.0633276179432869 
7010047,0.054053548723459244 
7020047,0.04020807892084122 
7030047,0.062313493341207504 
7040047,0.03850369155406952 
7050047,0.048527345061302185 
7060047,0.06126619875431061 
7070047,0.07360023260116577 
7080047,0.05342794582247734 
7090047,0.046193018555641174 
7100047,0.08253169059753418 
7110047,0.0383852943778038 
7120047,0.06231314688920975 
7130047,0.05350717902183533 
7140047,0.06529975682497025 
7150047,0.05425792559981346 
7160047,0.05328338220715523 
7170047,0.06682755798101425 
7180047,0.07244841009378433 
7190047,0.05670120194554329 
7200047,0.05649268999695778 
7210047,0.04420378804206848 
7220047,0.05859946087002754 
7230047,0.052615631371736526 
7240047,0.0693989098072052 
7250047,0.06434464454650879 
7260047,0.06411652266979218 
7270047,0.05520535632967949 
7280047,0.07213161885738373 
7290047,0.060327500104904175 
7300047,0.06050002574920654 
7310047,0.05554831027984619 
7320047,0.05806921049952507 
7330047,0.04812293499708176 
7340047,0.05249578505754471 
7350047,0.060529641807079315 
7360047,0.06835289299488068 
7370047,0.05319033935666084 
7380047,0.06312432140111923 
7390047,0.054110750555992126 
7400047,0.06221146881580353 
7410047,0.05063513293862343 
7420047,0.06540660560131073 
7430047,0.051704417914152145 
7440047,0.04353911429643631 
7450047,0.050074949860572815 
7460047,0.049834609031677246 
7470047,0.07555486261844635 
7480047,0.05850474536418915 
7490047,0.0612841360270977 
7500047,0.052823953330516815 
7510047,0.04619644209742546 
7520047,0.0505995936691761 
7530047,0.05034007877111435 
7540047,0.07108905166387558 
7550047,0.07874827086925507 
7560047,0.06074681133031845 
7570047,0.043461259454488754 
7580047,0.05418683588504791 
7590047,0.049879927188158035 
7600047,0.05525436997413635 
7610047,0.03982461988925934 
7620047,0.051274679601192474 
7630047,0.06058286502957344 
7640047,0.03820887207984924 
7650047,0.045882150530815125 
7660047,0.04528491944074631 
7670047,0.06461527198553085 
7680047,0.042587634176015854 
7690047,0.04591262713074684 
7700047,0.048962343484163284 
7710047,0.062389083206653595 
7720047,0.04270223155617714 
7730047,0.03903624042868614 
7740047,0.054332055151462555 
7750047,0.040088895708322525 
7760047,0.06071317568421364 
7770047,0.04480166733264923 
7780047,0.04973771423101425 
7790047,0.06861748546361923 
7800047,0.0650806725025177 
7810047,0.060445670038461685 
7820047,0.07703987509012222 
7830047,0.04395873472094536 
7840047,0.05837363749742508 
7850047,0.055445000529289246 
7860047,0.06386471539735794 
7870047,0.06609771400690079 
7880047,0.05243824049830437 
7890047,0.06928794085979462 
7900047,0.0524548776447773 
7910047,0.044772058725357056 
7920047,0.07365455478429794 
7930047,0.06446108967065811 
7940047,0.06687458604574203 
7950047,0.05282753333449364 
7960047,0.07261449843645096 
7970047,0.06433872878551483 
7980047,0.06532955914735794 
7990047,0.06711112707853317 
8000047,0.07964912056922913 
8010047,0.06210831552743912 
8020047,0.04374537616968155 
8030047,0.07414316385984421 
8040047,0.05837605521082878 
8050047,0.07011988013982773 
8060047,0.0604512058198452 
8070047,0.050710223615169525 
8080047,0.061299700289964676 
8090047,0.07381678372621536 
8100047,0.06825146824121475 
8110047,0.08557050675153732 
8120047,0.07006461918354034 
8130047,0.047569502145051956 
8140047,0.0646972730755806 
8150047,0.04935767129063606 
8160047,0.055259063839912415 
8170047,0.0754583477973938 
8180047,0.053878847509622574 
8190047,0.06961223483085632 
8200047,0.052914272993803024 
8210047,0.05322081595659256 
8220047,0.07097064703702927 
8230047,0.06064421683549881 
8240047,0.05826357752084732 
8250047,0.05312201380729675 
8260047,0.07236079126596451 
8270047,0.0522640123963356 
8280047,0.06214429810643196 
8290047,0.04292934760451317 
8300047,0.06554362177848816 
8310047,0.05856437608599663 
8320047,0.06199037656188011 
8330047,0.0527319610118866 
8340047,0.04822785407304764 
8350047,0.05536704882979393 
8360047,0.04335086792707443 
8370047,0.032081834971904755 
8380047,0.052356213331222534 
8390047,0.04798806831240654 
8400047,0.06845884025096893 
8410047,0.0794655904173851 
8420047,0.052912574261426926 
8430047,0.05976458638906479 
8440047,0.04798676446080208 
8450047,0.05461757630109787 
8460047,0.0678621456027031 
8470047,0.06545179337263107 
8480047,0.0605459026992321 
8490047,0.06236698478460312 
8500047,0.04875297099351883 
8510047,0.058462437242269516 
8520047,0.06633155792951584 
8530047,0.06112067773938179 
8540047,0.07564674317836761 
8550047,0.06434087455272675 
8560047,0.054549120366573334 
8570047,0.05520899221301079 
8580047,0.05866419896483421 
8590047,0.05062558129429817 
8600047,0.07184931635856628 
8610047,0.05896297097206116 
8620047,0.059217676520347595 
8630047,0.0601496547460556 
8640047,0.053060151636600494 
8650047,0.05229301378130913 
8660047,0.035025447607040405 
8670047,0.07544106245040894 
8680047,0.051721423864364624 
8690047,0.049438897520303726 
8700047,0.05474495515227318 
8710047,0.08631192892789841 
8720047,0.06742793321609497 
8730047,0.04923924431204796 
8740047,0.04019669443368912 
8750047,0.0672825500369072 
8760047,0.042368751019239426 
8770047,0.05612155795097351 
8780047,0.07151923328638077 
8790047,0.05812406912446022 
8800047,0.05486684292554855 
8810047,0.0545218363404274 
8820047,0.03848572447896004 
8830047,0.06057020649313927 
8840047,0.052287377417087555 
8850047,0.046232376247644424 
8860047,0.059289075434207916 
8870047,0.07152412086725235 
8880047,0.07230506092309952 
8890047,0.08793061971664429 
8900047,0.055990952998399734 
8910047,0.06401505321264267 
8920047,0.05198265612125397 
8930047,0.045324672013521194 
8940047,0.06943996250629425 
8950047,0.03680156171321869 
8960047,0.05093501880764961 
8970047,0.037100650370121 
8980047,0.06329132616519928 
8990047,0.05175139009952545 
9000047,0.06545218080282211 
9010047,0.05663447454571724 
9020047,0.050231870263814926 
9030047,0.045969195663928986 
9040047,0.06239386647939682 
9050047,0.049621425569057465 
9060047,0.05762321501970291 
9070047,0.05778799206018448 
9080047,0.059559859335422516 
9090047,0.06732146441936493 
9100047,0.06359782069921494 
9110047,0.06424394994974136 
9120047,0.03688550367951393 
9130047,0.05154314637184143 
9140047,0.05109110847115517 
9150047,0.05493280291557312 
9160047,0.04339788109064102 
9170047,0.04270856827497482 
9180047,0.056882694363594055 
9190047,0.06382298469543457 
9200047,0.05499420315027237 
9210047,0.05579167231917381 
9220047,0.048799723386764526 
9230047,0.06649938970804214 
9240047,0.04615437611937523 
9250047,0.05419467017054558 
9260047,0.05135149136185646 
9270047,0.060939982533454895 
9280047,0.04465559497475624 
9290047,0.05071980506181717 
9300047,0.05615835264325142 
9310047,0.06516306102275848 
9320047,0.04906252399086952 
9330047,0.06197576969861984 
9340047,0.06650596857070923 
9350047,0.04164593666791916 
9360047,0.06396954506635666 
9370047,0.047419775277376175 
9380047,0.056128233671188354 
9390047,0.04180683195590973 
9400047,0.05265142023563385 
9410047,0.06212500482797623 
9420047,0.05077114701271057 
9430047,0.037547722458839417 
9440047,0.04899352416396141 
9450047,0.0512821339070797 
9460047,0.05475982651114464 
9470047,0.042862195521593094 
9480047,0.049671899527311325 
9490047,0.06158630549907684 
9500047,0.05852334946393967 
9510047,0.06100882589817047 
9520047,0.04922908917069435 
9530047,0.021735472604632378 
9540047,0.05534327030181885 
9550047,0.05935560166835785 
9560047,0.04314904659986496 
9570047,0.056337494403123856 
9580047,0.03960278630256653 
9590047,0.05887807905673981 
9600047,0.06291513890028 
9610047,0.05033540353178978 
9620047,0.06634171307086945 
9630047,0.05722995847463608 
9640047,0.048382509499788284 
9650047,0.060718268156051636 
9660047,0.055494729429483414 
9670047,0.0754445493221283 
9680047,0.052438996732234955 
9690047,0.042535439133644104 
9700047,0.05367901921272278 
9710047,0.057037558406591415 
9720047,0.05627461522817612 
9730047,0.04645165801048279 
9740047,0.03469306230545044 
9750047,0.04250429943203926 
9760047,0.054419856518507004 
9770047,0.06423252820968628 
9780047,0.05059640854597092 
9790047,0.04783591255545616 
9800047,0.05825087055563927 
9810047,0.03596242517232895 
9820047,0.050058040767908096 
9830047,0.05013386905193329 
9840047,0.04108824580907822 
9850047,0.05897977203130722 
9860047,0.05392901599407196 
9870047,0.05469730496406555 
9880047,0.07046270370483398 
9890047,0.056005511432886124 
9900047,0.07312566041946411 
9910047,0.05261433497071266 
9920047,0.052437923848629 
9930047,0.04266592115163803 
9940047,0.05081057548522949 
9950047,0.0688515156507492 
9960047,0.04360156133770943 
9970047,0.043095603585243225 
9980047,0.05260217562317848 
9990047,0.0671125277876854 
10000047,0.040271032601594925 
10010047,0.042559873312711716 
10020047,0.061609897762537 
10030047,0.05543654039502144 
10040047,0.04785437136888504 
10050047,0.05005063861608505 
10060047,0.03801971301436424 
10070047,0.036367058753967285 
10080047,0.0644150823354721 
10090047,0.05017399787902832 
10100047,0.04880945384502411 
10110047,0.047451701015233994 
10120047,0.05682244151830673 
10130047,0.04379484802484512 
10140047,0.05089699104428291 
10150047,0.06917765736579895 
10160047,0.04020235687494278 
10170047,0.05569671466946602 
10180047,0.05353141948580742 
10190047,0.05802839249372482 
10200047,0.06940276175737381 
10210047,0.06469213962554932 
10220047,0.049424439668655396 
10230047,0.04525535926222801 
10240047,0.05100790038704872 
10250047,0.04826299101114273 
10260047,0.05179198086261749 
10270047,0.0608806386590004 
10280047,0.0741281807422638 
10290047,0.056442152708768845 
10300047,0.06103701889514923 
10310047,0.04655790701508522 
10320047,0.07545632123947144 
10330047,0.06682223081588745 
10340047,0.056524649262428284 
10350047,0.056090835481882095 
10360047,0.06424136459827423 
10370047,0.04399442300200462 
10380047,0.04880552366375923 
10390047,0.060851000249385834 
10400047,0.06941941380500793 
10410047,0.06903255730867386 
10420047,0.060573678463697433 
10430047,0.07342586666345596 
10440047,0.05227675288915634 
10450047,0.048552006483078 
10460047,0.08658966422080994 
10470047,0.06128624081611633 
10480047,0.07337731868028641 
10490047,0.07711147516965866 
10500047,0.05976104363799095 
10510047,0.04882926866412163 
10520047,0.06858158111572266 
10530047,0.07528761774301529 
10540047,0.06755053251981735 
10550047,0.05399681255221367 
10560047,0.06895484775304794 
10570047,0.05954853445291519 
10580047,0.051282528787851334 
10590047,0.05884665623307228 
10600047,0.051195837557315826 
10610047,0.032033372670412064 
10620047,0.05961563065648079 
10630047,0.05595413222908974 
10640047,0.04605591669678688 
10650047,0.06371831148862839 
10660047,0.05968240648508072 
10670047,0.05852110683917999 
10680047,0.066490538418293 
10690047,0.03326054662466049 
10700047,0.04119662195444107 
10710047,0.07525862753391266 
10720047,0.043790046125650406 
10730047,0.06866663694381714 
10740047,0.04452865943312645 
10750047,0.054983772337436676 
10760047,0.05074058473110199 
10770047,0.06708600372076035 
10780047,0.06907160580158234 
10790047,0.08706344664096832 
10800047,0.06510890275239944 
10810047,0.04429062828421593 
10820047,0.06498636305332184 
10830047,0.051579009741544724 
10840047,0.06145975738763809 
10850047,0.060111381113529205 
10860047,0.052413035184144974 
10870047,0.04874337092041969 
10880047,0.060014739632606506 
10890047,0.0673091933131218 
10900047,0.058075372129678726 
10910047,0.04929029941558838 
10920047,0.06147730350494385 
10930047,0.058109525591135025 
10940047,0.0682288333773613 
10950047,0.051482949405908585 
10960047,0.044632021337747574 
10970047,0.04916936531662941 
10980047,0.0405874140560627 
10990047,0.05935370549559593 
11000047,0.04839402064681053 
11010047,0.06427925080060959 
11020047,0.037132613360881805 
11030047,0.06710931658744812 
11040047,0.0479072630405426 
11050047,0.041411589831113815 
11060047,0.04617815464735031 
11070047,0.049573346972465515 
11080047,0.05679654702544212 
11090047,0.05504613742232323 
11100047,0.06711188703775406 
11110047,0.05390021950006485 
11120047,0.0670173242688179 
11130047,0.04235087335109711 
11140047,0.06176791340112686 
11150047,0.05609878525137901 
11160047,0.05947595462203026 
11170047,0.0704008936882019 
11180047,0.0594528391957283 
11190047,0.059479717165231705 
11200047,0.059939250349998474 
11210047,0.05868159607052803 
11220047,0.08089420944452286 
11230047,0.06467924267053604 
11240047,0.05001028627157211 
11250047,0.05942213162779808 
11260047,0.04920632392168045 
11270047,0.056839484721422195 
11280047,0.08423452079296112 
11290047,0.07376845180988312 
11300047,0.06017446890473366 
11310047,0.048742543905973434 
11320047,0.06066165119409561 
11330047,0.061321619898080826 
11340047,0.04560116305947304 
11350047,0.057847760617733 
11360047,0.06389690935611725 
11370047,0.05108165740966797 
11380047,0.07683738321065903 
11390047,0.06597111374139786 
11400047,0.04720303416252136 
11410047,0.059969257563352585 
11420047,0.06782273203134537 
11430047,0.07168104499578476 
11440047,0.0797179713845253 
11450047,0.061351414769887924 
11460047,0.0725574791431427 
11470047,0.0511607751250267 
11480047,0.07714121788740158 
11490047,0.043019674718379974 
11500047,0.029558274894952774 
11510047,0.05362913757562637 
11520047,0.06758736073970795 
11530047,0.05027558282017708 
11540047,0.06078290939331055 
11550047,0.07190462201833725 
11560047,0.05505380779504776 
11570047,0.050338078290224075 
11580047,0.060326989740133286 
11590047,0.04208705574274063 
11600047,0.061543580144643784 
11610047,0.03759942948818207 
11620047,0.04970836266875267 
11630047,0.06476892530918121 
11640047,0.0682196393609047 
11650047,0.058528441935777664 
11660047,0.05881527066230774 
11670047,0.05532969534397125 
11680047,0.09068150818347931 
11690047,0.060489825904369354 
11700047,0.05603659152984619 
11710047,0.04739679768681526 
11720047,0.06775038689374924 
11730047,0.06779276579618454 
11740047,0.06032003089785576 
11750047,0.04553665965795517 
11760047,0.04134072735905647 
11770047,0.0649481788277626 
11780047,0.056969739496707916 
11790047,0.04961230605840683 
11800047,0.047136105597019196 
11810047,0.0508810319006443 
11820047,0.054198164492845535 
11830047,0.03506684675812721 
11840047,0.06708072125911713 
11850047,0.041648153215646744 
11860047,0.053837522864341736 
11870047,0.03413257747888565 
11880047,0.05990215763449669 
11890047,0.055499836802482605 
11900047,0.061050448566675186 
11910047,0.06576703488826752 
11920047,0.06061791256070137 
11930047,0.04603837803006172 
11940047,0.04169824719429016 
11950047,0.04685051366686821 
11960047,0.045194029808044434 
11970047,0.04747627303004265 
11980047,0.04427256062626839 
11990047,0.04037012904882431 
12000047,0.04701879993081093 
12010047,0.03480299934744835 
12020047,0.04197882488369942 
12030047,0.05893150717020035 
12040047,0.054564472287893295 
12050047,0.0455465093255043 
12060047,0.06727498024702072 
12070047,0.0483117438852787 
12080047,0.043587155640125275 
12090047,0.0743255689740181 
12100047,0.06067086383700371 
12110047,0.05602454021573067 
12120047,0.06035275757312775 
12130047,0.058540984988212585 
12140047,0.06177883222699165 
12150047,0.07263532280921936 
12160047,0.057188283652067184 
12170047,0.06794466823339462 
12180047,0.05095555633306503 
12190047,0.05047990381717682 
12200047,0.06795445084571838 
12210047,0.046411119401454926 
12220047,0.06945937126874924 
12230047,0.057470232248306274 
12240047,0.05168081447482109 
12250047,0.04451699182391167 
12260047,0.046413421630859375 
12270047,0.06157086044549942 
12280047,0.060316648334264755 
12290047,0.06897038221359253 
12300047,0.06560900062322617 
12310047,0.0890829935669899 
12320047,0.05551651120185852 
12330047,0.044565245509147644 
12340047,0.05797377601265907 
12350047,0.065861277282238 
12360047,0.0652531087398529 
12370047,0.06758421659469604 
12380047,0.058591894805431366 
12390047,0.07099348306655884 
12400047,0.052275970578193665 
12410047,0.06512372940778732 
12420047,0.0722629725933075 
12430047,0.05534820258617401 
12440047,0.04524986445903778 
12450047,0.08032631874084473 
12460047,0.07203417271375656 
12470047,0.06694965064525604 
12480047,0.058002959936857224 
12490047,0.07217030227184296 
12500047,0.053095608949661255 
12510047,0.05691015347838402 
12520047,0.06427217274904251 
12530047,0.056573815643787384 
12540047,0.07131137698888779 
12550047,0.06415151804685593 
12560047,0.041541650891304016 
12570047,0.07405708730220795 
12580047,0.07864738255739212 
12590047,0.06968708336353302 
12600047,0.043921373784542084 
12610047,0.05457933992147446 
12620047,0.06143806502223015 
12630047,0.04799243062734604 
12640047,0.06303665786981583 
12650047,0.07330336421728134 
12660047,0.0713655948638916 
12670047,0.049081142991781235 
12680047,0.05440504103899002 
12690047,0.07976670563220978 
12700047,0.047879479825496674 
12710047,0.061043351888656616 
12720047,0.07093195617198944 
12730047,0.0651087611913681 
12740047,0.05397410690784454 
12750047,0.06215599551796913 
12760047,0.07942257076501846 
12770047,0.056828469038009644 
12780047,0.06025753915309906 
12790047,0.08136451989412308 
12800047,0.057408422231674194 
12810047,0.05965527519583702 
12820047,0.06507129222154617 
12830047,0.04422346502542496 
12840047,0.0578567236661911 
12850047,0.05930265411734581 
12860047,0.040715306997299194 
12870047,0.08181118965148926 
12880047,0.048175301402807236 
12890047,0.07285969704389572 
12900047,0.060157693922519684 
12910047,0.05288331210613251 
12920047,0.051358260214328766 
12930047,0.057883452624082565 
12940047,0.04600870981812477 
12950047,0.05999819189310074 
12960047,0.041208960115909576 
12970047,0.044661980122327805 
12980047,0.04975002259016037 
12990047,0.059290312230587006 
13000047,0.05409804731607437 
13010047,0.0488746352493763 
13020047,0.04881029203534126 
13030047,0.0560690201818943 
13040047,0.07203327119350433 
13050047,0.064991295337677 
13060047,0.04815815016627312 
13070047,0.04635737091302872 
13080047,0.04973874241113663 
13090047,0.0533224456012249 
13100047,0.051955193281173706 
13110047,0.08437057584524155 
13120047,0.058505523949861526 
13130047,0.05431690812110901 
13140047,0.05447937548160553 
13150047,0.05919073894619942 
13160047,0.04663402959704399 
13170047,0.05524175614118576 
13180047,0.0728110671043396 
13190047,0.05612117424607277 
13200047,0.06011620908975601 
13210047,0.05881674215197563 
13220047,0.05455590784549713 
13230047,0.07842335104942322 
13240047,0.06998153030872345 
13250047,0.07900495827198029 
13260047,0.04767121374607086 
13270047,0.056523147970438004 
13280047,0.05799485370516777 
13290047,0.059868160635232925 
13300047,0.046871766448020935 
13310044,0.06978153437376022 
13320044,0.0403246209025383 
13330044,0.04588261991739273 
13340044,0.05431992933154106 
13350044,0.050602033734321594 
13360044,0.05889582633972168 
13370044,0.04521533101797104 
13380044,0.07358183711767197 
13390044,0.05486757680773735 
13400044,0.06022638827562332 
13410044,0.05184990540146828 
13420044,0.05671565234661102 
13430044,0.04478954151272774 
13440044,0.05294995382428169 
13450044,0.0600002259016037 
13460044,0.052979711443185806 
13470044,0.08428525924682617 
13480044,0.05121670290827751 
13490044,0.04839585721492767 
13500044,0.0728452056646347 
13510044,0.07252577692270279 
13520044,0.05334678664803505 
13530044,0.05505428463220596 
13540044,0.0526709258556366 
13550044,0.05932633951306343 
13560044,0.06861298531293869 
13570044,0.05856682360172272 
13580044,0.055427029728889465 
13590044,0.05177867412567139 
13600044,0.05521029606461525 
13610044,0.07930324971675873 
13620044,0.04202338308095932 
13630044,0.06562583148479462 
13640044,0.0638984888792038 
13650044,0.0574960894882679 
13660044,0.04135481268167496 
13670044,0.05036888271570206 
13680044,0.05025017634034157 
13690044,0.049864593893289566 
13700044,0.05903295427560806 
13710044,0.04866616800427437 
13720044,0.07141858339309692 
13730044,0.0521695576608181 
13740044,0.05503219738602638 
13750044,0.04505852237343788 
13760044,0.05935869738459587 
13770044,0.05233824625611305 
13780044,0.05749588832259178 
13790044,0.061355892568826675 
13800044,0.053138114511966705 
13810044,0.042866893112659454 
13820044,0.06018600985407829 
13830044,0.04752436652779579 
13840044,0.07302391529083252 
13850044,0.0532279908657074 
13860044,0.07727286219596863 
13870044,0.05228586122393608 
13880044,0.06532669812440872 
13890044,0.05506999418139458 
13900044,0.05001909285783768 
13910044,0.05848240852355957 
13920044,0.04718327522277832 
13930044,0.049842629581689835 
13940044,0.06826141476631165 
13950044,0.07462093234062195 
13960044,0.06352151185274124 
13970044,0.06982402503490448 
13980044,0.04127807170152664 
13990044,0.05496000126004219 
14000044,0.06449269503355026 
14010044,0.05775801092386246 
14020044,0.06569582968950272 
14030044,0.04406227171421051 
14040044,0.07280544936656952 
14050044,0.03732902929186821 
14060044,0.06353677064180374 
14070044,0.06155695766210556 
14080044,0.05530049279332161 
14090044,0.05665743350982666 
14100044,0.06523212790489197 
14110044,0.07228332757949829 
14120044,0.05715469270944595 
14130044,0.05489003285765648 
14140044,0.05702836811542511 
14150044,0.057563964277505875 
14160044,0.06763750314712524 
14170044,0.07373010367155075 
14180044,0.0733676552772522 
14190044,0.07770340889692307 
14200044,0.06501514464616776 
14210044,0.07391051203012466 
14220044,0.07718470692634583 
14230044,0.06732770800590515 
14240044,0.08365003764629364 
14250044,0.0649261549115181 
14260044,0.062483128160238266 
14270044,0.06909915059804916 
14280044,0.05218290910124779 
14290044,0.06382585316896439 
14300044,0.06506477296352386 
14310044,0.06740584224462509 
14320044,0.06469415873289108 
14330044,0.05526791512966156 
14340044,0.07573194801807404 
14350044,0.07338003069162369 
14360044,0.049677103757858276 
14370044,0.08131153881549835 
14380044,0.035303033888339996 
14390044,0.0635123923420906 
14400044,0.05869843810796738 
14410044,0.06032698601484299 
14420044,0.07385705411434174 
14430044,0.058268219232559204 
14440044,0.07072316855192184 
14450044,0.06541255861520767 
14460044,0.06720138341188431 
14470044,0.06928636133670807 
14480044,0.05499040707945824 
14490044,0.05138664320111275 
14500044,0.054416295140981674 
14510044,0.05263648182153702 
14520044,0.05615914985537529 
14530044,0.04870200529694557 
14540044,0.04330405592918396 
14550044,0.04277702793478966 
14560044,0.03703482449054718 
14570044,0.06296262890100479 
14580044,0.059584859758615494 
14590044,0.06970521062612534 
14600044,0.05458269640803337 
14610044,0.06338078528642654 
14620044,0.045914117246866226 
14630044,0.06516824662685394 
14640044,0.061406172811985016 
14650044,0.07564440369606018 
14660044,0.07485675811767578 
14670044,0.06390278786420822 
14680044,0.051580559462308884 
14690044,0.039723776280879974 
14700044,0.060532864183187485 
14710044,0.06668867915868759 
14720044,0.054642487317323685 
14730044,0.06865470856428146 
14740044,0.04306808486580849 
14750044,0.05292895808815956 
14760044,0.0401872918009758 
14770044,0.05977349728345871 
14780044,0.0822412520647049 
14790044,0.05604517459869385 
14800044,0.04084860906004906 
14810044,0.05978305637836456 
14820044,0.05480353906750679 
14830044,0.05356209725141525 
14840044,0.05507953464984894 
14850044,0.05148005858063698 
14860044,0.06687022000551224 
14870044,0.06543415784835815 
14880044,0.040073152631521225 
14890044,0.04753413051366806 
14900044,0.05244697630405426 
14910044,0.041877344250679016 
14920044,0.06832757592201233 
14930044,0.06671295315027237 
14940044,0.056852053850889206 
14950044,0.0728766918182373 
14960044,0.06920699030160904 
14970044,0.0697140097618103 
14980044,0.056278012692928314 
14990044,0.06395657360553741 
15000044,0.07429608702659607 
15010044,0.046118151396512985 
15020044,0.06881614774465561 
15030044,0.042722515761852264 
15040044,0.06008974090218544 
15050044,0.07679557055234909 
15060044,0.06606743484735489 
15070044,0.06397038698196411 
15080044,0.06709561496973038 
15090044,0.06435243785381317 
15100044,0.04655935615301132 
15110044,0.05836620181798935 
15120044,0.07164376974105835 
15130044,0.05587880313396454 
15140044,0.05011851340532303 
15150044,0.042916350066661835 
15160044,0.048032164573669434 
15170044,0.05086741968989372 
15180044,0.06394729763269424 
15190044,0.08258498460054398 
15200044,0.05428330600261688 
15210044,0.053594157099723816 
15220044,0.07110146433115005 
15230044,0.05649428442120552 
15240044,0.07461614906787872 
15250044,0.06319350749254227 
15260044,0.059797655791044235 
15270044,0.04540351405739784 
15280044,0.07033854722976685 
15290044,0.053738098591566086 
15300044,0.07604611665010452 
15310044,0.04426557570695877 
15320044,0.061904143542051315 
15330044,0.0627041608095169 
15340044,0.05949331447482109 
15350044,0.04247938096523285 
15360044,0.055641498416662216 
15370044,0.05117224156856537 
15380044,0.059887200593948364 
15390044,0.05680344998836517 
15400044,0.06177608668804169 
15410044,0.04157286509871483 
15420044,0.06981276720762253 
15430044,0.06207670271396637 
15440044,0.06580683588981628 
15450044,0.05780888721346855 
15460044,0.07060961425304413 
15470044,0.06999780982732773 
15480044,0.05358566716313362 
15490044,0.05810311436653137 
15500044,0.043251749128103256 
15510044,0.08582616597414017 
15520044,0.048489760607481 
15530044,0.04814735800027847 
15540044,0.06252943724393845 
15550044,0.06047627329826355 
15560044,0.07294055819511414 
15570044,0.051372796297073364 
15580044,0.06601552665233612 
15590044,0.053993843495845795 
15600044,0.060536276549100876 
15610044,0.04982195794582367 
15620044,0.05777323618531227 
15630044,0.07061249762773514 
15640044,0.04988844692707062 
15650044,0.07276540249586105 
15660044,0.08021166920661926 
15670044,0.04651166871190071 
15680044,0.07942502200603485 
15690044,0.06407949328422546 
15700044,0.06416606158018112 
15710044,0.05710412189364433 
15720044,0.06497079133987427 
