10000,0.032833371886970955 
20000,0.028665459540459536 
30000,0.03883227883227883 
40000,0.03840537648625884 
50000,0.03623344710844711 
60000,0.03422928460428461 
70000,0.03207527317453788 
80000,0.040958499833499834 
90000,0.03780692918192918 
100000,0.036491355866355865 
110000,0.03882779230573348 
120000,0.041277081170463525 
130000,0.04202453510541746 
140000,0.03957834730628848 
150000,0.04867721167721168 
160000,0.045802618133500485 
170000,0.03362887806637807 
180000,0.04640844286432522 
190000,0.03682826895326895 
200000,0.03606656537906538 
210000,0.048865388696271043 
220000,0.03160453435453436 
230000,0.04608224332856686 
240000,0.03003664829322724 
250000,0.038868534243534245 
260000,0.02619470317264435 
270000,0.029460048723206612 
280000,0.025806549659490835 
290000,0.03476264013764014 
300000,0.03362462537462538 
310000,0.04531130674880675 
320000,0.03442214158390629 
330000,0.03428818148226043 
340000,0.0362976467976468 
350000,0.0460160742035742 
360000,0.05527403886962711 
370000,0.047907275322716505 
380000,0.028741945554445553 
390000,0.03500715461009578 
400000,0.03713387307137308 
410000,0.044982031857031854 
420000,0.040366285675109206 
430000,0.0529870864429688 
440000,0.04079204822954823 
450000,0.04740342296592297 
460000,0.03941033680371915 
470000,0.038576437451437455 
480000,0.04088529934118169 
490000,0.04199094369682605 
500000,0.05279984781300571 
510000,0.03819635919635919 
520000,0.050781968031968036 
530000,0.04874639657727893 
540000,0.03496955821955822 
550000,0.04288169469419469 
560000,0.041807592325974675 
570000,0.03811674355056707 
580000,0.04023074148074148 
590000,0.04543923641717759 
600000,0.03808182095682096 
610000,0.03824843906093906 
620000,0.034415084915084916 
630000,0.028019022644022645 
640000,0.03713072752410987 
650000,0.035905074092574096 
660000,0.036088980463980465 
670000,0.04137839937839938 
680000,0.04648075432479457 
690000,0.0419153762903763 
700000,0.03519255744255744 
710000,0.03506105903900021 
720000,0.04619205304499422 
730000,0.03970884670884671 
740000,0.05426927239427239 
750000,0.04126924178762414 
760000,0.05190805028305029 
770000,0.045097014097014096 
780000,0.03539659645909646 
790000,0.045700743700743694 
800000,0.0472308386058386 
810000,0.04391122766122766 
820000,0.04818926906426906 
830000,0.03846958596958597 
840000,0.043937756687756686 
850000,0.04213909701409701 
860000,0.032981483793983794 
870000,0.04469326017120134 
880000,0.04883335414585416 
890000,0.045218248856406754 
900000,0.03495220751470751 
910000,0.04083648296148296 
920000,0.04465730693884718 
930040,0.05642119074954896 
940040,0.05222302003552004 
950040,0.03784559190809191 
960040,0.039945114525996875 
970040,0.037687999500499496 
980040,0.048269253407411304 
990040,0.060915042473866005 
1000040,0.053963716838716834 
1010040,0.04491319097569098 
1020040,0.043699002386502386 
1030040,0.05783168914418914 
1040040,0.04425799894549894 
1050040,0.04680389055389055 
1060040,0.059117500555000556 
1070040,0.06228174725601196 
1080040,0.04199496336996336 
1090040,0.05086331723831724 
1100040,0.04931296481296481 
1110040,0.053496814653354895 
1120040,0.05828323759573759 
1130040,0.0583703934953935 
1140040,0.05332094008932245 
1150040,0.048977050727050726 
1160040,0.053257534132534125 
1170040,0.06098346914523385 
1180040,0.05091413192071086 
1190040,0.047115652321534675 
1200040,0.05841948737536972 
1210040,0.04489350641188876 
1220040,0.05327038647626883 
1230040,0.048768280330780324 
1240040,0.055586288711288706 
1250040,0.050741808028572734 
1260040,0.059942062323641264 
1270040,0.044206668331668336 
1280040,0.04145849697687933 
1290040,0.044935261225702405 
1300040,0.053518731268731266 
1310040,0.05018901931401931 
1320040,0.06269477744477743 
1330040,0.06002112593289064 
1340040,0.04762720071466202 
1350040,0.042864690864690864 
1360040,0.04525512864328654 
1370040,0.03281193724576077 
1380040,0.0464969474969475 
1390040,0.06126218226218226 
1400040,0.05195040090628326 
1410040,0.041124375624375625 
1420040,0.03313250638250638 
1430040,0.04047095265845266 
1440040,0.047863931819814166 
1450040,0.04584222925767044 
1460040,0.03341989260739261 
1470040,0.04197180597180597 
1480040,0.04122638472638473 
1490040,0.04134345515595515 
1500040,0.04186204073704074 
1510040,0.03892734757072992 
1520040,0.04016633366633366 
1530040,0.04516288183780444 
1540040,0.046067155067155065 
1550040,0.047533861971361974 
1560040,0.07226932789432788 
1570040,0.04065241008991009 
1580040,0.03893474580974581 
1590040,0.03663193056943057 
1600040,0.03787752933341169 
1610040,0.04965013641329431 
1620040,0.038373533329415684 
1630040,0.043885253635253633 
1640040,0.04783066933066934 
1650040,0.04424327938143727 
1660040,0.04984908147408147 
1670040,0.047759622322122317 
1680040,0.038077204658087005 
1690040,0.04183372183372183 
1700040,0.04700881063381064 
1710040,0.04608288933288933 
1720040,0.0420484417543241 
1730040,0.04621606171606171 
1740040,0.04581078643578644 
1750040,0.051118817650357896 
1760040,0.048559856809856805 
1770040,0.04784388650565121 
1780040,0.05049392968142968 
1790040,0.05583202214452214 
1800040,0.04247006158616066 
1810040,0.04772045030133265 
1820040,0.04494648407148407 
1830040,0.043053391053391045 
1840040,0.041922591297591294 
1850040,0.05248249871043988 
1860040,0.04782409257409257 
1870040,0.04702737540237541 
1880040,0.051280164280164284 
1890040,0.03780719280719281 
1900040,0.04445949883449884 
1910040,0.05141492535242535 
1920040,0.04616045066045066 
1930040,0.040029807610689964 
1940040,0.05120525716113951 
1950040,0.040557243410184594 
1960040,0.051585155041037396 
1970040,0.046386877011877006 
1980040,0.04520328282828283 
1990040,0.05563816227632017 
2000040,0.04703496911585146 
2010040,0.050712620712620705 
2020040,0.0527176475485299 
2030040,0.05349118773383479 
2040040,0.04356270118770118 
2050040,0.052063936063936056 
2060040,0.04604151404151404 
2070040,0.04650625967170085 
2080040,0.06221402208902209 
2090040,0.04050987207237208 
2100040,0.07083372183372183 
2110040,0.05384286261124496 
2120040,0.0682317821067821 
2130040,0.05718935272244096 
2140040,0.06258247430673901 
2150040,0.04729166666666667 
2160040,0.05681418581418582 
2170040,0.05123132341514695 
2180040,0.05596965534465534 
2190040,0.06242044271088389 
2200040,0.06620559995559995 
2210040,0.059735243922743916 
2220040,0.05943521756021756 
2230040,0.048472881285381283 
2240040,0.057360232088173264 
2250040,0.04777532598120834 
2260040,0.06132942955737073 
2270040,0.0430458520237932 
2280040,0.060944326506826504 
2290040,0.042505938505938506 
2300040,0.052496401474342654 
2310040,0.05560764235764235 
2320040,0.06214581252081252 
2330040,0.053068184653323976 
2340040,0.05417922273804626 
2350040,0.046189560439560434 
2360040,0.04971407758907759 
2370040,0.05025078393828394 
2380040,0.057433098763981116 
2390040,0.058189060939060934 
2400040,0.04561619630369631 
2410040,0.041821657509157506 
2420040,0.04771656529744765 
2430040,0.05278103840603841 
2440040,0.05358660987705106 
2450040,0.05197848189392307 
2460040,0.04874176517926518 
2470040,0.05298574342324343 
2480040,0.056820851942175475 
2490040,0.050437826062826055 
2500040,0.06023500804750805 
2510040,0.04987582964421201 
2520040,0.05599388805638806 
2530040,0.05885919146213264 
2540040,0.04390682234432235 
2550040,0.04962490287490287 
2560040,0.05581905594405595 
2570040,0.05241350316350316 
2580040,0.06429793123543123 
2590040,0.06293650793650793 
2600040,0.05878909489203608 
2610040,0.05963791682174035 
2620040,0.047339978648802176 
2630040,0.0728148677303089 
2640040,0.05901325757575757 
2650040,0.0584234792984793 
2660040,0.04919506882006882 
2670040,0.04500577200577201 
2680040,0.04583323620823621 
2690040,0.05419670239890829 
2700040,0.05796251665001666 
2710040,0.04761393875732111 
2720040,0.0509920634920635 
2730040,0.05207488753076989 
2740040,0.043893793706293704 
2750040,0.048942196692196696 
2760040,0.058499148512306406 
2770040,0.04997468014012132 
2780040,0.05668068043068043 
2790040,0.05888067488067488 
2800040,0.051008054445554445 
2810040,0.0592279705588529 
2820040,0.05757108169608169 
2830040,0.046994429181929184 
2840040,0.0639897343153922 
2850040,0.056920607170607165 
2860040,0.051052512030453204 
2870040,0.06387721224853578 
2880040,0.058178483281424456 
2890040,0.0522961107519931 
2900040,0.05970658916247151 
2910040,0.04723854127898246 
2920040,0.0593583332517156 
2930040,0.04728466386554622 
2940040,0.053372273559773566 
2950040,0.05604634254634254 
2960040,0.07141464274030064 
2970040,0.06701820809909044 
2980040,0.05518542057357847 
2990040,0.048260969422734126 
3000040,0.054975611806494164 
3010040,0.04488447663447663 
3020040,0.04354534741144648 
3030040,0.04578921078921079 
3040040,0.03638099808688044 
3050040,0.04070503984319774 
3060040,0.059582299644799636 
3070040,0.04411910719998955 
3080040,0.0523636988011988 
3090040,0.04825233793983794 
3100040,0.0579054625929626 
3110040,0.06595627983127983 
3120040,0.04937588310382427 
3130040,0.04685126882921001 
3140040,0.05098732925571161 
3150040,0.0544581562228621 
3160040,0.060207486957486955 
3170040,0.046385696819520345 
3180040,0.06442879342879343 
3190040,0.04428543678543678 
3200040,0.04545040090628325 
3210040,0.04449505559799678 
3220040,0.04973627067377068 
3230040,0.04824567975883765 
3240040,0.0483771583593565 
3250040,0.05434923328305681 
3260040,0.05892598373848374 
3270040,0.04749384643134644 
3280040,0.03869766752854988 
3290040,0.05091587579087578 
3300040,0.06682375671713907 
3310040,0.05562639158227393 
3320040,0.052263960304401474 
3330040,0.05455111043926833 
3340040,0.04051382645132645 
3350040,0.05859569597069597 
3360040,0.05726419128257364 
3370040,0.0695826202950816 
3380040,0.06278694834577188 
3390040,0.056626970251970256 
3400040,0.05310591614268085 
3410040,0.057533704234362125 
3420040,0.05712913475413476 
3430040,0.055990291571173925 
3440040,0.04938862526362525 
3450040,0.04747413624387308 
3460040,0.05236521811521811 
3470040,0.04246822621822622 
3480040,0.06478207331883802 
3490040,0.05500828338328338 
3500040,0.051684454434454435 
3510040,0.06167102750190985 
3520040,0.05071436896436896 
3530040,0.05119170127258363 
3540040,0.05353047850841969 
3550040,0.0499042595476419 
3560040,0.05244317202405438 
3570040,0.05533901003966793 
3580040,0.06339304445554445 
3590040,0.0579657053472843 
3600040,0.053170301920301914 
3610040,0.053341117216117215 
3620040,0.05475018037518038 
3630040,0.06565447052947052 
3640040,0.05048980186480186 
3650040,0.056464799089799095 
3660040,0.05321284965034965 
3670040,0.056185064935064935 
3680040,0.04759071484071484 
3690040,0.060484237984237986 
3700040,0.05730993026581262 
3710040,0.04921608375284846 
3720040,0.051663003663003665 
3730040,0.04926436472024707 
3740040,0.06254736154368508 
3750040,0.051125222000222 
3760040,0.05475996430040547 
3770040,0.046204154097536455 
3780040,0.061219767569032274 
3790040,0.06574219938558173 
3800040,0.05242972142236848 
3810040,0.06781648335324805 
3820040,0.05603289254605044 
3830040,0.062364264820147175 
3840040,0.05798884163222398 
3850040,0.05856784840976017 
3860040,0.04959671578421579 
3870040,0.043261346904729256 
3880040,0.05355111555111556 
3890040,0.055157960095460104 
3900040,0.062230690061572405 
3910040,0.049754097209979566 
3920040,0.057124035686535686 
3930040,0.06131846705066518 
3940040,0.056472734781558315 
3950040,0.060524378399378395 
3960040,0.05961200604950605 
3970040,0.0679646505455329 
3980040,0.055440993646876005 
3990040,0.05749641453317924 
4000040,0.04950713869463869 
4010040,0.055584665334665335 
4020040,0.05370026623703094 
4030040,0.05257360694860695 
4040040,0.051805090935895894 
4050040,0.05449255788071577 
4060040,0.056902410089910094 
4070040,0.05770690339072692 
4080040,0.07496100141688376 
4090040,0.05850894938394939 
4100040,0.06926550532800534 
4110040,0.06178220266145964 
4120040,0.05097042540792541 
4130040,0.059472482990865355 
4140040,0.0447462994521818 
4150040,0.04841462214256332 
4160040,0.05028629703629703 
4170040,0.05398228568816803 
4180040,0.05570393903482138 
4190040,0.05252908896658896 
4200040,0.0577951303082882 
4210040,0.05481600344100344 
4220040,0.04658041958041958 
4230040,0.058420412920412924 
4240040,0.05265254984953128 
4250040,0.04427891960980196 
4260040,0.05854085242243137 
4270040,0.05092711455211456 
4280040,0.07015159840159839 
4290040,0.05725134097928215 
4300040,0.06223447465417279 
4310040,0.06196232422548212 
4320040,0.07210204378954378 
4330040,0.07460658091908093 
4340040,0.06896889629977865 
4350040,0.053848339160839157 
4360040,0.04741829004329005 
4370040,0.04879385198135198 
4380040,0.06351800283050284 
4390040,0.04530266261516261 
4400040,0.06111100601754626 
4410040,0.06124986329030447 
4420040,0.05068995587745588 
4430040,0.05461112335377041 
4440040,0.06575937257187257 
4450040,0.05306224331224331 
4460040,0.06734381509013862 
4470040,0.04766754079254079 
4480040,0.056412647294226244 
4490040,0.06220541264291264 
4500040,0.05391197691197691 
4510040,0.06071053456347574 
4520040,0.04638686721774957 
4530040,0.05770877222193011 
4540040,0.06609957403707403 
4550040,0.05840795234177588 
4560040,0.04974527300185195 
4570040,0.0638195433952013 
4580040,0.06807613913863914 
4590040,0.04145987345987345 
4600040,0.049288299119181464 
4610040,0.05370881610219845 
4620040,0.05393547607363398 
4630040,0.06528468875895346 
4640040,0.04588442521530757 
4650040,0.042171089939472294 
4660040,0.05495362276612276 
4670040,0.05304348755819344 
4680040,0.06722416798887386 
4690040,0.05713495246583482 
4700040,0.05470898728464517 
4710040,0.050652798590298594 
4720040,0.061438843019725374 
4730040,0.049630812814636334 
4740040,0.053088425463425466 
4750040,0.04985740362578597 
4760040,0.03529005716505717 
4770040,0.06073962842712843 
4780040,0.056164205075969774 
4790040,0.054278223002487705 
4800040,0.03930666555666555 
4810040,0.05972702991452992 
4820040,0.05616364547904796 
4830040,0.05962419035213153 
4840040,0.0597084373959374 
4850040,0.04725083943833943 
4860040,0.05144375069375069 
4870040,0.044726426351426346 
4880040,0.055549782733606265 
4890040,0.05711306871233342 
4900040,0.06961277426563804 
4910017,0.06280014838103072 
4920017,0.054219544344544346 
4930017,0.05376839337133456 
4940017,0.05636910238883923 
4950017,0.05836048673548674 
4960017,0.056465465090465086 
4970017,0.05631665556665556 
4980017,0.04599243811743811 
4990017,0.04443401941196059 
5000017,0.06030199661449661 
5010017,0.04932881701631702 
5020017,0.05469980019980019 
5030017,0.06482577145077145 
5040017,0.06088204850704851 
5050017,0.0655720806970807 
5060017,0.06075916444666445 
5070017,0.06796687952570306 
5080017,0.05232457330251448 
5090017,0.05247892129800024 
5100017,0.0686426620764856 
5110017,0.06898615711773606 
5120017,0.051169723250605606 
5130017,0.061719585969585974 
5140017,0.04662444499944501 
5150017,0.047119791972733145 
5160017,0.06090172042010277 
5170017,0.052303617134499485 
5180017,0.049725500806383154 
5190017,0.059005661005661 
5200017,0.0375646061454885 
5210017,0.054517541883640955 
5220017,0.046747051559551556 
5230017,0.05016377086965322 
5240017,0.05229796592296593 
5250017,0.06099135015311486 
5260017,0.045179140304140296 
5270017,0.054422406025347196 
5280017,0.055333580226962574 
5290017,0.05568751101839338 
5300017,0.0578944199075778 
5310017,0.06641902174622763 
5320017,0.05028914141414141 
5330017,0.059922838191220545 
5340017,0.05533165853754088 
5350017,0.060327620908503264 
5360017,0.05777045177045177 
5370017,0.04689570152070152 
5380017,0.06388639832389832 
5390017,0.0445606468694704 
5400017,0.04719970307470307 
5410017,0.05094571400821401 
5420017,0.0534871447996448 
5430017,0.057494128012510366 
5440017,0.08066834554334554 
5450047,0.05737532230069543 
5460047,0.057920014411113475 
5470047,0.05753807303807303 
5480047,0.060703943931885114 
5490047,0.05319759407259408 
5500047,0.04558681514563867 
5510047,0.05635868012706248 
5520047,0.04735281823439719 
5530047,0.042102487789987784 
5540047,0.06481276362526361 
5550047,0.05742794215588333 
5560047,0.05009727772227772 
5570047,0.04828342898931133 
5580047,0.053599386724386716 
5590047,0.06474653532741768 
5600047,0.05782162608633197 
5610047,0.042295750001632354 
5620047,0.062474629537129525 
5630047,0.06984873898031793 
5640047,0.05060313297813297 
5650047,0.05977548328864118 
5660047,0.06161140248640248 
5670047,0.04129919386169387 
5680047,0.061318452380952376 
5690047,0.04731751581751581 
5700047,0.04857405911082381 
5710047,0.05324227977904448 
5720047,0.05206377282847871 
5730047,0.06488448357198356 
5740047,0.03695788422104211 
5750047,0.07042061919848297 
5760047,0.07102422066237855 
5770047,0.05649911893661894 
5780047,0.048960421522921516 
5790047,0.053288863913863914 
5800047,0.06835273876450348 
5810047,0.0629169511044511 
5820047,0.04539449877607773 
5830047,0.06654339818678054 
5840047,0.05797859961675751 
5850047,0.061617105117105116 
5860047,0.050511400364341534 
5870047,0.06330598587429083 
5880047,0.0639418441036088 
5890047,0.06185503507929978 
5900047,0.044242868242868244 
5910047,0.06330144365438482 
5920047,0.05899822114160349 
5930047,0.057871898934398945 
5940047,0.05793529387279388 
5950047,0.05558933427683428 
5960047,0.053276917526917524 
5970047,0.06086634117516471 
5980047,0.05085302605890841 
5990047,0.05476949847538084 
6000047,0.0581672257481081 
6010047,0.053989246864246866 
6020047,0.06715031700325817 
6030047,0.047830981518481516 
6040047,0.061575026280908635 
6050047,0.058403381340881334 
6060047,0.05995990120990121 
6070047,0.043182026307026306 
6080047,0.04412931839402427 
6090047,0.04681982783298572 
6100047,0.06315874403374404 
6110047,0.05442621961371961 
6120047,0.043698524922789625 
6130047,0.06187133136900938 
6140047,0.0597115662115662 
6150047,0.05712130434924552 
6160047,0.055912802475302475 
6170047,0.05513197402013192 
6180047,0.04745053557553557 
6190047,0.03850806832056832 
6200047,0.04609796453546453 
6210047,0.0450409620908847 
6220047,0.04701029526029526 
6230047,0.049248415391797744 
6240047,0.055923768010455316 
6250047,0.055828564409446765 
6260047,0.05819040681540681 
6270047,0.05145199653287889 
6280047,0.054512404262404265 
6290047,0.05708036152444047 
6300047,0.05497279313823432 
6310047,0.053396825396825394 
6320047,0.05630527805527805 
6330047,0.06417415142047496 
6340047,0.05832592815681051 
6350047,0.06789975710563946 
6360047,0.053859917043740574 
6370047,0.04793109096785567 
6380047,0.05485418462256698 
6390047,0.05868905604199722 
6400047,0.07863398121486356 
6410047,0.060207227413109764 
6420047,0.05242991036741037 
6430047,0.06214496073242204 
6440047,0.057025904650904645 
6450047,0.05297713805802041 
6460047,0.050190954878454874 
6470047,0.05433064770197124 
6480047,0.0603657682187094 
6490047,0.059020555833055835 
6500047,0.05824072607818738 
6510047,0.051733127983127986 
6520047,0.04453054298642534 
6530047,0.055324467199467195 
6540047,0.06197776365791072 
6550047,0.05650076617568877 
6560047,0.05491206198771988 
6570047,0.06113682967359438 
6580047,0.06110260469664494 
6590047,0.06423203185703186 
6600047,0.05143507391301509 
6610047,0.053709045039927385 
6620047,0.05377038933288933 
6630047,0.06760983460983461 
6640047,0.05635978808772926 
6650047,0.0671117007992008 
6660047,0.05236745199245199 
6670047,0.05965639404455194 
6680047,0.06854681429681429 
6690047,0.05148251258545376 
6700047,0.06233262832798437 
6710047,0.05094951576201576 
6720047,0.07158349983349983 
6730047,0.06326920301920301 
6740047,0.06068365784542255 
6750047,0.05298343323343323 
6760047,0.06917804132142366 
6770047,0.04867962103256221 
6780047,0.07731616300366301 
6790047,0.062119694632852517 
6800047,0.060863439256821604 
6810047,0.055626923729864906 
6820047,0.06212343212343212 
6830047,0.06266534854034854 
6840047,0.06153663003663004 
6850047,0.05653311272061272 
6860047,0.06973004773004773 
6870047,0.049294315978139505 
6880047,0.060454337329337325 
6890047,0.049844166862549215 
6900047,0.06467877465671583 
6910047,0.0554334484959485 
6920047,0.05464210299504417 
6930047,0.05255373629638336 
6940047,0.07452021997610232 
6950047,0.058407185135126306 
6960047,0.05377353202353202 
6970047,0.06331505994005994 
6980047,0.05001543228013817 
6990047,0.0600596903096903 
7000047,0.057156399156399154 
7010047,0.052581233094390986 
7020047,0.05178313761401997 
7030047,0.051405924850003795 
7040047,0.04814834215492111 
7050047,0.056056492118992114 
7060047,0.06206780513088562 
7070047,0.06409470594764712 
7080047,0.058367168778933484 
7090047,0.04678364179679969 
7100047,0.06272845596955504 
7110047,0.04150908119658119 
7120047,0.06337250943500944 
7130047,0.04999240239894265 
7140047,0.07668867243867244 
7150047,0.058077846989611694 
7160047,0.053709384977767324 
7170047,0.05608683391771627 
7180047,0.06523364462335052 
7190047,0.05220748001998002 
7200047,0.061689194577352474 
7210047,0.05196131134946924 
7220047,0.05712075832664068 
7230047,0.053588647463647464 
7240047,0.06353848439142556 
7250047,0.061010912698412696 
7260047,0.06264254699548817 
7270047,0.06641566766566767 
7280047,0.07660740158534277 
7290047,0.05110111598927389 
7300047,0.06469938394938396 
7310047,0.059369962553786085 
7320047,0.05327555083805084 
7330047,0.04976502664002665 
7340047,0.052969881425763775 
7350047,0.06059483571983571 
7360047,0.06871214896214896 
7370047,0.056166618104118105 
7380047,0.06709126290376291 
7390047,0.059696900321900316 
7400047,0.054670273139313386 
7410047,0.05948102795896913 
7420047,0.06764338847427083 
7430047,0.06603670349258584 
7440047,0.046000896978838156 
7450047,0.06027275420657774 
7460047,0.05147272172272173 
7470047,0.0670258951574741 
7480047,0.05190533078033077 
7490047,0.05421047008547008 
7500047,0.05472875653758006 
7510047,0.04595011932511933 
7520047,0.055663170163170156 
7530047,0.047523034563475744 
7540047,0.06169019869019868 
7550047,0.06393962899845251 
7560047,0.05603056665556665 
7570047,0.06113243700743701 
7580047,0.05370847820480174 
7590047,0.05505250713338949 
7600047,0.0492167069042069 
7610047,0.0464481906981907 
7620047,0.04889352722440957 
7630047,0.059660353728658674 
7640047,0.0508888513447337 
7650047,0.05223589604839605 
7660047,0.05142447267215069 
7670047,0.052413073038073035 
7680047,0.04295981284797074 
7690047,0.05338595432345432 
7700047,0.053843337218337214 
7710047,0.06151238344988345 
7720047,0.0450198641228053 
7730047,0.04134319846819848 
7740047,0.05473124098124098 
7750047,0.04849791181041182 
7760047,0.052582889332889335 
7770047,0.045928349428349426 
7780047,0.04732956207878809 
7790047,0.0629227577977578 
7800047,0.05937185037185037 
7810047,0.06274795465971936 
7820047,0.06849829337329337 
7830047,0.04989118724412842 
7840047,0.06423597644185879 
7850047,0.051700029137529135 
7860047,0.06495833741421976 
7870047,0.05708849402231756 
7880047,0.058378063521445867 
7890047,0.059101488788988785 
7900047,0.05306559127147362 
7910047,0.050138629344511694 
7920047,0.06949422309716428 
7930047,0.07188882849176967 
7940047,0.06402847846597848 
7950047,0.058212995337995344 
7960047,0.06670620188634895 
7970047,0.05213567804744276 
7980047,0.06415443298531534 
7990047,0.059072379009879016 
8000047,0.06820859206153324 
8010047,0.06052563816902052 
8020047,0.061994467950350296 
8030047,0.06137539258127494 
8040047,0.06620264172102408 
8050047,0.07334065422881211 
8060047,0.06110324580390369 
8070047,0.06254801856640092 
8080047,0.05769765833581623 
8090047,0.06745962983095335 
8100047,0.063729820832762 
8110047,0.06542898278192397 
8120047,0.06498256808550926 
8130047,0.04913430727768963 
8140047,0.06614543789543789 
8150047,0.05758478041566277 
8160047,0.060081788094945986 
8170047,0.06929295704295704 
8180047,0.056522273478155825 
8190047,0.06357570615658852 
8200047,0.053312767706150066 
8210047,0.05024549470137705 
8220047,0.06281607975357975 
8230047,0.0588196199225611 
8240047,0.053296489458254166 
8250047,0.04731944852533088 
8260047,0.06938268675768676 
8270047,0.0679744560994561 
8280047,0.07050588300588301 
8290047,0.052024732212232215 
8300047,0.061082042957042955 
8310047,0.06349370074370074 
8320047,0.059062312687312685 
8330047,0.054964646464646466 
8340047,0.05405911163999399 
8350047,0.05284802697302697 
8360047,0.038704642579642574 
8370047,0.04959679617767852 
8380047,0.05452429923018158 
8390047,0.05212391774891775 
8400047,0.05819961288711289 
8410047,0.06797609335109335 
8420047,0.05035622833049303 
8430047,0.05635209643297879 
8440047,0.04973424002468121 
8450047,0.059760933510933506 
8460047,0.06775315349425255 
8470047,0.06514746364746364 
8480047,0.05944545446383682 
8490047,0.060273543041925386 
8500047,0.054056166056166054 
8510047,0.06707870438385144 
8520047,0.06360583983010454 
8530047,0.059732504831769534 
8540047,0.06972835497835499 
8550047,0.060195690124289186 
8560047,0.05774969913127807 
8570047,0.05278312169856287 
8580047,0.061346116301998654 
8590047,0.059027035464535464 
8600047,0.058470022001562254 
8610047,0.05702349813069627 
8620047,0.05345545141133377 
8630047,0.05275073537573537 
8640047,0.056790771728271724 
8650047,0.05268574685118803 
8660047,0.054721273824214996 
8670047,0.07323723498723499 
8680047,0.06418943964532199 
8690047,0.0499226467976468 
8700047,0.06680079101325231 
8710047,0.07436186729936729 
8720047,0.054862512487512484 
8730047,0.04711988420076656 
8740047,0.04647576728826729 
8750047,0.05653733072483072 
8760047,0.052969340300222656 
8770047,0.056286665948430646 
8780047,0.0716104451104451 
8790047,0.05790548748636984 
8800047,0.05366133376427494 
8810047,0.05891730899819136 
8820047,0.043803162115662125 
8830047,0.058447899322899316 
8840047,0.04872016872016872 
8850047,0.0536996891996892 
8860047,0.04939909518585989 
8870047,0.06146532634032634 
8880047,0.06910579698079697 
8890047,0.07376226061520179 
8900047,0.05281064768564768 
8910047,0.0615929625929626 
8920047,0.05341301753801753 
8930047,0.05931937506937507 
8940047,0.06603459734709734 
8950047,0.046464345295227645 
8960047,0.05807486824321189 
8970047,0.05480065277859396 
8980047,0.05969408369408368 
8990047,0.05901003571591806 
9000047,0.06367737328031446 
9010047,0.06120178432678433 
9020047,0.04887698331080684 
9030047,0.05598498723498723 
9040047,0.062351862598186134 
9050047,0.05282589550971904 
9060047,0.05391873404373405 
9070047,0.0655268750856986 
9080047,0.062482836607836614 
9090047,0.06071024522862757 
9100047,0.05971812215562215 
9110047,0.06565516550443022 
9120047,0.03977057664557664 
9130047,0.0549505772005772 
9140047,0.06323250981474665 
9150047,0.055836729640328715 
9160047,0.04778851703851703 
9170047,0.04111489898989899 
9180047,0.05221911421911422 
9190047,0.06060401404151403 
9200047,0.04601933891272126 
9210047,0.05258113618407736 
9220047,0.05274533799533799 
9230047,0.0675532523032523 
9240047,0.045094085652909184 
9250047,0.05198378010878011 
9260047,0.054868749306249305 
9270047,0.049610583860583854 
9280047,0.05320379620379621 
9290047,0.05327487994032112 
9300047,0.05499940337440337 
9310047,0.05852626662553133 
9320047,0.04705262507100742 
9330047,0.05487643443158149 
9340047,0.06331700244200243 
9350047,0.04470221445221445 
9360047,0.06362963425463425 
9370047,0.051020872101754454 
9380047,0.05680707201295436 
9390047,0.04228230103230104 
9400047,0.06755313436563437 
9410047,0.05902876984126983 
9420047,0.049328892512716035 
9430047,0.049842099485481836 
9440047,0.048223042888484065 
9450047,0.051196754634254625 
9460047,0.05162327949827949 
9470047,0.04741343297225649 
9480047,0.05294681195996986 
9490047,0.05413855588855588 
9500047,0.0498934023492847 
9510047,0.05674261849261849 
9520047,0.05395410063792417 
9530047,0.035388396325896326 
9540047,0.05763546176046177 
9550047,0.054699752346037175 
9560047,0.04007504995004995 
9570047,0.05255848726436962 
9580047,0.047556013431013434 
9590047,0.05072592685092685 
9600047,0.06232772782772782 
9610047,0.06294578746416982 
9620047,0.06544708477796714 
9630047,0.051114514570396924 
9640047,0.046197136197136196 
9650047,0.06517802519118308 
9660047,0.05412806637806637 
9670047,0.07593128807467042 
9680047,0.04259173098143686 
9690047,0.04728301763595881 
9700047,0.06213741324035442 
9710047,0.05674554326392561 
9720047,0.04984925491175491 
9730047,0.046663211788211784 
9740047,0.04198836702513173 
9750047,0.04785729548229549 
9760047,0.053377873352138054 
9770047,0.053702637640137635 
9780047,0.04955022755022755 
9790047,0.05860883683310154 
9800047,0.059065665951695365 
9810047,0.037701867576867575 
9820047,0.04875000897795015 
9830047,0.05174902181152181 
9840047,0.04065456765456766 
9850047,0.047279604382545554 
9860047,0.04523439060939061 
9870047,0.05455947239035474 
9880047,0.06089559052059053 
9890047,0.06669309285485756 
9900047,0.0621715922965923 
9910047,0.0481483973542797 
9920047,0.04696725496725497 
9930047,0.05136281773781774 
9940047,0.04893595293595293 
9950047,0.06282348901098901 
9960047,0.04883062892989363 
9970047,0.05142789155289154 
9980047,0.048688159063159056 
9990047,0.04707176157176157 
10000047,0.046378399378399375 
10010047,0.0427032412032412 
10020047,0.06198887662045556 
10030047,0.05349006753050871 
10040047,0.05343452299334652 
10050047,0.05142249417249417 
10060047,0.04452518723106959 
10070047,0.0381026167459991 
10080047,0.057131771006771005 
10090047,0.04889969752469752 
10100047,0.05385684168772405 
10110047,0.05376917649344119 
10120047,0.052870423285864464 
10130047,0.045321654222970006 
10140047,0.05403941350187481 
10150047,0.061544608169608175 
10160047,0.048652689630630803 
10170047,0.05082904105698224 
10180047,0.052412518037518036 
10190047,0.05746988142576377 
10200047,0.06098511211011211 
10210047,0.06732903207903208 
10220047,0.0528399309024309 
10230047,0.05070024602590392 
10240047,0.04977038157920511 
10250047,0.05902580058830058 
10260047,0.05264352679484258 
10270047,0.06588824960728985 
10280047,0.07254705403815312 
10290047,0.06368189571866043 
10300047,0.058384584777967125 
10310047,0.05178819505657741 
10320047,0.059409188034188036 
10330047,0.06495074778163012 
10340047,0.05967371517371517 
10350047,0.05722306166056166 
10360047,0.06848616171410288 
10370047,0.055917471417471415 
10380047,0.04720072492866611 
10390047,0.04972164844958962 
10400047,0.08327803160891395 
10410047,0.06987798720886956 
10420047,0.05789725552225553 
10430047,0.07783191114441114 
10440047,0.04944067044067044 
10450047,0.0613997113997114 
10460047,0.0657460774519598 
10470047,0.054865960428460425 
10480047,0.0640164418914419 
10490047,0.06784055038099156 
10500047,0.06628171542509778 
10510047,0.060058239339779586 
10520047,0.0699434385059385 
10530047,0.06909625097125097 
10540047,0.07037965506715507 
10550047,0.06627831890331891 
10560047,0.055535293138234305 
10570047,0.0669173604173604 
10580047,0.05004908979908979 
10590047,0.060880970336852684 
10600047,0.050060841935841933 
10610047,0.041676792570174925 
10620047,0.05598124098124098 
10630047,0.0529261988011988 
10640047,0.04618876956376956 
10650047,0.06378595913890031 
10660047,0.05451465201465202 
10670047,0.052154996749036994 
10680047,0.05938565601065601 
10690047,0.03863535973830091 
10700047,0.05326886308136308 
10710047,0.06642519000607236 
10720047,0.056580358367123065 
10730047,0.06475270317917377 
10740047,0.05207956626706627 
10750047,0.05991625245669363 
10760047,0.057745022134728013 
10770047,0.05946800421800422 
10780047,0.06002933074837099 
10790047,0.07479400379032733 
10800047,0.07168616982432771 
10810047,0.06264561133311133 
10820047,0.0656813166193971 
10830047,0.059521212039594394 
10840047,0.07240984913779032 
10850047,0.06143922232738022 
10860047,0.05934741157535275 
10870047,0.05483135328723564 
10880047,0.053420038295038295 
10890047,0.06066723919355498 
10900047,0.05367119400207636 
10910047,0.054133608629932155 
10920047,0.053124893080775434 
10930047,0.05927799874703899 
10940047,0.05831003432841668 
10950047,0.06205973193473193 
10960047,0.049656781728763144 
10970047,0.05953137752770106 
10980047,0.058942377067377066 
10990047,0.06356669719169719 
11000047,0.046558863715403964 
11010047,0.056841790154290146 
11020047,0.04294892321730557 
11030047,0.05895898953987189 
11040047,0.045804570429570424 
11050047,0.04930522438088228 
11060047,0.051243048618048605 
11070047,0.05442922763510999 
11080047,0.05586600327776799 
11090047,0.054041869078633786 
11100047,0.060711434398934394 
11110047,0.05126389296977532 
11120047,0.055018134643134646 
11130047,0.05536270673770674 
11140047,0.05667665790092261 
11150047,0.052249339905880154 
11160047,0.06223218366600719 
11170047,0.058867766005923895 
11180047,0.07485170975825 
11190047,0.06398790996585114 
11200047,0.059915890890155594 
11210047,0.058760280569104095 
11220047,0.07066854673104672 
11230047,0.06795552750912658 
11240047,0.05676454509542744 
11250047,0.06051677489177489 
11260047,0.056066638835021186 
11270047,0.059269577644577645 
11280047,0.06880073989478014 
11290047,0.06434885947385947 
11300047,0.0618681734931735 
11310047,0.05412356801695037 
11320047,0.05070280128368363 
11330047,0.05425323981573982 
11340047,0.05640690559440559 
11350047,0.06990987484737485 
11360047,0.060864996114996114 
11370047,0.05750894448688566 
11380047,0.06868565462315462 
11390047,0.06816622266622266 
11400047,0.05115049022614812 
11410047,0.061019685788068136 
11420047,0.0610461662520486 
11430047,0.06638817146905382 
11440047,0.07319377762760115 
11450047,0.05679609279609279 
11460047,0.06517451298701298 
11470047,0.056881108872207944 
11480047,0.060322885447885444 
11490047,0.0551638957447781 
11500047,0.04682307969807971 
11510047,0.05339430014430015 
11520047,0.05485165243253478 
11530047,0.0507010212010212 
11540047,0.06392195304695304 
11550047,0.06546331446331446 
11560047,0.0659437131495955 
11570047,0.05144393106893107 
11580047,0.05724061069649305 
11590047,0.05314681152181151 
11600047,0.05523160866910867 
11610047,0.044469974469974465 
11620047,0.04891672339098809 
11630047,0.06271305491893726 
11640047,0.06112210012210012 
11650047,0.05352491952491953 
11660047,0.06547026584526584 
11670047,0.05245639776889776 
11680047,0.0732957459207459 
11690047,0.06176334694717048 
11700047,0.059189709778525564 
11710047,0.06544400044400044 
11720047,0.06373641554523907 
11730047,0.06115865588659706 
11740047,0.05977843684093684 
11750047,0.057021256521256516 
11760047,0.039731118146559316 
11770047,0.05864668501433208 
11780047,0.059560700329082686 
11790047,0.0488482905982906 
11800047,0.04855641252022831 
11810047,0.05376902264402264 
11820047,0.05670981795981796 
11830047,0.042257588816412346 
11840047,0.05706229391523509 
11850047,0.04779945463033698 
11860047,0.052240948593889766 
11870047,0.04165315934065934 
11880047,0.04951562326562327 
11890047,0.04838500388500388 
11900047,0.0644910644910645 
11910047,0.06355339227765698 
11920047,0.05270508116754247 
11930047,0.051093918937959185 
11940047,0.050333437395937396 
11950047,0.05566272105087894 
11960047,0.0449098679098679 
11970047,0.045415806415806406 
11980047,0.052023476523476525 
11990047,0.05055198967698968 
12000047,0.04001649045399045 
12010047,0.03919818090406326 
12020047,0.04592293817293818 
12030047,0.059820678289718536 
12040047,0.06449464832553067 
12050047,0.05226708422296657 
12060047,0.05406748806748807 
12070047,0.057015054390054394 
12080047,0.05181248816542935 
12090047,0.06296645144071615 
12100047,0.05791445972328326 
12110047,0.05711598532186767 
12120047,0.05905377955377955 
12130047,0.05886883459677577 
12140047,0.07180326536208889 
12150047,0.06797108855197091 
12160047,0.06862903069153069 
12170047,0.06480981518481518 
12180047,0.05775934604611075 
12190047,0.05448057130777719 
12200047,0.06974699524331877 
12210047,0.056719683094683095 
12220047,0.05834161160476951 
12230047,0.0523781763472166 
12240047,0.05969756264976853 
12250047,0.05623085084849791 
12260047,0.058580683205683194 
12270047,0.07075599011841271 
12280047,0.06474896835190953 
12290047,0.07443013644851881 
12300047,0.06236431338269574 
12310047,0.0716596250971251 
12320047,0.06170987345987346 
12330047,0.051772963147963154 
12340047,0.0648860604265016 
12350047,0.0577388653013653 
12360047,0.06391416916416917 
12370047,0.06403567470111587 
12380047,0.06497084165834166 
12390047,0.06536634199134199 
12400047,0.060219576175458533 
12410047,0.054878552003552 
12420047,0.07053863334378041 
12430047,0.05049441245029479 
12440047,0.04930166361416362 
12450047,0.06813407425907425 
12460047,0.06758453352203352 
12470047,0.06748044183628549 
12480047,0.06340436850730968 
12490047,0.06380081723831724 
12500047,0.05285519004559251 
12510047,0.06266263311851547 
12520047,0.05445333547171782 
12530047,0.05905358019173809 
12540047,0.062216859529359535 
12550047,0.05300161358249593 
12560047,0.04718798745114535 
12570047,0.06641616716616718 
12580047,0.07067576867576868 
12590047,0.06421751348067137 
12600047,0.049230434898778555 
12610047,0.05208763458763459 
12620047,0.061075764513264505 
12630047,0.05679492729492729 
12640047,0.05957550782550783 
12650047,0.056401196026196025 
12660047,0.0626219128094128 
12670047,0.05618586968586969 
12680047,0.0596483793983794 
12690047,0.06323199023199023 
12700047,0.051192814130314124 
12710047,0.06187597043479396 
12720047,0.0627585204827852 
12730047,0.06633644571802466 
12740047,0.051320079838462186 
12750047,0.058914786602286606 
12760047,0.0798000117572486 
12770047,0.056717747530247525 
12780047,0.05926026261320379 
12790047,0.07792959532297768 
12800047,0.06780640193140192 
12810047,0.06352044483294483 
12820047,0.06515273819317936 
12830047,0.05414503960092195 
12840047,0.051806965909907084 
12850047,0.0595554168054168 
12860047,0.046588935982318336 
12870047,0.06842439423321776 
12880047,0.056884663947163946 
12890047,0.07418625818625818 
12900047,0.05550059866603984 
12910047,0.049131011961894316 
12920047,0.06027908641066535 
12930047,0.05312556397850516 
12940047,0.042694853757353754 
12950047,0.06082627095127095 
12960047,0.0474604353979354 
12970047,0.046408077216900746 
12980047,0.056034826284826283 
12990047,0.05965116337910455 
13000047,0.05445892016480253 
13010047,0.04603762362508492 
13020047,0.056037637800795695 
13030047,0.04651560939060939 
13040047,0.06498440162778397 
13050047,0.05584953241203241 
13060047,0.05633313315511458 
13070047,0.04844273474633381 
13080047,0.05429789083465554 
13090047,0.050510775773933675 
13100047,0.05765859548947784 
13110047,0.06910140480864164 
13120047,0.04993817293817294 
13130047,0.05353499278499278 
13140047,0.05590373923462159 
13150047,0.05113039942084059 
13160047,0.05841163003663004 
13170047,0.06790979853479853 
13180047,0.06838370697929522 
13190047,0.05872314042166983 
13200047,0.060719220322161496 
13210047,0.05368455155955156 
13220047,0.05597141053391054 
13230047,0.07099236822688834 
13240047,0.07019285289873525 
13250047,0.07388928432678432 
13260047,0.045389926658309 
13270047,0.05810315093403329 
13280047,0.05195205897044132 
13290047,0.05619467052555288 
13300047,0.04136702186702187 
13310044,0.059927926240426234 
13320044,0.049263622407004756 
13330044,0.05553449328449329 
13340044,0.0614402721461545 
13350044,0.05940929903429903 
13360044,0.056326673326673314 
13370044,0.05020113913863915 
13380044,0.0651045621045621 
13390044,0.05485273958068076 
13400044,0.07487472943722943 
13410044,0.04742257048507049 
13420044,0.05774206349206348 
13430044,0.05235883968972205 
13440044,0.052192239541504246 
13450044,0.05331874294006647 
13460044,0.04972608641358642 
13470044,0.06777721072786863 
13480044,0.05173443141825494 
13490044,0.05495952658452659 
13500044,0.07339239926739927 
13510044,0.06540845184227537 
13520044,0.051026873045255404 
13530044,0.0584476356976357 
13540044,0.06437555010349127 
13550044,0.05381328393828394 
13560044,0.06753111675905793 
13570044,0.05597935397935398 
13580044,0.05309309848648084 
13590044,0.05717940801029037 
13600044,0.06280521866764127 
13610044,0.07449674119739909 
13620044,0.0421027652902653 
13630044,0.07151116938616939 
13640044,0.05735694860694861 
13650044,0.05810712898212898 
13660044,0.041981449106449104 
13670044,0.054801105756988114 
13680044,0.051820725026607374 
13690044,0.05333453760291995 
13700044,0.062174277111777115 
13710044,0.05273465341847695 
13720044,0.06207787351537352 
13730044,0.05588266798560916 
13740044,0.0492502775002775 
13750044,0.04886364738202973 
13760044,0.04924534697328815 
13770044,0.056937552643434995 
13780044,0.05686929043179043 
13790044,0.05609709734709734 
13800044,0.05614719512513631 
13810044,0.05630769638857874 
13820044,0.059514874014874014 
13830044,0.04820880508380508 
13840044,0.0678796195634431 
13850044,0.05900063131313131 
13860044,0.07682461982461983 
13870044,0.05463996828335063 
13880044,0.061005026835909186 
13890044,0.04887851445939681 
13900044,0.056667248601072126 
13910044,0.06083718079306315 
13920044,0.059885771091653446 
13930044,0.0600065094219506 
13940044,0.06858346514596514 
13950044,0.06896628983761337 
13960044,0.07140272227772228 
13970044,0.06619751234747366 
13980044,0.04672659407585878 
13990044,0.05824712297506416 
14000044,0.058244868070525965 
14010044,0.0598747037276449 
14020044,0.05724503274503274 
14030044,0.0497137625446449 
14040044,0.06522315388859506 
14050044,0.04989082954369332 
14060044,0.056628253690753694 
14070044,0.04985100642821231 
14080044,0.062250756188256186 
14090044,0.0563819138377962 
14100044,0.06303546453546453 
14110044,0.06518625818625817 
14120044,0.06265020396270396 
14130044,0.05406609770948005 
14140044,0.0537435244494068 
14150044,0.06232731565819801 
14160044,0.05935238780827015 
14170044,0.07029844461094462 
14180044,0.0693348457098457 
14190044,0.07667678971355442 
14200044,0.06546793636789766 
14210044,0.0756838231213231 
14220044,0.0718295307633543 
14230044,0.06438599309187544 
14240044,0.07557608108266002 
14250044,0.06864818003633794 
14260044,0.07210834304584304 
14270044,0.07149079575395366 
14280044,0.05688339846428082 
14290044,0.06875816952655188 
14300044,0.06933624627006979 
14310044,0.0658002553002553 
14320044,0.06660074565956918 
14330044,0.05827949134199134 
14340044,0.06676565874785689 
14350044,0.061179709179709184 
14360044,0.0491006771006771 
14370044,0.07111763767278473 
14380044,0.04100586913086913 
14390044,0.05184605876149994 
14400044,0.05388068589906826 
14410044,0.06505868151456387 
14420044,0.0662210516092095 
14430044,0.06050894856777209 
14440044,0.05695128482628482 
14450044,0.061369845432345436 
14460044,0.06568859612609612 
14470044,0.0621657827466651 
14480044,0.059317991648874 
14490044,0.057559429949135835 
14500044,0.056421704520969215 
14510044,0.05779946442446443 
14520044,0.05396651959151959 
14530044,0.05043477794135688 
14540044,0.05119218975468975 
14550044,0.045565751134830086 
14560044,0.049391226828726834 
14570044,0.056053952991452986 
14580044,0.06269280719280719 
14590044,0.06320069228157463 
14600044,0.05329079254079254 
14610044,0.056741922894786676 
14620044,0.04817330790124908 
14630044,0.06239951714951715 
14640044,0.05494638000888001 
14650044,0.06610416666666667 
14660044,0.06898910811410812 
14670044,0.06212914759818784 
14680044,0.0600843066247478 
14690044,0.04672886835386835 
14700044,0.05807297563547562 
14710044,0.05468073593073593 
14720044,0.0490923880041527 
14730044,0.07058832833832834 
14740044,0.0449536268470092 
14750044,0.060913003663003666 
14760044,0.04449781182869419 
14770044,0.06998585135195041 
14780044,0.06679293623043622 
14790044,0.05803774186339975 
14800044,0.05964193159781395 
14810044,0.05459187258819611 
14820044,0.04688617754794225 
14830044,0.06413847957597957 
14840044,0.05953297397047397 
14850044,0.05975472444222445 
14860044,0.05685747993836229 
14870044,0.06175495746083982 
14880044,0.0498692430935078 
14890044,0.04963808413808415 
14900044,0.057941709434356496 
14910044,0.05526225367769486 
14920044,0.05610303971913879 
14930044,0.06430200763288998 
14940044,0.06632494771310561 
14950044,0.06452794172202067 
14960044,0.06034882478632479 
14970044,0.05915408202908203 
14980044,0.05175984432234432 
14990044,0.05599973555855909 
15000044,0.06779936626840652 
15010044,0.05727487278803069 
15020044,0.058381614708820584 
15030044,0.051271378539760895 
15040044,0.05583296278884514 
15050044,0.078370226995227 
15060044,0.05882467940556176 
15070044,0.06826180763680763 
15080044,0.0684644105894106 
15090044,0.06445587234403023 
15100044,0.061759459902842255 
15110044,0.06706841075591076 
15120044,0.06268711843711844 
15130044,0.06532412930207049 
15140044,0.056445947026829375 
15150044,0.05443204711954712 
15160044,0.048066322566322574 
15170044,0.05763103889574477 
15180044,0.05723230935730936 
15190044,0.06631100353894472 
15200044,0.05450226162726162 
15210044,0.057414228745111096 
15220044,0.06617820496496968 
15230044,0.05952840215340215 
15240044,0.06495255621571411 
15250044,0.06261336762652552 
15260044,0.06472744227736488 
15270044,0.043534257409257406 
15280044,0.06060995948495949 
15290044,0.054899542042924396 
15300044,0.0693579476079476 
15310044,0.04700080883169118 
15320044,0.05503400194576665 
15330044,0.06540292550586668 
15340044,0.06468803418803418 
15350044,0.0545855463980464 
15360044,0.05778881535131536 
15370044,0.05378067602332308 
15380044,0.05502156177156177 
15390044,0.057238116050616045 
15400044,0.0639025945459769 
15410044,0.054432169138051496 
15420044,0.058141164391164395 
15430044,0.05217633755133755 
15440044,0.06730495892995894 
15450044,0.059890225271804216 
15460044,0.06972369991119991 
15470044,0.06299717357805593 
15480044,0.050162966118848476 
15490044,0.06557747154805979 
15500044,0.046917104137692366 
15510044,0.07534054322870112 
15520044,0.05763703575835928 
15530044,0.057482951688834036 
15540044,0.05034424807218924 
15550044,0.04953943461509251 
15560044,0.056339313464313465 
15570044,0.054134404188003256 
15580044,0.054517309079809076 
15590044,0.05981783494283494 
15600044,0.05726864984430774 
15610044,0.05333215314097667 
15620044,0.0584606357694593 
15630044,0.06536545113383349 
15640044,0.05658489141577377 
15650044,0.06382941312643324 
15660044,0.07118324853251323 
15670044,0.04972437978687978 
15680044,0.07774217449217449 
15690044,0.059482191419691424 
15700044,0.07128144078144077 
15710044,0.0567418414918415 
15720044,0.06573536390080509 
