10000,-98.85 
20000,-99.25 
30000,-98.9 
40037,-98.12935323383084 
50037,-98.4 
60037,-97.7 
70037,-96.6 
80037,-94.7 
90037,-91.35 
100004,-89.17 
110028,-87.50248756218906 
120034,-85.98009950248756 
130015,-86.01 
140028,-84.48514851485149 
150007,-85.16417910447761 
160030,-80.31884057971014 
170015,-84.87562189054727 
180047,-85.41584158415841 
190049,-82.92610837438424 
200010,-80.60098522167488 
210021,-81.33990147783251 
220037,-77.77669902912622 
230021,-77.07766990291262 
240028,-74.80382775119617 
250037,-77.18840579710145 
260032,-75.88516746411483 
270040,-69.51851851851852 
280045,-73.42857142857143 
290038,-65.76146788990826 
300003,-73.19047619047619 
310030,-70.62325581395349 
320048,-72.98591549295774 
330046,-78.2415458937198 
340026,-74.05660377358491 
350038,-75.25714285714285 
360025,-69.78703703703704 
370005,-65.18348623853211 
380002,-52.782978723404256 
390013,-46.55144032921811 
400003,-41.34920634920635 
410004,-36.038167938931295 
420019,-28.49264705882353 
430032,-18.581939799331103 
440017,-14.096774193548388 
450001,-2.605341246290801 
460005,4.314363143631437 
470018,6.8871391076115485 
480025,-1.1477272727272727 
490006,-6.771513353115727 
500040,-16.681528662420384 
510014,-19.728476821192054 
520004,-24.794520547945204 
530042,-22.276094276094277 
540034,-13.525316455696203 
550048,-10.847560975609756 
560005,-6.961876832844575 
570013,-7.59882005899705 
580007,-13.473354231974922 
590030,-17.19871794871795 
600021,-17.838187702265373 
610043,-20.045307443365697 
620009,-21.368770764119603 
630036,-19.461038961038962 
640028,-32.731884057971016 
650011,-29.558718861209965 
660027,-27.20415224913495 
670007,-31.57706093189964 
680021,-38.53731343283582 
690004,-33.5 
700026,-38.29213483146067 
710049,-33.85401459854015 
720037,-36.11895910780669 
730032,-31.003584229390682 
740007,-33.04347826086956 
750041,-36.955555555555556 
760035,-37.13533834586466 
770039,-35.21167883211679 
780014,-25.616438356164384 
790026,-31.89855072463768 
800008,-29.236749116607776 
810004,-33.00361010830325 
820003,-37.12452830188679 
830000,-42.66147859922179 
840024,-39.916666666666664 
850026,-40.81679389312977 
860026,-37.803030303030305 
870007,-44.43478260869565 
880005,-37.01901140684411 
890047,-34.2 
900008,-46.40163934426229 
910016,-37.06818181818182 
920009,-42.07751937984496 
930000,-42.1171875 
940043,-37.56060606060606 
950042,-41.13833992094862 
960048,-42.26984126984127 
970026,-42.0 
980040,-38.703125 
990040,-35.5 
1000006,-38.58498023715415 
1010011,-37.944664031620555 
1020041,-41.04 
1030010,-42.16064257028113 
1040023,-34.160919540229884 
1050045,-36.93846153846154 
1060007,-33.22007722007722 
1070037,-28.014705882352942 
1080015,-26.84870848708487 
1090043,-34.86821705426357 
1100023,-28.65671641791045 
1110041,-26.458181818181817 
1120009,-38.833333333333336 
1130035,-29.970037453183522 
1140009,-37.9921568627451 
1150006,-37.82470119521912 
1160031,-31.705426356589147 
1170001,-45.349794238683124 
1180004,-38.935483870967744 
1190005,-51.97435897435897 
1200001,-48.398305084745765 
1210024,-47.95020746887967 
1220001,-48.391666666666666 
1230007,-56.44347826086957 
1240026,-43.70612244897959 
1250036,-45.204918032786885 
1260028,-47.75732217573222 
1270027,-45.51898734177215 
1280012,-43.84615384615385 
1290001,-38.338582677165356 
1300013,-43.46825396825397 
1310016,-26.267148014440433 
1320030,-22.22695035460993 
1330034,-14.611295681063122 
1340003,-12.09032258064516 
1350045,-9.28930817610063 
1360015,-11.934426229508198 
1370013,-10.666666666666666 
1380010,-20.885017421602786 
1390026,-17.746575342465754 
1400020,-19.273972602739725 
1410007,-16.242424242424242 
1420032,-9.71608832807571 
1430045,-11.333333333333334 
1440005,-10.12987012987013 
1450047,-11.258785942492013 
1460021,-6.363076923076923 
1470015,-3.7664670658682633 
1480009,1.0883190883190883 
1490006,0.24641833810888253 
1500009,7.794594594594595 
1510004,3.0898876404494384 
1520002,9.098958333333334 
1530000,9.77892030848329 
1540003,4.970027247956403 
1550049,4.572207084468665 
1560043,7.287598944591029 
1570006,10.757731958762887 
1580000,13.67237163814181 
1590033,10.343589743589744 
1600014,13.80451127819549 
1610041,12.326633165829145 
1620027,17.285046728971963 
1630002,16.778846153846153 
1640002,16.714285714285715 
1650014,23.440347071583513 
1660016,25.076923076923077 
1670011,25.010660980810236 
1680015,27.024489795918367 
1690009,27.820408163265306 
1700020,27.45528455284553 
1710000,28.93909626719057 
1720001,26.7172131147541 
1730003,28.08817635270541 
1740018,29.649122807017545 
1750013,28.537074148296593 
1760042,27.885947046843178 
1770000,29.67193675889328 
1780031,27.922764227642276 
1790021,29.54724409448819 
1800013,27.54320987654321 
1810019,28.79116465863454 
1820011,27.958932238193018 
1830015,24.843010752688173 
1840011,27.195020746887966 
1850000,28.517311608961304 
1860008,28.39591836734694 
1870004,28.31211498973306 
1880006,26.313978494623655 
1890007,28.86234817813765 
1900004,28.746987951807228 
1910018,25.46086956521739 
1920021,26.30406852248394 
1930014,29.04225352112676 
1940007,27.529166666666665 
1950004,28.290983606557376 
1960014,27.60914760914761 
1970022,29.90854870775348 
1980014,27.502057613168724 
1990024,29.721115537848604 
2000010,28.743434343434345 
2010003,27.621399176954732 
2020008,29.363817097415506 
2030004,28.30204081632653 
2040023,26.767634854771785 
2050002,27.473029045643152 
2060015,28.88577154308617 
2070010,27.556935817805382 
2080024,29.545816733067728 
2090010,29.436 
2100041,31.024761904761906 
2110013,30.87189292543021 
2120011,34.159010600706715 
2130008,32.666666666666664 
2140001,34.34797891036907 
2150008,34.5130890052356 
2160012,35.329896907216494 
2170000,34.98086956521739 
2180003,34.21478873239437 
2190008,35.24786324786325 
2200018,36.868852459016395 
2210000,36.67107438016529 
2220009,37.993620414673046 
2230002,36.89802631578947 
2240008,37.64102564102564 
2250013,36.63382594417077 
2260002,34.51903114186851 
2270017,34.411764705882355 
2280000,34.64359861591696 
2290000,34.66321243523316 
2300010,34.258620689655174 
2310032,33.225 
2320006,34.241134751773046 
2330007,34.50259965337955 
2340010,34.628865979381445 
2350001,35.39424703891709 
2360016,35.72390572390572 
2370008,37.082926829268295 
2380013,35.00848896434635 
2390014,34.774744027303754 
2400011,35.370184254606365 
2410001,36.083333333333336 
2420002,35.61421319796954 
2430003,37.256410256410255 
2440049,35.29075630252101 
2450004,35.726351351351354 
2460017,36.16556291390729 
2470005,33.24601769911504 
2480023,32.053859964093355 
2490023,33.27985739750446 
2500022,30.804469273743017 
2510011,33.84027777777778 
2520005,33.06293706293706 
2530002,31.86764705882353 
2540029,32.53309481216458 
2550017,31.206642066420663 
2560012,31.62162162162162 
2570019,32.58553791887125 
2580002,30.934545454545454 
2590019,31.175600739371536 
2600036,34.0104347826087 
2610021,34.17677642980936 
2620007,35.535353535353536 
2630010,37.791332263242374 
2640016,37.11869918699187 
2650007,37.56869009584665 
2660009,37.103896103896105 
2670006,37.182552504038775 
2680024,35.48571428571429 
2690001,38.497637795275594 
2700019,37.80503144654088 
2710000,36.980327868852456 
2720007,38.141287284144425 
2730003,37.40418679549114 
2740002,36.89250814332247 
2750002,36.31404958677686 
2760005,36.558292282430216 
2770022,36.77504105090312 
2780012,36.93311582381729 
2790005,37.677830940988834 
2800003,36.855305466237944 
2810005,36.5615763546798 
2820006,36.333333333333336 
2830017,36.884927066450565 
2840020,36.62950819672131 
2850004,35.39322033898305 
2860028,35.57575757575758 
2870010,35.24745762711864 
2880015,35.986622073578594 
2890002,35.721943048576215 
2900001,34.80617495711835 
2910005,36.66446280991735 
2920012,34.626916524701876 
2930011,36.691927512355846 
2940027,35.95695364238411 
2950006,35.02054794520548 
2960003,36.51655629139073 
2970018,35.60606060606061 
2980002,35.916247906197654 
2990037,35.25337837837838 
3000011,34.77186963979417 
3010000,34.84048027444254 
3020003,33.73076923076923 
3030022,35.18043844856661 
3040005,37.5584 
3050001,35.3106960950764 
3060016,36.05 
3070011,37.35909822866345 
3080005,35.54208754208754 
3090000,36.46864686468647 
3100008,34.42068965517242 
3110003,36.41447368421053 
3120001,36.25460636515913 
3130012,36.723684210526315 
3140014,35.79251700680272 
3150002,34.520833333333336 
3160001,34.90846286701209 
3170009,34.397212543554005 
3180008,32.77536231884058 
3190012,34.140845070422536 
3200001,31.602230483271377 
3210020,32.080145719489984 
3220008,30.791044776119403 
3230010,32.11334552102377 
3240017,30.444444444444443 
3250022,30.817843866171003 
3260020,32.330308529945555 
3270016,33.312056737588655 
3280010,34.60945709281962 
3290013,36.31281198003328 
3300006,36.61794019933555 
3310000,36.50574712643678 
3320008,37.370607028753994 
3330013,36.45107794361526 
3340001,37.34516129032258 
3350011,37.221324717285945 
3360007,37.351612903225806 
3370020,39.098461538461535 
3380003,38.56651017214398 
3390007,37.157556270096464 
3400008,39.11145038167939 
3410011,37.25566343042071 
3420031,38.200312989045386 
3430004,37.901116427432214 
3440010,37.66453674121406 
3450002,37.792663476874004 
3460006,38.043887147335425 
3470011,36.63414634146341 
3480004,37.530546623794216 
3490002,38.30283911671924 
3500001,38.06003159557662 
3510007,37.30194805194805 
3520002,36.53658536585366 
3530009,36.28665568369028 
3540010,37.0671031096563 
3550021,37.54093097913323 
3560010,37.78446909667195 
3570002,38.53834115805947 
3580001,35.1554054054054 
3590015,35.679465776293824 
3600010,36.721311475409834 
3610011,35.215488215488215 
3620006,36.49180327868852 
3630000,36.42483660130719 
3640018,36.72195121951219 
3650010,36.51876019575857 
3660007,36.671052631578945 
3670010,34.930860033726816 
3680005,35.008635578583764 
3690007,37.93620414673046 
3700004,37.6736 
3710002,36.56859504132231 
3720009,35.23287671232877 
3730001,36.75328947368421 
3740005,35.89261744966443 
3750010,35.51782682512734 
3760012,36.324958123953095 
3770010,37.01948051948052 
3780007,37.566343042071196 
3790008,35.75212224108659 
3800001,37.36038961038961 
3810003,36.615894039735096 
3820020,35.76254180602007 
3830024,36.92635024549918 
3840005,38.18441971383148 
3850009,37.321486268174475 
3860011,36.61639344262295 
3870003,36.80263157894737 
3880019,37.544871794871796 
3890006,35.97319932998325 
3900009,37.276252019386106 
3910017,35.71380471380471 
3920001,37.39102564102564 
3930013,37.803174603174604 
3940013,37.73162939297124 
3950006,35.40577249575552 
3960010,36.211920529801326 
3970003,36.40199335548173 
3980010,34.97610921501707 
3990014,34.00350877192982 
4000017,36.01331114808652 
4010005,36.90196078431372 
4020003,35.629629629629626 
4030004,36.04666666666667 
4040003,37.064935064935064 
4050003,36.53465346534654 
4060009,37.712460063897765 
4070006,36.94155844155844 
4080000,36.675409836065576 
4090001,36.252873563218394 
4100008,37.159609120521175 
4110016,36.96235679214403 
4120004,36.65686274509804 
4130005,35.45575959933222 
4140008,36.76547231270359 
4150007,35.960396039603964 
4160019,35.53949579831933 
4170008,37.071661237785015 
4180022,36.675409836065576 
4190008,37.22077922077922 
4200006,37.50645161290323 
4210010,35.5327731092437 
4220000,36.68316831683168 
4230009,35.35690235690236 
4240000,36.04318936877076 
4250005,36.80327868852459 
4260011,35.65829145728643 
4270038,35.001709401709405 
4280013,34.837606837606835 
4290003,34.83704974271012 
4300032,35.58163265306123 
4310004,34.21554770318021 
4320002,34.17223198594024 
4330013,34.902229845626074 
4340014,33.91489361702128 
4350000,33.0954954954955 
4360020,34.504347826086956 
4370010,32.541133455210236 
4380024,32.95323741007194 
4390013,33.25314183123878 
4400013,32.321755027422306 
4410000,34.97594501718213 
4420003,34.58086956521739 
4430001,35.00684931506849 
4440004,36.31719532554257 
4450012,36.52980132450331 
4460010,36.805280528052805 
4470000,36.49586776859504 
4480003,35.98003327787021 
4490010,35.156089193825046 
4500001,35.94039735099338 
4510008,36.81685575364668 
4520000,37.48553054662379 
4530000,36.954397394136805 
4540004,38.614664586583466 
4550019,38.31761006289308 
4560005,37.235955056179776 
4570016,37.584664536741215 
4580014,36.824675324675326 
4590003,36.516447368421055 
4600002,36.86407766990291 
4610008,37.544871794871796 
4620003,38.10126582278481 
4630002,37.88291139240506 
4640008,38.0 
4650007,36.341543513957305 
4660013,37.368589743589745 
4670001,37.51033386327504 
4680021,36.23973727422003 
4690006,36.849757673667206 
4700017,36.40065681444992 
4710005,37.98101265822785 
4720008,37.63751987281399 
4730013,38.73651771956857 
4740009,37.30016051364366 
4750020,39.04747320061256 
4760011,38.25157232704402 
4770006,38.275862068965516 
4780011,38.02839116719243 
4790049,38.79076923076923 
4800008,37.19224555735057 
4810009,38.322378716744915 
4820005,37.88235294117647 
4830010,38.89060092449923 
4840005,37.61526232114468 
4850014,38.41679626749611 
4860011,38.350387596899225 
4870008,38.59627329192546 
4880008,37.879746835443036 
4890004,37.42857142857143 
4900001,37.07142857142857 
4910001,38.27856025039124 
4920009,37.93680884676145 
4930002,38.258267716535435 
4940007,37.17495987158909 
4950000,37.896062992125984 
4960006,36.90228013029316 
4970005,38.503125 
4980006,36.379705400982 
4990006,37.74603174603175 
5000010,37.116129032258065 
5010011,37.51282051282051 
5020005,36.04255319148936 
5030008,36.27953410981697 
5040005,37.58199356913183 
5050002,36.295190713101164 
5060003,36.488524590163934 
5070006,35.74496644295302 
5080011,36.34266886326194 
5090029,35.946308724832214 
5100001,35.036144578313255 
5110007,36.17218543046358 
5120003,35.22504230118443 
5130019,35.056603773584904 
5140009,35.752961082910325 
