10000,-99.0 
20000,-99.0 
30000,-98.5999984741211 
40037,-97.83999633789062 
50037,-97.80000305175781 
60037,-97.30000305175781 
70037,-96.5 
80037,-93.9000015258789 
90037,-90.5999984741211 
100004,-88.44000244140625 
110028,-88.0999984741211 
120034,-85.36000061035156 
130015,-85.87999725341797 
140028,-83.0 
150007,-85.54000091552734 
160030,-82.18000030517578 
170015,-84.12000274658203 
180047,-86.0999984741211 
190049,-81.44000244140625 
200010,-77.36000061035156 
210021,-82.5999984741211 
220037,-76.77999877929688 
230021,-71.73999786376953 
240028,-75.5199966430664 
250037,-77.05999755859375 
260032,-77.12000274658203 
270040,-65.91999816894531 
280045,-75.5999984741211 
290038,-63.41999816894531 
300003,-71.0999984741211 
310030,-71.04000091552734 
320048,-74.26000213623047 
330046,-75.23999786376953 
340026,-73.87999725341797 
350038,-73.4800033569336 
360025,-69.27999877929688 
370005,-63.13999938964844 
380002,-49.380001068115234 
390013,-34.380001068115234 
400003,-43.31999969482422 
410004,-31.559999465942383 
420019,-28.0 
430032,-14.979999542236328 
440017,-4.28000020980835 
450001,-9.220000267028809 
460005,-1.159999966621399 
470018,6.900000095367432 
480025,-8.619999885559082 
490006,-18.34000015258789 
500040,-13.319999694824219 
510014,-20.3799991607666 
520004,-22.520000457763672 
530042,-21.5 
540034,-15.5 
550048,-10.680000305175781 
560005,-9.65999984741211 
570013,-12.65999984741211 
580007,-12.5600004196167 
590030,-18.579999923706055 
600021,-21.020000457763672 
610043,-29.059999465942383 
620009,-24.540000915527344 
630036,-18.520000457763672 
640028,-24.100000381469727 
650011,-19.65999984741211 
660027,-18.34000015258789 
670007,-39.81999969482422 
680021,-36.2400016784668 
690004,-31.860000610351562 
700026,-34.29999923706055 
710049,-38.119998931884766 
720037,-38.560001373291016 
730032,-30.059999465942383 
740007,-30.760000228881836 
750041,-36.7599983215332 
760035,-38.7599983215332 
770039,-32.380001068115234 
780014,-22.299999237060547 
790026,-26.959999084472656 
800008,-28.68000030517578 
810004,-34.959999084472656 
820003,-32.7400016784668 
830000,-33.2400016784668 
840024,-40.97999954223633 
850026,-43.400001525878906 
860026,-32.5 
870007,-45.29999923706055 
880005,-40.86000061035156 
890047,-33.63999938964844 
900008,-48.15999984741211 
910016,-37.86000061035156 
920009,-48.41999816894531 
930000,-36.5 
940043,-40.0 
950042,-39.060001373291016 
960048,-45.939998626708984 
970026,-48.47999954223633 
980040,-36.7400016784668 
990040,-41.15999984741211 
1000006,-32.63999938964844 
1010011,-47.58000183105469 
1020041,-41.70000076293945 
1030010,-39.13999938964844 
1040023,-33.91999816894531 
1050045,-38.599998474121094 
1060007,-33.5 
1070037,-25.799999237060547 
1080015,-27.079999923706055 
1090043,-38.439998626708984 
1100023,-32.599998474121094 
1110041,-28.739999771118164 
1120009,-35.20000076293945 
1130035,-32.220001220703125 
1140009,-42.2599983215332 
1150006,-33.68000030517578 
1160031,-28.920000076293945 
1170001,-50.400001525878906 
1180004,-38.63999938964844 
1190005,-54.7400016784668 
1200001,-50.7599983215332 
1210024,-47.540000915527344 
1220001,-51.08000183105469 
1230007,-53.439998626708984 
1240026,-48.5 
1250036,-46.439998626708984 
1260028,-51.900001525878906 
1270027,-48.31999969482422 
1280012,-36.20000076293945 
1290001,-39.119998931884766 
1300013,-42.2599983215332 
1310016,-19.18000030517578 
1320030,-29.479999542236328 
1330034,-21.260000228881836 
1340003,-23.899999618530273 
1350045,-11.65999984741211 
1360015,-13.5 
1370013,-11.800000190734863 
1380010,-18.6200008392334 
1390026,-13.479999542236328 
1400020,-19.3799991607666 
1410007,-18.15999984741211 
1420032,-10.880000114440918 
1430045,-11.0 
1440005,-5.579999923706055 
1450047,-5.599999904632568 
1460021,-3.880000114440918 
1470015,-12.739999771118164 
1480009,-1.559999942779541 
1490006,-1.9600000381469727 
1500009,9.579999923706055 
1510004,1.8799999952316284 
1520002,0.6399999856948853 
1530000,9.359999656677246 
1540003,5.440000057220459 
1550049,3.880000114440918 
1560043,10.699999809265137 
1570006,13.760000228881836 
1580000,15.279999732971191 
1590033,9.020000457763672 
1600014,9.220000267028809 
1610041,9.600000381469727 
1620027,22.399999618530273 
1630002,20.079999923706055 
1640002,21.68000030517578 
1650014,24.780000686645508 
1660016,24.600000381469727 
1670011,29.040000915527344 
1680015,28.84000015258789 
1690009,28.8799991607666 
1700020,30.6200008392334 
1710000,29.399999618530273 
1720001,20.219999313354492 
1730003,34.41999816894531 
1740018,31.15999984741211 
1750013,28.920000076293945 
1760042,25.219999313354492 
1770000,29.079999923706055 
1780031,23.780000686645508 
1790021,26.799999237060547 
1800013,25.3799991607666 
1810019,30.420000076293945 
1820011,28.81999969482422 
1830015,23.459999084472656 
1840011,25.719999313354492 
1850000,26.65999984741211 
1860008,24.639999389648438 
1870004,28.34000015258789 
1880006,25.020000457763672 
1890007,30.540000915527344 
1900004,29.18000030517578 
1910018,17.31999969482422 
1920021,22.239999771118164 
1930014,28.079999923706055 
1940007,26.739999771118164 
1950004,29.020000457763672 
1960014,29.579999923706055 
1970022,28.959999084472656 
1980014,25.5 
1990024,30.040000915527344 
2000010,29.979999542236328 
2010003,29.540000915527344 
2020008,30.540000915527344 
2030004,28.139999389648438 
2040023,25.780000686645508 
2050002,29.559999465942383 
2060015,28.6200008392334 
2070010,26.84000015258789 
2080024,28.700000762939453 
2090010,27.3799991607666 
2100041,32.52000045776367 
2110013,29.280000686645508 
2120011,34.70000076293945 
2130008,32.97999954223633 
2140001,34.119998931884766 
2150008,35.779998779296875 
2160012,37.619998931884766 
2170000,35.52000045776367 
2180003,33.900001525878906 
2190008,37.97999954223633 
2200018,37.7599983215332 
2210000,37.779998779296875 
2220009,38.099998474121094 
2230002,35.900001525878906 
2240008,38.65999984741211 
2250013,39.939998626708984 
2260002,31.959999084472656 
2270017,36.380001068115234 
2280000,37.220001220703125 
2290000,30.299999237060547 
2300010,33.79999923706055 
2310032,31.739999771118164 
2320006,34.040000915527344 
2330007,35.0 
2340010,35.36000061035156 
2350001,33.439998626708984 
2360016,34.060001373291016 
2370008,36.20000076293945 
2380013,34.720001220703125 
2390014,34.119998931884766 
2400011,33.58000183105469 
2410001,36.08000183105469 
2420002,33.0 
2430003,39.47999954223633 
2440049,35.900001525878906 
2450004,32.79999923706055 
2460017,29.860000610351562 
2470005,34.29999923706055 
2480023,34.81999969482422 
2490023,34.70000076293945 
2500022,26.760000228881836 
2510011,29.479999542236328 
2520005,33.599998474121094 
2530002,30.520000457763672 
2540029,30.399999618530273 
2550017,35.619998931884766 
2560012,35.040000915527344 
2570019,30.5 
2580002,25.760000228881836 
2590019,31.8799991607666 
2600036,33.79999923706055 
2610021,35.29999923706055 
2620007,34.599998474121094 
2630010,39.380001068115234 
2640016,35.63999938964844 
2650007,39.97999954223633 
2660009,37.2400016784668 
2670006,36.540000915527344 
2680024,36.040000915527344 
2690001,38.15999984741211 
2700019,36.02000045776367 
2710000,35.779998779296875 
2720007,37.63999938964844 
2730003,34.52000045776367 
2740002,37.91999816894531 
2750002,35.81999969482422 
2760005,36.81999969482422 
2770022,40.52000045776367 
2780012,37.97999954223633 
2790005,37.84000015258789 
2800003,34.31999969482422 
2810005,38.63999938964844 
2820006,36.52000045776367 
2830017,37.29999923706055 
2840020,34.97999954223633 
2850004,33.099998474121094 
2860028,33.34000015258789 
2870010,30.540000915527344 
2880015,36.68000030517578 
2890002,37.47999954223633 
2900001,34.7400016784668 
2910005,39.7400016784668 
2920012,35.599998474121094 
2930011,37.720001220703125 
2940027,34.779998779296875 
2950006,36.779998779296875 
2960003,37.7599983215332 
2970018,35.86000061035156 
2980002,36.02000045776367 
2990037,36.13999938964844 
3000011,33.2599983215332 
3010000,35.34000015258789 
3020003,34.63999938964844 
3030022,31.18000030517578 
3040005,40.040000915527344 
3050001,34.70000076293945 
3060016,34.68000030517578 
3070011,38.97999954223633 
3080005,35.599998474121094 
3090000,34.099998474121094 
3100008,37.68000030517578 
3110003,36.08000183105469 
3120001,33.560001373291016 
3130012,34.20000076293945 
3140014,38.400001525878906 
3150002,31.440000534057617 
3160001,34.619998931884766 
3170009,32.779998779296875 
3180008,31.239999771118164 
3190012,36.31999969482422 
3200001,34.2400016784668 
3210020,33.540000915527344 
3220008,35.939998626708984 
3230010,31.6200008392334 
3240017,25.600000381469727 
3250022,31.399999618530273 
3260020,32.20000076293945 
3270016,34.400001525878906 
3280010,31.760000228881836 
3290013,35.02000045776367 
3300006,36.36000061035156 
3310000,39.52000045776367 
3320008,37.52000045776367 
3330013,38.119998931884766 
3340001,39.34000015258789 
3350011,38.84000015258789 
3360007,34.15999984741211 
3370020,39.18000030517578 
3380003,36.47999954223633 
3390007,38.2599983215332 
3400008,38.7400016784668 
3410011,35.779998779296875 
3420031,37.29999923706055 
3430004,37.81999969482422 
3440010,35.959999084472656 
3450002,38.7599983215332 
3460006,38.41999816894531 
3470011,38.5 
3480004,37.779998779296875 
3490002,37.47999954223633 
3500001,37.619998931884766 
3510007,37.2400016784668 
3520002,38.2599983215332 
3530009,33.02000045776367 
3540010,39.400001525878906 
3550021,38.31999969482422 
3560010,36.36000061035156 
3570002,40.2400016784668 
3580001,35.0 
3590015,36.560001373291016 
3600010,35.86000061035156 
3610011,35.02000045776367 
3620006,34.65999984741211 
3630000,35.15999984741211 
3640018,36.2599983215332 
3650010,35.599998474121094 
3660007,37.279998779296875 
3670010,36.720001220703125 
3680005,35.0 
3690007,34.47999954223633 
3700004,36.279998779296875 
3710002,34.880001068115234 
3720009,35.380001068115234 
3730001,35.279998779296875 
3740005,33.0 
3750010,37.91999816894531 
3760012,35.220001220703125 
3770010,35.939998626708984 
3780007,37.459999084472656 
3790008,36.2599983215332 
3800001,37.20000076293945 
3810003,34.91999816894531 
3820020,37.7599983215332 
3830024,38.959999084472656 
3840005,38.58000183105469 
3850009,37.79999923706055 
3860011,37.63999938964844 
3870003,38.279998779296875 
3880019,37.220001220703125 
3890006,35.52000045776367 
3900009,36.52000045776367 
3910017,34.81999969482422 
3920001,40.380001068115234 
3930013,35.540000915527344 
3940013,38.439998626708984 
3950006,35.91999816894531 
3960010,37.02000045776367 
3970003,35.2400016784668 
3980010,32.97999954223633 
3990014,36.400001525878906 
4000017,35.68000030517578 
4010005,37.7599983215332 
4020003,37.720001220703125 
4030004,31.600000381469727 
4040003,39.380001068115234 
4050003,36.63999938964844 
4060009,38.380001068115234 
4070006,37.400001525878906 
4080000,37.220001220703125 
4090001,36.08000183105469 
4100008,36.41999816894531 
4110016,38.65999984741211 
4120004,37.540000915527344 
4130005,33.459999084472656 
4140008,37.0 
4150007,36.15999984741211 
4160019,39.34000015258789 
4170008,39.70000076293945 
4180022,37.959999084472656 
4190008,40.2400016784668 
4200006,36.68000030517578 
4210010,39.29999923706055 
4220000,35.02000045776367 
4230009,32.58000183105469 
4240000,35.939998626708984 
4250005,37.34000015258789 
4260011,38.13999938964844 
4270038,32.13999938964844 
4280013,31.540000915527344 
4290003,34.959999084472656 
4300032,34.81999969482422 
4310004,36.599998474121094 
4320002,34.2599983215332 
4330013,32.380001068115234 
4340014,29.600000381469727 
4350000,31.739999771118164 
4360020,35.18000030517578 
4370010,30.639999389648438 
4380024,31.440000534057617 
4390013,36.63999938964844 
4400013,29.940000534057617 
4410000,36.65999984741211 
4420003,32.70000076293945 
4430001,35.47999954223633 
4440004,35.220001220703125 
4450012,35.65999984741211 
4460010,37.31999969482422 
4470000,37.79999923706055 
4480003,33.880001068115234 
4490010,36.540000915527344 
4500001,37.5 
4510008,34.7599983215332 
4520000,38.84000015258789 
4530000,36.84000015258789 
4540004,39.52000045776367 
4550019,37.380001068115234 
4560005,37.65999984741211 
4570016,38.52000045776367 
4580014,36.560001373291016 
4590003,34.720001220703125 
4600002,35.91999816894531 
4610008,39.58000183105469 
4620003,38.2599983215332 
4630002,37.7599983215332 
4640008,37.08000183105469 
4650007,33.84000015258789 
4660013,39.400001525878906 
4670001,38.91999816894531 
4680021,36.65999984741211 
4690006,37.880001068115234 
4700017,33.29999923706055 
4710005,34.7599983215332 
4720008,37.400001525878906 
4730013,39.7599983215332 
4740009,38.52000045776367 
4750020,39.58000183105469 
4760011,40.040000915527344 
4770006,37.91999816894531 
4780011,39.70000076293945 
4790049,36.65999984741211 
4800008,38.2599983215332 
4810009,36.97999954223633 
4820005,35.68000030517578 
4830010,40.0 
4840005,38.040000915527344 
4850014,38.97999954223633 
4860011,39.7400016784668 
4870008,40.7599983215332 
4880008,38.380001068115234 
4890004,36.560001373291016 
4900001,38.41999816894531 
4910001,40.47999954223633 
4920009,37.459999084472656 
4930002,39.5 
4940007,36.060001373291016 
4950000,39.52000045776367 
4960006,39.040000915527344 
4970005,35.900001525878906 
4980006,37.5 
4990006,37.099998474121094 
5000010,36.68000030517578 
5010011,38.31999969482422 
5020005,34.7599983215332 
5030008,35.540000915527344 
5040005,38.0 
5050002,36.959999084472656 
5060003,39.099998474121094 
5070006,36.13999938964844 
5080011,38.7400016784668 
5090029,35.540000915527344 
5100001,36.459999084472656 
5110007,38.779998779296875 
5120003,34.880001068115234 
5130019,37.5 
5140009,38.7599983215332 
