10000,-9.76 
20000,-9.785 
30000,-9.705 
40000,-9.68 
50000,-9.585 
60000,-9.465 
70000,-9.43 
80000,-9.34 
90000,-9.32 
100000,-9.41 
110000,-9.32 
120000,-9.295 
130000,-9.365 
140000,-9.51 
150000,-9.325 
160000,-9.375 
170000,-9.22 
180000,-9.175 
190000,-9.115 
200000,-9.205 
210000,-9.055 
220000,-9.015 
230000,-9.095 
240000,-8.9 
250000,-8.895 
260000,-8.625 
270000,-8.625 
280000,-8.775 
290000,-8.69 
300000,-8.260000000000002 
310000,-8.43 
320000,-8.280000000000001 
330000,-8.310000000000002 
340000,-8.270000000000003 
350000,-7.985000000000002 
360000,-7.940000000000002 
370000,-7.815000000000002 
380000,-7.820000000000002 
390000,-7.750000000000003 
400000,-7.725000000000002 
410000,-7.705000000000002 
420000,-7.495000000000002 
430028,-7.3213930348258724 
440016,-7.373000000000002 
450042,-7.279601990049754 
460042,-7.320000000000002 
470042,-7.290000000000003 
480000,-7.048000000000002 
490046,-7.324378109452739 
500046,-7.285000000000002 
510037,-7.326000000000002 
520037,-7.195000000000002 
530013,-6.976000000000003 
540009,-7.006000000000003 
550009,-7.075000000000002 
560007,-7.168000000000002 
570031,-6.949253731343286 
580020,-6.994000000000003 
590020,-7.000000000000003 
600007,-6.9970000000000026 
610047,-7.0248756218905495 
620032,-6.900000000000002 
630000,-6.923000000000003 
640038,-6.948258706467663 
650043,-6.711442786069654 
660027,-6.999000000000003 
670015,-7.183000000000002 
680015,-7.195000000000002 
690026,-7.165174129353236 
700015,-7.069000000000002 
710030,-7.049751243781097 
720048,-7.047761194029852 
730045,-6.952475247524755 
740043,-7.007960199004977 
750037,-6.954228855721395 
760022,-7.100000000000002 
770049,-7.101492537313436 
780017,-6.983000000000001 
790031,-7.157425742574261 
800029,-7.082178217821784 
810034,-6.955223880597017 
820002,-6.903000000000002 
830007,-6.792079207920795 
840037,-6.837438423645322 
850013,-7.016000000000003 
860017,-6.5211822660098555 
870046,-6.875247524752479 
880002,-6.372277227722776 
890035,-6.537254901960786 
900002,-6.8626865671641815 
910049,-6.6078817733990185 
920005,-6.4029411764705895 
930012,-6.411707317073174 
940025,-6.287254901960787 
950019,-6.404950495049508 
960001,-6.333663366336636 
970038,-6.524137931034486 
980008,-6.512315270935963 
990035,-6.192195121951222 
1000046,-6.451485148514855 
1010036,-6.191176470588237 
1020012,-6.500990099009903 
1030034,-5.817475728155342 
1040003,-6.086829268292686 
1050039,-6.030097087378644 
1060017,-6.31330049261084 
1070042,-5.687500000000002 
1080030,-5.827317073170734 
1090008,-5.8712195121951245 
1100018,-5.830097087378643 
1110044,-5.836714975845413 
1120037,-5.9931372549019635 
1130030,-5.572946859903385 
1140032,-5.784541062801935 
1150026,-5.530434782608698 
1160022,-5.986407766990295 
1170040,-5.639234449760767 
1180030,-5.5961538461538485 
1190012,-5.6239234449760795 
1200036,-5.299047619047622 
1210001,-5.42105263157895 
1220001,-5.449760765550241 
1230026,-5.165876777251187 
1240047,-5.460287081339716 
1250035,-4.983962264150945 
1260018,-5.054716981132079 
1270032,-5.787500000000002 
1280040,-4.923004694835684 
1290044,-5.087850467289723 
1300012,-4.807441860465118 
1310026,-5.060377358490569 
1320007,-4.892452830188682 
1330017,-4.400921658986178 
1340031,-4.722580645161293 
1350034,-4.993457943925235 
1360007,-4.368518518518521 
1370022,-4.697674418604654 
1380044,-4.653023255813956 
1390016,-4.34587155963303 
1400024,-4.447222222222225 
1410020,-4.452534562211984 
1420008,-4.111312217194572 
1430015,-4.699534883720933 
1440035,-4.410138248847928 
1450000,-4.1705069124423995 
1460007,-4.548148148148151 
1470021,-3.866371681415931 
1480014,-4.449769585253459 
1490029,-4.211009174311929 
1500008,-3.550672645739913 
1510023,-3.651785714285716 
1520017,-3.461333333333336 
1530014,-4.227649769585256 
1540043,-3.768000000000003 
1550001,-3.0286956521739152 
1560021,-3.834080717488791 
1570040,-3.873542600896863 
1580019,-3.169432314410482 
1590033,-3.768000000000002 
1600006,-3.572197309417043 
1610002,-3.509821428571431 
1620004,-3.5892376681614375 
1630004,-3.257641921397382 
1640023,-3.3921397379912683 
1650047,-3.3383259911894294 
1660039,-3.419555555555558 
1670039,-3.3043478260869583 
1680048,-3.2666666666666684 
1690004,-3.111013215859033 
1700028,-3.2069264069264087 
1710041,-3.184415584415587 
1720000,-2.7567099567099587 
1730015,-2.9442060085836927 
1740026,-2.889743589743592 
1750013,-2.984482758620692 
1760021,-2.8529914529914544 
1770049,-3.0798283261802597 
1780032,-2.5812765957446824 
1790029,-2.7538461538461556 
1800013,-2.8459574468085123 
1810011,-3.187665198237888 
1820016,-2.5084033613445396 
1830024,-3.1547826086956543 
1840030,-2.6504273504273526 
1850007,-2.38143459915612 
1860025,-3.033043478260872 
1870004,-2.6573839662447276 
1880044,-2.7763713080168797 
1890031,-2.6102127659574483 
1900041,-2.4351464435146464 
1910007,-2.289539748953977 
1920012,-2.363636363636365 
1930036,-2.2616666666666685 
1940007,-2.313333333333335 
1950047,-2.4579831932773133 
1960032,-2.435897435897438 
1970019,-2.114166666666668 
1980019,-2.139917695473253 
1990000,-1.9436734693877566 
2000002,-2.0549180327868872 
2010003,-2.341176470588237 
2020026,-2.145306122448981 
2030002,-2.321666666666668 
2040042,-2.0325203252032535 
2050000,-2.0107883817427408 
2060022,-1.7677419354838728 
2070021,-2.072950819672133 
2080024,-2.055967078189302 
2090002,-1.6758064516129052 
2100020,-1.9457489878542529 
2110000,-1.3293650793650806 
2120021,-1.770040485829961 
2130018,-1.6493927125506087 
2140030,-1.56209677419355 
2150008,-1.1204724409448832 
2160006,-1.5424000000000015 
2170011,-1.677419354838711 
2180015,-1.5370517928286866 
2190005,-1.6963562753036456 
2200038,-1.7704000000000015 
2210027,-1.797580645161292 
2220001,-1.8032653061224504 
2230004,-1.7325396825396842 
2240024,-1.4015748031496076 
2250049,-1.1167315175097292 
2260030,-1.5288000000000015 
2270041,-1.10888030888031 
2280015,-1.36175298804781 
2290015,-1.0826771653543321 
2300021,-0.9816091954023003 
2310004,-1.4071428571428586 
2320024,-1.3190661478599235 
2330005,-1.0123552123552135 
2340027,-1.2428015564202346 
2350009,-1.2377952755905524 
2360021,-0.9824427480916043 
2370010,-1.3546875000000012 
2380021,-1.1204633204633219 
2390039,-1.2841698841698856 
2400011,-1.1617187500000015 
2410031,-1.4880000000000015 
2420030,-0.9570881226053654 
2430007,-0.8374045801526728 
2440016,-1.3703125000000014 
2450005,-0.6886363636363647 
2460008,-0.8045627376425865 
2470001,-0.9561538461538475 
2480001,-1.0801526717557264 
2490039,-1.153488372093025 
2500013,-0.47333333333333444 
2510039,-1.0659003831417635 
2520047,-1.1883720930232573 
2530007,-0.6363636363636375 
2540011,-0.5365671641791055 
2550011,-0.6254681647940087 
2560049,-1.0369230769230784 
2570022,-1.0062015503875983 
2580037,-0.7765151515151526 
2590006,-0.32408759124087677 
2600015,-0.5888059701492547 
2610012,-1.024710424710426 
2620014,-0.7524528301886805 
2630037,-0.637918215613384 
2640010,-0.5736842105263169 
2650003,-0.5409594095940967 
2660046,-0.7804511278195503 
2670023,-0.5162962962962975 
2680020,-1.1416342412451375 
2690044,-0.44206642066420765 
2700029,-0.5703703703703715 
2710038,-0.2823529411764716 
2720007,-0.33505535055350655 
2730012,-0.2930402930402939 
2740017,-0.3579335793357943 
2750006,-0.49558823529411855 
2760026,-0.3443223443223454 
2770013,-0.30469314079422477 
2780002,-0.5695817490494308 
2790023,-0.7182156133829006 
2800047,-0.5066666666666676 
2810030,-0.1935018050541525 
2820014,-0.3496350364963512 
2830001,-0.7925373134328368 
2840044,0.019285714285713355 
2850017,-0.528148148148149 
2860019,-0.5549815498154992 
2870004,-0.03225806451612991 
2880036,-0.21521739130434878 
2890000,-0.06000000000000085 
2900032,-0.5455882352941187 
2910008,-0.061648745519714034 
2920021,-0.25766423357664325 
2930017,-0.30000000000000104 
2940004,-0.42952029520295304 
2950009,-0.3237410071942454 
2960031,-0.4147601476014768 
2970011,-0.19494584837545204 
2980011,-0.07142857142857216 
2990006,-0.06137184115523553 
3000035,-0.6111940298507471 
3010033,-0.35362318840579793 
3020018,0.028571428571427637 
3030040,-0.3080291970802927 
3040009,-0.002877697841727222 
3050013,0.09645390070921905 
3060005,0.10812720848056467 
3070020,0.04255319148936087 
3080014,0.1480701754385958 
3090000,-0.004210526315790181 
3100026,-0.1891304347826096 
3110014,0.22283737024221392 
3120038,-0.27885304659498295 
3130000,-0.15913978494623737 
3140029,-0.25381818181818266 
3150022,0.07208480565370955 
3160026,-0.14836363636363728 
3170033,0.051408450704224534 
3180009,0.055633802816900814 
3190022,0.05815602836879354 
3200025,0.13824561403508703 
3210013,0.23402777777777695 
3220009,0.23972125435539995 
3230005,0.16126760563380196 
3240000,-0.14285714285714354 
3250003,0.201403508771929 
3260043,0.2969283276450504 
3270014,0.02775800711743679 
3280037,0.43241379310344763 
3290015,0.015714285714284973 
3300002,0.030388692579504478 
3310013,-0.37028985507246465 
3320022,0.004285714285713433 
3330034,0.2685121107266427 
3340020,0.1251748251748245 
3350025,0.24125874125874067 
3360025,0.54054054054054 
3370005,0.3159722222222217 
3380000,0.2862068965517234 
3390028,0.33013698630136923 
3400022,0.4614334470989755 
3410006,0.5725752508361199 
3420019,-0.0836879432624121 
3430040,0.08896551724137867 
3440029,-0.04125874125874212 
3450003,0.43945578231292454 
3460022,0.3627586206896544 
3470024,0.05845070422535151 
3480039,0.28865979381443246 
3490035,0.44377104377104326 
3500032,0.20766550522648008 
3510022,0.43835616438356095 
3520036,0.05993031358884966 
3530040,0.337457044673539 
3540036,-0.15017793594306117 
3550005,0.298269896193771 
3560043,0.2632653061224483 
3570031,0.18321678321678256 
3580040,0.07361111111111053 
3590030,0.2926829268292677 
3600004,0.6493243243243237 
3610019,0.5986622073578591 
3620030,0.3903114186851206 
3630031,0.7284280936454844 
3640003,0.7594684385382057 
3650016,0.24529616724738615 
3660009,0.5897959183673465 
3670014,0.5202702702702697 
3680030,0.1986254295532639 
3690020,0.2517482517482511 
3700007,0.28235294117647 
3710006,0.5393939393939389 
3720046,0.6533333333333328 
3730020,0.2394463667820062 
3740017,0.7926910299003317 
3750040,0.9491856677524425 
3760005,0.7774086378737538 
3770014,0.3850340136054417 
3780001,0.6519999999999994 
3790030,0.7940983606557372 
3800032,0.7039735099337745 
3810021,0.5006711409395967 
3820002,0.6916387959866216 
3830010,0.7023255813953484 
3840006,0.7050167224080263 
3850015,0.5783783783783779 
3860013,0.7355481727574745 
3870014,0.4873720136518767 
3880013,1.247435897435897 
3890022,1.0361290322580643 
3900004,0.7653333333333329 
3910022,0.884415584415584 
3920016,0.7754966887417214 
3930003,0.6709030100334441 
3940023,0.3973063973063969 
3950010,0.8033112582781454 
3960018,0.5554054054054048 
3970020,0.7940594059405935 
3980024,0.5744966442953015 
3990025,0.5128378378378371 
4000002,1.0731391585760515 
4010012,0.9174917491749172 
4020025,0.660264900662251 
4030019,0.5228668941979516 
4040005,0.9864516129032255 
4050013,0.5183673469387751 
4060001,0.8368421052631575 
4070017,0.6859999999999995 
4080025,0.6713333333333329 
4090020,0.5838926174496638 
4100000,0.7755775577557751 
4110003,0.863606557377049 
4120001,0.9980707395498388 
4130005,0.6168350168350162 
4140024,0.6322368421052623 
4150017,0.5216216216216212 
4160003,0.9006578947368418 
4170008,0.9836065573770488 
4180021,0.7611842105263152 
4190008,0.6552188552188547 
4200030,0.9532467532467529 
4210021,0.5297297297297292 
4220021,0.8859934853420192 
4230003,0.9790849673202612 
4240015,1.0823151125401926 
4250027,1.1834394904458596 
4260010,0.6999999999999995 
4270013,0.7471947194719467 
4280015,0.8908496732026141 
4290038,0.37679180887371955 
4300025,0.7757377049180323 
4310047,0.9923076923076918 
4320024,0.7684210526315784 
4330033,0.8149837133550485 
4340018,0.6086956521739125 
4350011,1.0368932038834946 
4360031,0.9677419354838706 
4370010,0.8512987012987009 
4380028,0.8496774193548383 
4390036,1.2748427672955973 
4400003,0.8810457516339865 
4410042,0.8307189542483656 
4420026,0.9156862745098033 
4430017,1.0692063492063486 
4440029,0.7379537953795374 
4450031,1.2677215189873414 
4460034,0.88983606557377 
4470008,1.0488745980707392 
4480017,0.7671052631578942 
4490000,1.2892405063291137 
4500009,0.9877813504823147 
4510004,1.3166144200626955 
4520018,0.783552631578947 
4530012,0.7192052980132446 
4540015,0.9462783171521031 
4550014,1.054777070063694 
4560014,0.5719063545150496 
4570032,1.0772151898734172 
4580005,0.7746666666666663 
4590014,0.6749999999999998 
4600023,1.1149206349206344 
4610001,1.0110032362459542 
4620049,1.0173633440514465 
4630009,1.0509554140127384 
4640022,1.247284345047923 
4650004,0.9116129032258061 
4660043,1.1356913183279738 
4670014,1.1299363057324836 
4680007,0.9625806451612898 
4690020,0.8941558441558437 
4700007,1.0624203821656049 
4710000,1.0840764331210189 
4720007,0.8581699346405226 
4730002,1.0964630225080383 
4740004,0.9857605177993523 
4750024,0.8071895424836597 
4760023,1.090384615384615 
4770001,1.0527331189710607 
4780009,1.0109677419354834 
4790029,0.9543973941368075 
4800016,0.9695792880258897 
4810002,1.1580952380952378 
4820022,1.1273885350318467 
4830002,1.061093247588424 
4840015,0.8625806451612897 
4850013,0.7315789473684206 
4860016,1.1242902208201888 
4870016,1.1277955271565492 
4880011,0.6953642384105957 
4890004,0.9947882736156349 
4900001,1.0275641025641022 
4910036,1.1892744479495265 
4920011,1.048231511254019 
4930017,1.0535031847133753 
4940018,1.32037037037037 
4950009,1.5177914110429447 
4960011,1.0945686900958465 
4970034,1.418181818181818 
4980027,1.2037974683544304 
4990024,1.236075949367088 
5000032,1.3149068322981363 
5010043,1.2170347003154574 
5020006,1.2955696202531644 
5030024,1.1773584905660373 
5040003,1.158199356913183 
5050002,1.1503184713375794 
5060017,0.9680511182108621 
5070017,0.9158576051779932 
5080008,1.2134185303514375 
5090027,1.242767295597484 
5100003,1.369753086419753 
5110012,1.263291139240506 
5120018,0.9184466019417472 
5130021,0.845454545454545 
5140019,1.1187301587301586 
5150017,1.3561728395061725 
5160000,1.1599999999999995 
5170000,1.1755485893416924 
5180017,1.1822784810126579 
5190047,0.9999999999999997 
5200004,1.1616613418530348 
5210025,1.23596214511041 
5220006,1.0668810289389066 
5230000,1.426086956521739 
5240025,1.2593749999999997 
5250020,1.3788819875776395 
5260009,0.8833876221498367 
5270012,1.3731249999999997 
5280015,1.1911392405063286 
5290015,1.0608974358974355 
5300044,0.9269230769230763 
5310019,1.0483870967741933 
5320041,1.100958466453674 
5330024,1.350155763239875 
5340033,1.2881249999999997 
5350006,1.3241379310344823 
5360017,1.0252427184466015 
5370025,1.4037151702786375 
5380007,1.1133757961783437 
5390026,1.426543209876543 
5400045,1.0101910828025475 
5410001,0.9704180064308678 
5420029,1.1779179810725549 
5430022,1.5756838905775072 
5440000,1.1658227848101261 
5450030,1.044585987261146 
5460021,1.533128834355828 
5470044,1.2716981132075467 
5480011,1.0115384615384613 
5490048,1.1474683544303796 
5500006,1.2354430379746835 
5510035,1.112101910828025 
5520003,1.2757097791798102 
5530001,0.8941558441558437 
5540003,0.9469255663430416 
5550014,1.1999999999999995 
5560020,1.0931249999999995 
5570040,1.3476923076923073 
5580025,1.3944099378881984 
5590018,1.3074999999999997 
5600008,1.4875776397515525 
5610014,1.2633540372670802 
5620013,1.010289389067524 
5630025,1.0115755627009644 
5640023,1.31375 
5650021,1.3858461538461535 
5660000,1.299688473520249 
5670023,1.6728358208955223 
5680018,1.3956386292834888 
5690030,1.4849230769230766 
5700024,1.102222222222222 
5710003,1.3090342679127724 
5720011,1.1658227848101261 
5730012,1.385185185185185 
5740012,1.3416927899686517 
5750047,1.4006211180124222 
5760023,1.2208860759493667 
5770017,1.1498412698412694 
5780024,1.4024844720496892 
5790026,1.2181818181818178 
5800010,1.3265822784810124 
5810012,1.3040498442367598 
5820026,1.1316293929712458 
5830018,1.0339743589743586 
5840010,1.449693251533742 
5850007,1.3227414330218066 
5860024,0.985852090032154 
5870011,1.2241269841269837 
5880006,1.4693251533742329 
5890002,1.2493749999999997 
5900005,1.0109677419354839 
5910002,1.5370030581039753 
5920024,1.4161993769470402 
5930035,1.5404255319148934 
5940009,1.301567398119122 
5950026,1.5274924471299092 
5960015,1.113183279742765 
5970004,1.446439628482972 
5980014,1.470588235294117 
5990004,1.4923547400611619 
6000023,1.283229813664596 
6010028,1.205047318611987 
6020014,1.4764525993883788 
6030031,1.4818461538461534 
6040000,1.16782334384858 
6050002,1.3205047318611984 
6060032,1.3949843260188084 
6070012,1.6536144578313252 
6080012,1.6128048780487805 
6090013,1.2082278481012656 
6100027,0.9299035369774915 
6110033,1.5070336391437307 
6120020,1.3174999999999997 
6130026,1.4595092024539875 
6140009,1.6548192771084336 
6150032,1.5180428134556574 
6160001,1.2260317460317456 
6170011,1.3591331269349842 
6180034,1.2069620253164552 
6190004,1.377708978328173 
6200041,1.2978193146417443 
6210021,1.419254658385093 
6220042,1.1408805031446538 
6230020,1.3918749999999998 
6240017,1.5278287461773696 
6250027,1.0507936507936504 
6260010,1.4329192546583849 
6270014,1.233333333333333 
6280042,1.7952238805970144 
6290030,1.394427244582043 
6300003,1.3583850931677017 
6310021,1.3735384615384612 
6320015,1.3925925925925922 
6330005,1.4228395061728392 
6340000,1.0828025477707002 
6350003,1.4470588235294115 
6360010,1.539817629179331 
6370021,1.4732307692307691 
6380006,1.275862068965517 
6390008,1.3760736196319017 
6400014,1.341975308641975 
6410006,1.562424242424242 
6420015,1.4247678018575847 
6430025,1.10377358490566 
6440000,1.4092307692307688 
6450012,1.5203703703703701 
6460019,1.3300309597523217 
6470031,1.336222910216718 
6480011,1.1962616822429906 
6490019,1.472 
6500023,1.271651090342679 
6510025,1.269781931464174 
6520021,1.2177215189873414 
6530019,1.2637499999999997 
6540042,1.4168749999999997 
6550015,1.1936908517350155 
6560003,1.3552795031055898 
6570019,1.2018691588785044 
6580005,1.3388888888888884 
6590008,1.2575949367088606 
6600015,1.6181268882175224 
6610020,1.1015873015873012 
6620007,1.5262195121951219 
6630017,1.6170212765957444 
6640021,1.5444108761329303 
6650026,1.0883280757097789 
6660013,1.374534161490683 
6670009,1.4376543209876542 
6680005,1.5651376146788987 
6690012,1.4555555555555555 
6700035,1.6537764350453172 
6710004,1.4913580246913578 
6720015,1.5586626139817628 
6730028,1.5164634146341462 
6740005,1.6249240121580544 
6750006,1.514723926380368 
6760010,1.750602409638554 
6770024,1.1117460317460315 
6780001,1.5641337386018235 
6790003,1.269781931464174 
6800009,1.3461300309597521 
6810008,1.4656534954407292 
6820008,1.4832826747720365 
6830005,1.3278996865203758 
6840019,1.606666666666667 
6850034,1.2897196261682242 
6860024,1.2539184952978057 
6870021,1.0499999999999996 
6880025,1.1885350318471335 
6890000,1.2445141065830718 
6900003,1.3595015576323985 
6910015,1.3217391304347823 
6920015,1.3375 
6930019,1.314285714285714 
6940017,1.6789156626506023 
6950002,1.298412698412698 
6960007,1.4325153374233126 
6970033,1.047435897435897 
6980025,1.0785942492012777 
6990015,1.5169230769230764 
7000035,1.3312499999999996 
7010023,1.234700315457413 
7020013,1.3831775700934577 
7030011,1.6527272727272726 
7040013,1.6493975903614455 
7050020,1.2731861198738168 
7060010,1.5138461538461534 
7070008,1.349068322981366 
7080025,1.6804804804804803 
7090019,1.5685800604229605 
7100028,1.477675840978593 
7110034,1.305882352941176 
7120018,1.4868501529051985 
7130000,1.2597484276729556 
7140024,1.0228571428571425 
7150007,1.6425531914893616 
7160021,1.5558282208588956 
7170019,1.5574468085106379 
7180017,1.4068111455108359 
7190010,1.3932098765432097 
7200030,1.7373134328358208 
7210024,1.44953560371517 
7220003,1.4309597523219812 
7230045,1.409259259259259 
7240000,1.8018018018018018 
7250032,1.6444444444444446 
7260020,1.2968553459119494 
7270035,1.2492113564668765 
7280021,1.496341463414634 
7290016,1.5107692307692304 
7300021,1.4143302180685355 
7310011,1.5701219512195121 
7320008,1.2069400630914822 
7330010,1.2456249999999998 
7340049,1.4018518518518517 
7350028,1.5129629629629628 
7360009,1.294968553459119 
7370001,1.3772307692307693 
7380017,1.1184952978056424 
7390007,1.6867469879518073 
7400017,1.706586826347305 
7410006,1.5174311926605502 
7420000,1.7468656716417907 
7430011,1.675075075075075 
7440029,1.6288288288288284 
7450006,1.2956249999999998 
7460027,1.6409638554216865 
7470009,1.4356923076923074 
7480036,1.6433734939759033 
7490026,1.6253776435045317 
7500002,1.4547692307692306 
7510000,1.4302469135802467 
7520030,1.7245508982035929 
7530002,1.3814814814814813 
7540018,1.2226415094339618 
7550025,1.6392749244712987 
7560014,1.7379104477611937 
7570034,1.6805970149253728 
7580026,1.608408408408408 
7590030,1.5323262839879148 
7600010,1.5975609756097562 
7610006,1.5890577507598782 
7620002,1.5525835866261397 
7630019,1.4516717325227964 
7640012,1.4753799392097264 
7650004,1.615568862275449 
7660006,1.5125382262996938 
7670017,1.502453987730061 
7680010,1.8070588235294114 
7690047,1.539817629179331 
7700005,1.6315151515151511 
7710024,1.6523809523809525 
7720010,1.613855421686747 
7730017,1.6744744744744742 
7740009,1.3559006211180122 
7750011,1.5095384615384613 
7760008,1.6392749244712987 
7770007,1.4074534161490682 
7780010,1.691891891891892 
7790012,1.7970326409495547 
7800006,1.393251533742331 
7810020,1.3721362229102165 
7820017,1.569325153374233 
7830026,1.5280487804878047 
7840004,1.6468468468468467 
7850019,1.6163141993957704 
7860029,1.2310126582278478 
7870023,1.5493902439024387 
7880035,1.465243902439024 
7890030,1.7797619047619047 
7900001,1.659036144578313 
7910024,1.6159021406727825 
7920026,1.6174174174174172 
7930022,1.6191616766467065 
7940009,1.4743902439024388 
7950009,1.5861027190332322 
7960003,1.724324324324324 
7970028,1.542424242424242 
7980019,1.613855421686747 
7990039,1.625 
8000023,1.5371951219512192 
8010008,1.4749999999999996 
8020021,1.836470588235294 
8030004,1.572205438066465 
8040008,1.4731707317073168 
8050009,1.6071856287425148 
8060033,1.4512345679012344 
8070012,1.441975308641975 
8080014,1.3845679012345675 
8090013,1.5006097560975609 
8100000,1.5810975609756095 
8110000,1.3653250773993808 
8120014,1.2169278996865203 
8130009,1.7125748502994012 
8140016,1.4819571865443424 
8150020,1.4806153846153844 
8160000,1.56838905775076 
8170025,1.7194029850746269 
8180003,1.590881458966565 
8190018,1.5592705167173249 
8200002,1.3256249999999998 
8210003,1.5712538226299693 
8220010,1.4295384615384612 
8230012,1.5290909090909088 
8240006,1.5097560975609754 
8250004,1.746745562130177 
8260015,1.5669669669669668 
8270006,1.75015015015015 
8280038,1.5522935779816511 
8290002,1.6024316109422487 
8300011,1.6830860534124628 
8310048,1.6188449848024313 
8320021,1.4796296296296296 
8330033,1.5423423423423421 
8340032,1.667267267267267 
8350005,1.5180428134556572 
8360024,1.5141993957703925 
8370004,1.4601226993865029 
8380004,1.7701492537313432 
8390012,1.7077844311377242 
8400028,1.7367164179104477 
8410044,1.5756097560975608 
8420002,1.5743902439024386 
8430021,1.3329192546583846 
8440013,1.3652173913043477 
8450006,1.8207100591715977 
8460000,1.5890243902439023 
8470013,1.3221183800623053 
8480020,1.634042553191489 
8490002,1.3962732919254655 
8500014,1.2290220820189273 
8510002,1.3356249999999998 
8520010,1.3304615384615384 
8530026,1.6670694864048337 
8540015,1.8462908011869434 
8550000,1.5562310030395134 
8560014,1.448148148148148 
8570016,1.3833846153846152 
8580010,1.7011976047904194 
8590001,1.5266666666666664 
8600013,1.6017910447761192 
8610005,1.569325153374233 
8620025,1.5060975609756093 
8630010,1.4617737003058104 
8640021,1.4283950617283947 
8650017,1.5175757575757574 
8660022,1.5150602409638552 
8670010,1.4812307692307691 
8680001,1.6259036144578312 
8690002,1.651051051051051 
8700009,1.5489361702127658 
8710002,1.5103658536585363 
8720021,1.6309090909090906 
8730033,1.465243902439024 
8740030,1.4697247706422014 
8750024,1.4867692307692306 
8760015,1.5817073170731706 
8770025,1.8846153846153846 
8780010,1.6846846846846846 
8790005,1.7335329341317365 
8800018,1.6216867469879517 
8810003,1.2406249999999996 
8820024,1.2555555555555553 
8830009,1.6696696696696696 
8840001,1.7225225225225222 
8850012,1.5677811550151974 
8860009,1.3249230769230769 
8870024,1.6102719033232624 
8880025,1.6509090909090909 
8890025,1.6575757575757575 
8900019,1.5963525835866257 
8910018,1.4807339449541281 
8920022,1.7200000000000002 
8930033,1.824852071005917 
8940017,1.4402476780185756 
8950024,1.6030211480362535 
8960019,1.713855421686747 
8970002,1.5335384615384613 
8980012,1.6132930513595165 
8990011,1.931014492753623 
9000003,1.4695384615384612 
9010035,1.6704819277108434 
9020026,1.8071005917159761 
9030024,1.4966153846153845 
9040015,1.819760479041916 
9050003,1.4377708978328172 
9060020,1.7287833827893173 
9070012,1.5018404907975458 
9080000,1.5208459214501509 
9090038,1.512 
9100025,1.7450746268656714 
9110004,1.389506172839506 
9120007,1.1468354430379744 
9130038,1.3254658385093165 
9140005,1.6054878048780485 
9150040,1.7804154302670623 
9160045,1.4631901840490797 
9170003,1.7809523809523808 
9180001,1.7452380952380953 
9190022,1.6831325301204818 
9200026,1.5750759878419454 
9210025,1.7038575667655784 
9220021,1.46890243902439 
9230007,1.5872727272727272 
9240016,1.5672727272727272 
9250014,1.672948328267477 
9260000,1.732132132132132 
9270015,1.6636904761904763 
9280007,1.7473053892215566 
9290010,1.8418879056047197 
9300009,1.629003021148036 
9310013,1.3318885448916407 
9320033,1.6484848484848484 
9330009,1.6053731343283582 
9340016,1.8129793510324481 
9350005,1.4440366972477061 
9360013,1.36375 
9370019,1.5712538226299693 
9380023,1.7041916167664672 
9390019,1.5085365853658534 
9400000,1.669090909090909 
9410020,1.6475903614457832 
9420020,1.5347432024169183 
9430014,1.977259475218659 
9440025,1.9175438596491223 
9450029,1.9421052631578946 
9460011,1.8360946745562128 
9470001,1.5701219512195121 
9480008,1.7517857142857143 
9490020,1.5094224924012156 
9500019,1.5544615384615386 
9510033,1.9061946902654865 
9520012,1.511455108359133 
9530049,1.5065015479876158 
9540003,1.73855421686747 
9550047,1.7875739644970412 
9560017,1.51840490797546 
9570014,1.483333333333333 
9580001,1.6030674846625763 
9590020,1.51743119266055 
9600028,1.7369369369369365 
9610001,1.5756838905775072 
9620023,1.7376854599406526 
9630002,1.293081761006289 
9640005,1.447384615384615 
9650008,1.788165680473373 
9660018,1.8629737609329446 
9670012,1.6542168674698794 
9680037,1.5351681957186545 
9690014,1.8508875739644968 
9700029,1.5787878787878784 
9710038,1.4049382716049381 
9720018,1.5410334346504557 
9730017,1.6108761329305135 
9740029,1.7828402366863902 
9750011,1.8593471810089022 
9760012,1.7098507462686565 
9770010,1.387037037037037 
9780003,1.3492163009404388 
9790006,1.5012269938650304 
9800024,1.7858407079646017 
9810017,1.6858858858858854 
9820040,1.7120481927710842 
9830002,1.820238095238095 
9840030,1.360122699386503 
9850001,1.328526645768025 
9860008,1.5323170731707314 
9870003,1.6546546546546546 
9880029,1.5269938650306747 
9890016,1.5871951219512193 
9900027,1.667065868263473 
9910029,1.6634730538922153 
9920045,1.5982035928143712 
9930004,1.505230769230769 
9940020,1.6869047619047617 
9950022,1.595180722891566 
9960007,1.5321100917431192 
9970017,1.5823170731707317 
9980023,1.693093093093093 
9990007,1.5341463414634144 
10000019,1.46404833836858 
10010004,1.6546546546546543 
10020005,1.8552941176470588 
10030037,1.5018292682926828 
10040016,1.5066666666666664 
10050000,1.5435582822085887 
10060015,1.586626139817629 
10070001,1.706865671641791 
10080001,1.4030769230769227 
10090017,1.8094955489614242 
10100030,1.6988023952095808 
10110013,1.8528189910979227 
10120007,1.7970501474926253 
10130027,1.5636363636363637 
10140021,1.8319526627218934 
10150007,1.7910714285714284 
10160008,1.546788990825688 
10170033,1.7589285714285714 
10180016,1.4425925925925922 
10190004,1.7886227544910178 
10200031,1.870175438596491 
10210006,1.395638629283489 
10220009,1.4639751552795028 
10230019,1.4281345565749233 
10240015,1.5626506024096385 
10250030,1.5762195121951217 
10260020,1.5304878048780486 
10270021,1.7029940119760478 
10280019,1.6618181818181816 
10290027,1.6648648648648652 
10300019,1.6012048192771082 
10310047,1.6559523809523808 
10320001,1.4960244648318042 
10330018,1.6784431137724551 
10340025,1.3819314641744544 
10350025,1.6283987915407856 
10360025,1.5674846625766872 
10370005,1.6404833836858006 
10380024,1.911834319526627 
10390016,1.6815709969788517 
10400010,1.8249999999999997 
10410002,1.6018181818181816 
10420016,1.699397590361446 
10430000,1.6301204819277102 
10440011,1.6730538922155687 
10450028,1.8749262536873155 
10460000,1.7705705705705703 
10470005,1.8224852071005917 
10480022,1.7105105105105103 
10490015,1.772700296735905 
10500025,1.5727272727272728 
10510013,1.5406060606060603 
10520022,1.8147492625368729 
10530019,1.9198830409356722 
10540022,1.450461538461538 
10550044,1.6192771084337347 
10560025,1.6296969696969696 
10570006,1.5465045592705167 
10580021,1.5382262996941893 
10590011,1.5061349693251531 
10600010,1.5694189602446482 
10610019,1.894395280235988 
10620031,1.689285714285714 
10630019,1.433333333333333 
10640021,1.6433734939759033 
10650020,1.4744615384615383 
10660012,1.6078787878787877 
10670003,1.8641176470588234 
10680023,1.7087087087087087 
10690004,1.8202985074626865 
10700009,1.6837349397590362 
10710026,1.8723529411764703 
10720004,1.7347305389221557 
10730015,1.4703363914373087 
10740009,1.7349253731343282 
10750001,1.4339506172839502 
10760031,1.5933734939759037 
10770001,1.8672566371681416 
10780008,1.5866666666666667 
10790010,1.746587537091988 
10800042,1.6894894894894892 
10810010,1.4284829721362227 
10820014,1.6530487804878042 
10830001,1.41619937694704 
10840016,1.758308157099698 
10850026,1.6636904761904758 
10860014,1.735522388059701 
10870009,1.7048192771084338 
10880007,1.6911854103343464 
10890017,1.8323529411764705 
10900009,1.6664652567975828 
10910022,1.703244837758112 
10920026,1.8105263157894738 
10930024,1.8099999999999998 
10940014,1.445121951219512 
10950001,1.9130177514792897 
10960010,1.7183183183183184 
10970008,1.6498498498498497 
10980028,1.6536144578313252 
10990014,1.6084848484848484 
11000011,1.6904191616766464 
11010033,1.626785714285714 
11020021,1.4996884735202491 
11030024,1.69607250755287 
11040047,1.8491228070175438 
11050007,1.748502994011976 
11060024,1.8508875739644968 
11070018,1.6993975903614456 
11080009,1.8194690265486724 
11090026,1.5171779141104291 
11100030,1.6006060606060604 
11110018,1.458282208588957 
11120007,1.7535714285714283 
11130009,1.5823708206686928 
11140011,1.6994011976047902 
11150009,1.6648484848484848 
11160032,1.6916666666666662 
11170028,1.5647416413373858 
11180008,1.5365853658536581 
11190000,1.500303951367781 
11200011,1.8135693215339233 
11210018,1.8124260355029582 
11220014,1.7017857142857142 
11230005,1.872189349112426 
11240023,1.567469879518072 
11250005,1.7092537313432834 
11260020,1.9156976744186047 
11270001,1.8494117647058823 
11280006,1.6636636636636633 
11290014,1.6898203592814371 
11300038,1.7343195266272184 
11310008,1.7313432835820894 
11320013,1.5670731707317074 
11330011,1.623564954682779 
11340018,1.8756598240469207 
11350029,1.751641791044776 
11360007,1.8023738872403556 
11370016,2.0063218390804596 
11380041,1.831360946745562 
11390020,1.877777777777778 
11400019,1.6248484848484845 
11410028,1.683383685800604 
11420008,1.6276276276276276 
11430018,1.7311178247734138 
11440042,1.7101796407185628 
11450023,1.741141141141141 
11460030,1.7268882175226583 
11470019,1.6572289156626507 
11480005,1.505521472392638 
11490014,1.8190476190476188 
11500020,1.7725373134328357 
11510025,1.7074626865671643 
11520012,1.7173652694610775 
11530016,1.7846153846153847 
11540023,1.8526315789473682 
11550019,1.7583333333333333 
11560000,1.8853801169590645 
11570007,1.914035087719298 
11580032,1.8064516129032258 
11590000,1.8857988165680477 
11600019,1.7833333333333332 
11610011,1.8131736526946105 
11620021,1.6212121212121209 
11630003,1.492682926829268 
11640025,1.759171597633136 
11650023,1.7892537313432832 
11660026,1.485889570552147 
11670003,1.6127659574468083 
11680021,1.4173913043478261 
11690028,1.6359756097560973 
11700006,1.3283489096573209 
11710009,1.7898809523809522 
11720009,1.7108433734939759 
11730021,1.5788519637462233 
11740010,1.5460606060606061 
11750006,1.999423631123919 
11760006,1.7365269461077844 
11770021,1.5471124620060788 
11780019,1.6817910447761193 
11790000,1.9704347826086954 
11800004,1.828994082840237 
11810002,1.5180428134556572 
11820003,1.6829850746268655 
11830033,1.685459940652819 
11840010,1.6614457831325298 
11850011,1.775221238938053 
11860002,1.699099099099099 
11870006,1.619219219219219 
11880014,1.666865671641791 
11890031,1.8188790560471977 
11900017,1.952906976744186 
11910008,1.6741641337386017 
11920017,1.6267477203647418 
11930013,1.7851190476190475 
11940001,1.6888888888888889 
11950022,1.5498470948012228 
11960016,2.0235632183908048 
11970008,1.4422018348623853 
11980023,1.7027027027027026 
11990011,1.8083086053412465 
12000021,1.7731343283582086 
12010019,1.735522388059701 
12020014,1.7470238095238095 
12030022,1.3906542056074767 
12040016,1.7491017964071853 
12050028,1.7749253731343284 
12060012,1.7140298507462683 
12070023,1.8552941176470588 
12080018,1.7441176470588236 
12090021,1.7047904191616763 
12100017,1.8258823529411763 
12110010,1.7349112426035498 
12120016,1.7264094955489613 
12130013,1.7964285714285713 
12140017,1.6492492492492488 
12150021,1.635866261398176 
12160030,1.6682634730538917 
12170027,1.8538461538461535 
12180009,1.6036474164133736 
12190031,1.9105882352941175 
12200007,1.859940652818991 
12210012,1.755952380952381 
12220002,1.7589285714285714 
12230007,1.8112094395280236 
12240042,1.7810650887573962 
12250017,1.6445783132530116 
12260039,1.8124260355029582 
12270033,1.8106824925816025 
12280006,1.6054380664652563 
12290008,1.8789473684210523 
12300026,1.6768768768768765 
12310004,1.7150602409638551 
12320025,1.692168674698795 
12330010,1.587878787878788 
12340025,1.7172619047619047 
12350010,1.75 
12360022,1.538650306748466 
12370023,1.5944785276073619 
12380032,1.7186943620178043 
12390020,1.9573099415204678 
12400030,1.9135446685878963 
12410032,1.7755952380952382 
12420022,1.7893175074183976 
12430012,1.8533724340175952 
12440015,1.9102639296187682 
12450032,1.732335329341317 
12460016,1.4638036809815949 
12470003,1.8035502958579883 
12480011,1.9313953488372093 
12490017,1.8205278592375365 
12500017,1.8200589970501475 
12510000,1.9406340057636886 
12520009,1.8652941176470585 
12530024,1.5259938837920486 
12540002,1.6182370820668692 
12550032,1.4954407294832825 
12560031,1.6652439024390244 
12570011,1.529051987767584 
12580043,1.6283132530120483 
12590004,1.5915407854984893 
12600000,1.8615835777126097 
12610001,1.6128834355828217 
12620019,1.8177514792899405 
12630013,1.6389057750759877 
12640027,1.9600000000000002 
12650000,1.8583333333333332 
12660004,1.8284866468842729 
12670000,2.005232558139535 
12680034,1.5248484848484847 
12690011,2.050867052023121 
12700020,1.781656804733728 
12710025,1.8304093567251463 
12720013,1.7653731343283579 
12730002,1.5879518072289154 
12740021,1.8836257309941518 
12750000,1.663283582089552 
12760021,1.9618497109826591 
12770020,1.9514450867052022 
12780029,1.8800000000000001 
12790006,1.8267062314540057 
12800002,1.6591044776119401 
12810025,1.7065476190476185 
12820000,1.7447447447447448 
12830007,1.9814492753623185 
12840025,1.9337243401759534 
12850004,1.849704142011834 
12860025,1.7456716417910447 
12870036,1.7353115727002966 
12880018,1.7186746987951804 
12890013,1.8269794721407624 
12900012,1.6176291793313071 
12910001,1.7229850746268656 
12920014,1.7482142857142857 
12930015,1.724776119402985 
12940037,1.3845679012345675 
12950006,1.6320241691842898 
12960023,1.614634146341463 
12970012,1.7461077844311375 
12980020,1.6457831325301204 
12990018,1.5704615384615384 
13000003,1.4086687306501544 
13010020,1.4910216718266252 
13020029,1.683233532934132 
13030008,1.66322188449848 
13040006,1.8654867256637164 
13050028,1.6744744744744742 
13060012,1.701197604790419 
13070023,1.445871559633027 
13080012,1.5052307692307687 
13090000,1.7976401179941 
13100046,1.4393846153846148 
13110024,1.8071641791044775 
13120005,1.8725663716814158 
13130024,1.8422287390029324 
13140021,1.6694864048338365 
13150000,1.7839762611275967 
13160010,1.8596491228070176 
13170003,1.845970149253731 
13180024,1.6779761904761903 
13190008,1.7647761194029852 
13200004,1.7649851632047477 
13210005,1.6469879518072288 
13220014,1.9481049562682218 
13230025,1.8736842105263156 
13240036,1.713690476190476 
13250008,1.7148036253776433 
13260000,1.7376854599406526 
13270006,1.854867256637168 
13280011,1.8794117647058823 
13290019,1.9041176470588235 
13300031,1.5902439024390245 
13310007,1.726126126126126 
13320031,1.83049853372434 
13330008,1.765269461077844 
13340022,1.6903614457831324 
13350020,1.703903903903904 
13360017,1.831176470588235 
13370016,1.5915151515151513 
13380020,1.7535714285714283 
13390000,1.641337386018237 
13400010,1.5107033639143728 
13410039,1.774404761904762 
13420025,1.8810650887573963 
13430007,1.5927272727272725 
13440025,1.733333333333333 
13450007,1.542598187311178 
13460004,1.705740181268882 
13470013,1.7161676646706585 
13480002,1.7251497005988021 
13490018,1.7546268656716417 
13500020,1.8470238095238096 
13510011,1.8607669616519174 
13520011,1.9652173913043476 
13530032,1.9209302325581394 
13540011,1.7833333333333332 
13550001,1.8516320474777448 
13560001,1.888235294117647 
13570017,1.896774193548387 
13580002,1.9884057971014493 
13590007,1.7477744807121658 
13600011,1.668277945619335 
13610000,1.7491017964071858 
13620012,1.8760233918128655 
13630022,1.8130563798219586 
13640004,1.7241791044776116 
13650026,1.8434017595307914 
13660008,1.821828908554572 
13670022,1.863157894736842 
13680012,1.7958579881656804 
13690011,1.672289156626506 
13700008,1.943108504398827 
13710001,1.983720930232558 
13720005,1.8195845697329376 
13730001,1.8578171091445426 
13740022,2.036781609195402 
13750034,1.8597633136094671 
13760018,1.5672727272727272 
13770027,1.8526627218934912 
13780010,1.634545454545454 
13790005,1.8486646884272995 
13800032,1.7109792284866465 
13810004,1.8053571428571427 
13820000,1.9175438596491228 
13830009,1.8149700598802394 
13840031,1.7779104477611938 
13850004,1.6361963190184048 
13860000,1.7387878787878785 
13870010,1.6943620178041543 
13880023,1.8452941176470588 
13890017,1.6006060606060604 
13900009,1.7970326409495547 
13910011,1.9782991202346039 
13920021,1.7373134328358208 
13930021,1.6816816816816818 
13940011,1.8739002932551319 
13950019,1.727380952380952 
13960006,1.8660766961651916 
13970008,1.8542772861356929 
13980022,1.5698795180722889 
13990001,1.8796460176991152 
14000009,1.7429429429429428 
14010019,1.6626506024096386 
14020028,1.508206686930091 
14030017,1.7110447761194028 
14040033,1.7463855421686745 
14050020,1.685373134328358 
14060017,1.644242424242424 
14070024,1.8593471810089017 
14080026,1.5637462235649544 
14090029,2.01849710982659 
14100024,1.7232142857142858 
14110022,1.3499999999999996 
14120004,1.6553191489361698 
14130018,1.5659574468085105 
14140001,1.8468842729970325 
14150004,1.9516034985422739 
14160009,1.782738095238095 
14170003,1.692447129909365 
14180000,1.6524096385542166 
14190001,1.688955223880597 
14200027,1.8263929618768326 
14210007,1.9706744868035186 
14220026,1.682142857142857 
14230036,1.7641791044776118 
14240023,2.0680115273775215 
14250012,1.7319402985074628 
14260034,1.472782874617737 
14270029,1.8112094395280236 
14280017,2.0273255813953486 
14290022,1.4329268292682924 
14300006,1.9600000000000002 
14310034,1.6877611940298507 
14320025,1.8997067448680351 
14330006,1.7775147928994082 
14340013,1.5896969696969694 
14350005,1.6453172205438067 
14360028,1.8507374631268436 
14370005,1.9132743362831859 
14380045,1.3260869565217386 
14390014,1.8353982300884957 
14400016,1.8076470588235292 
14410010,1.7319402985074626 
14420011,1.8302670623145398 
14430023,1.730149253731343 
14440002,1.5097560975609754 
14450018,1.8510385756676557 
14460007,1.7317220543806642 
14470013,1.7456716417910447 
14480020,1.8429411764705879 
14490024,2.032183908045977 
14500019,1.9269005847953216 
14510014,1.5271084337349394 
14520007,1.6507552870090634 
14530040,1.7142011834319526 
14540017,1.814285714285714 
14550002,1.6727272727272724 
14560005,1.8868035190615835 
14570030,1.8154761904761905 
14580003,1.7301204819277105 
14590005,1.7255255255255253 
14600003,1.454938271604938 
14610018,2.008670520231214 
14620021,1.713353115727003 
14630004,1.3606249999999998 
14640039,1.8422619047619044 
14650019,1.6385542168674698 
14660011,2.0417142857142854 
14670021,1.6265060240963856 
14680012,1.580722891566265 
14690005,1.5226993865030671 
14700001,1.926315789473684 
14710015,1.7287009063444108 
14720016,1.8047904191616766 
14730002,1.7367164179104477 
14740021,1.635045317220544 
14750047,1.9588405797101447 
14760015,1.8838709677419354 
14770046,1.7755223880597013 
14780005,1.5466257668711656 
14790000,1.9026548672566372 
14800027,1.9169590643274852 
14810021,1.6290030211480357 
14820018,1.7113772455089817 
14830016,1.8604105571847507 
14840027,1.750148367952522 
14850011,1.921637426900585 
14860006,2.056980056980057 
14870045,1.9397101449275365 
14880007,1.861492537313433 
14890003,1.9175438596491228 
14900009,1.9317647058823528 
14910008,1.6862275449101793 
14920003,1.7002967359050445 
14930004,1.7663716814159292 
14940002,1.6638554216867472 
14950003,1.9704347826086954 
14960021,1.9895953757225433 
14970010,1.773053892215569 
14980006,1.7688622754491017 
14990018,2.07621776504298 
15000039,1.967536231884058 
15010007,1.998255813953488 
15020013,1.686144578313253 
15030012,2.0643478260869568 
15040017,2.086455331412104 
15050005,1.4368098159509202 
15060013,1.7331325301204819 
15070002,1.9220930232558138 
15080014,2.022028985507246 
15090006,1.7173652694610775 
15100018,2.0247126436781606 
15110032,1.7110447761194032 
15120007,1.9183673469387754 
15130018,1.770919881305638 
15140027,1.9888888888888887 
15150026,1.7543026706231453 
15160043,1.7982300884955749 
15170022,1.7199999999999998 
15180016,1.6919881305637983 
15190014,1.5853211009174308 
15200002,1.891715976331361 
15210030,1.8536873156342182 
15220023,1.7060240963855418 
15230016,1.7414925373134327 
15240002,1.8670588235294117 
15250001,1.9773255813953485 
15260016,1.7823529411764707 
15270029,1.97201166180758 
15280009,1.9178885630498534 
15290035,1.6382089552238805 
15300020,1.7846607669616517 
15310019,1.7947058823529414 
15320022,1.7697329376854596 
15330000,1.6548192771084336 
15340000,1.810089020771513 
15350001,1.95 
15360007,1.9819241982507287 
15370001,1.8053254437869823 
15380022,1.810059171597633 
15390005,2.045029239766082 
15400024,1.8594117647058825 
15410011,1.6823880597014922 
15420005,2.003458213256484 
15430024,1.8518950437317785 
15440007,1.9516034985422737 
15450002,1.7261904761904763 
15460005,1.6688622754491018 
15470014,1.7402366863905323 
15480027,1.9806451612903222 
15490016,2.0501457725947523 
15500005,1.785671641791045 
15510012,1.9372434017595306 
15520009,1.8053571428571429 
15530026,1.7428571428571427 
15540017,1.681081081081081 
15550013,1.7834319526627218 
15560002,1.728700906344411 
15570037,1.8407079646017699 
15580013,1.7868263473053891 
15590021,1.8147928994082836 
15600024,1.9284883720930233 
15610032,1.5530487804878046 
15620009,1.7547619047619045 
15630001,1.6936555891238667 
15640016,1.4074074074074072 
15650009,1.6103030303030301 
15660012,1.733333333333333 
15670009,1.892307692307692 
15680025,2.016959064327485 
15690024,1.7565476190476188 
15700004,1.7648809523809523 
15710002,1.4408668730650152 
15720007,1.8422619047619047 
15730002,1.7970149253731342 
15740019,1.5854103343465042 
15750001,1.9725947521865888 
15760029,1.6156626506024092 
15770000,1.8961651917404128 
15780019,1.7595238095238093 
15790007,1.8364705882352943 
15800009,1.896187683284458 
15810015,1.858235294117647 
15820008,1.815882352941176 
15830004,1.8052941176470587 
15840029,1.9300291545189505 
15850026,1.7173652694610775 
15860024,1.7911242603550295 
15870004,1.8005952380952381 
15880008,1.7994082840236685 
15890005,1.6584337349397587 
15900014,1.6602409638554219 
15910014,1.7455089820359282 
15920027,1.747462686567164 
15930013,1.555287009063444 
15940008,1.7655786350148364 
15950001,1.7235820895522387 
15960032,1.935276967930029 
15970025,1.9571847507331377 
15980023,1.7783132530120482 
15990028,1.903790087463557 
16000030,1.893877551020408 
16010006,2.0256559766763846 
16020003,1.8083333333333331 
16030000,1.7173652694610775 
16040000,1.8976608187134503 
16050015,1.7582089552238807 
16060020,2.0261627906976742 
16070019,1.7807228915662652 
16080000,2.028405797101449 
16090015,1.7952522255192878 
16100003,1.9457725947521864 
16110008,1.8352941176470587 
16120009,2.0023391812865494 
16130025,1.7029940119760478 
16140022,1.726627218934911 
16150017,1.7455621301775148 
16160004,1.6834834834834833 
16170003,1.9658959537572256 
16180018,1.8633720930232556 
16190033,1.8035190615835777 
16200000,1.6954954954954953 
16210008,1.9483870967741934 
16220000,1.8929411764705883 
