10000,0.08805634999675246 
20000,0.08146777650454119 
30000,0.10425153931036285 
40000,0.0997908749746985 
50000,0.11107304909143144 
60000,0.10803104431258453 
70000,0.12301533983732126 
80000,0.1355991785991786 
90000,0.14702369689134392 
100000,0.15013505682913578 
110000,0.1429013225336755 
120000,0.1428521143888791 
130000,0.14482564086240557 
140000,0.14162914349582306 
150000,0.14765695946210652 
160049,0.12684001240849352 
170049,0.1479718061651111 
180049,0.14496665649452026 
190049,0.17016135773411314 
200049,0.15837107438055578 
210049,0.14710069239326204 
220049,0.16732776945276945 
230041,0.15994012950843448 
240041,0.13691302161890395 
250011,0.1746175254484078 
260039,0.15968191939207604 
270039,0.1539877128590364 
280004,0.16408808610550096 
290004,0.16831556382214277 
300011,0.16029337293604196 
310029,0.1450811129724997 
320017,0.16200680569430567 
330018,0.14997347505029682 
340018,0.16847607376283846 
350041,0.14731264898077892 
360041,0.17576493827809617 
370039,0.19199947478991597 
380039,0.18484367348337938 
390035,0.18427037004533134 
400035,0.17825527147431175 
410038,0.18866066622870836 
420038,0.17759239086077322 
430035,0.20691544010244625 
440007,0.1576691890625714 
450007,0.19527685427317779 
460007,0.16895885772724006 
470007,0.17733848523767254 
480029,0.20496924546529463 
490007,0.18056382343147048 
500007,0.182907987609226 
510008,0.23592960627640172 
520013,0.17104296786035153 
530042,0.23710690443555296 
540015,0.24573643035012654 
550005,0.23624089832386586 
560007,0.21566027256325768 
570036,0.24624988414875917 
580022,0.23146188245198146 
590017,0.23483690974911345 
600028,0.2375793904986179 
610026,0.20070984938264352 
620030,0.21359561191939544 
630036,0.22695609684022883 
640020,0.19385353045647163 
650011,0.23402924900240707 
660018,0.22734733072531557 
670006,0.2618225566096506 
680025,0.24773312334465508 
690039,0.22532467936515693 
700016,0.21513744319933958 
710044,0.2109580070550858 
720022,0.19899868974715326 
730022,0.2260432695864234 
740011,0.24100799210544605 
750000,0.26320310952663895 
760003,0.23500422731107543 
770012,0.2732455762628176 
780040,0.23885999942405697 
790042,0.26564691160624243 
800045,0.27895295164361467 
810040,0.2543404562660532 
820009,0.26628243302675453 
830043,0.24649214118570822 
840044,0.2461350716639039 
850013,0.2485430831296318 
860043,0.2656050503956908 
870024,0.23922182547072798 
880026,0.26533040633663635 
890004,0.24750956107246147 
900041,0.2893081345297713 
910046,0.27267877228781107 
920020,0.24796764905967003 
930004,0.2588501529319741 
940013,0.2535198320252194 
950002,0.24029576946122874 
960036,0.23359821680293433 
970033,0.273913034388259 
980006,0.2517160243839391 
990022,0.22175493095211254 
1000031,0.28229229641711706 
1010010,0.2257021920872216 
1020032,0.25161473478267987 
1030003,0.22781867697941358 
1040006,0.2932459944009442 
1050013,0.24146642621360093 
1060017,0.2594861049614981 
1070041,0.26403085888744016 
1080027,0.21973712319518957 
1090024,0.26501843161507027 
1100036,0.24918685093003604 
1110004,0.2559139139511883 
1120030,0.2437486842659256 
1130001,0.27522376887416006 
1140029,0.25935032343985626 
1150003,0.2396796157914217 
1160003,0.24391809855976243 
1170043,0.30837625120638934 
1180039,0.261911678401195 
1190025,0.29352079351928323 
1200036,0.2907645601740753 
1210017,0.25662895381498824 
1220021,0.2712524632945042 
1230039,0.24245437132205266 
1240035,0.24785414595843874 
1250014,0.26379593969585186 
1260032,0.296017890816231 
1270044,0.25938124391573647 
1280042,0.2862873241893816 
1290035,0.31516800614373397 
1300024,0.2667431196390826 
1310033,0.30096296296043606 
1320038,0.3004864918279552 
1330015,0.2460052581480009 
1340016,0.25972057306399865 
1350003,0.2700616191224811 
1360039,0.27354199047595057 
1370041,0.3131124522344246 
1380008,0.25683530711544666 
1390009,0.2655944021536582 
1400017,0.2748622137841891 
1410040,0.28560842191897556 
1420038,0.3018979173519308 
1430018,0.28302355434995746 
1440045,0.2634557488039322 
1450036,0.23804495228126568 
1460019,0.2815260181761501 
1470006,0.2730194891235169 
1480038,0.26214702231373754 
1490033,0.2544315084980413 
1500010,0.273702724970573 
1510003,0.2336057013910829 
1520022,0.2774961925932659 
1530007,0.30384552198838544 
1540048,0.2903118426289158 
1550033,0.24816331763309357 
1560018,0.3030206072422715 
1570044,0.2632448962033737 
1580012,0.2956645269634258 
1590040,0.3094812936231044 
1600029,0.24247983177438623 
1610039,0.28865517935730656 
1620045,0.27452629512539684 
1630030,0.3266622198060835 
1640016,0.24725002720052225 
1650040,0.25819035314471417 
1660010,0.29306253346730926 
1670018,0.2956953353579651 
1680006,0.2388368420203705 
1690007,0.25974483776055396 
1700013,0.2794209515489364 
1710002,0.267878908656944 
1720003,0.29875497728797584 
1730024,0.27478289723985566 
1740003,0.2539448115998414 
1750040,0.28789009590508496 
1760049,0.2726581268382681 
1770020,0.3130993142272411 
1780034,0.25183599482715685 
1790028,0.2778469880113479 
1800043,0.27192146933526246 
1810032,0.28859340980782494 
1820033,0.29625296486296304 
1830010,0.2844715829793684 
1840014,0.2976210848771825 
1850006,0.2910798534805306 
1860002,0.29313337385847393 
1870034,0.293035033266207 
1880015,0.2795645704680358 
1890029,0.3202044985940251 
1900016,0.2981293132978929 
1910046,0.32537498394892844 
1920027,0.33122038769456275 
1930018,0.2992345390189479 
1940014,0.30512019941744306 
1950027,0.3115550584639677 
1960044,0.37410369948717825 
1970023,0.28985331677805726 
1980004,0.3316076869225071 
1990006,0.31137189255701364 
2000044,0.3127629385760042 
2010048,0.32446005304751435 
2020010,0.32337528925525194 
2030030,0.33230293213265355 
2040035,0.34505244975032917 
2050006,0.3229353113786865 
2060025,0.3302778633074855 
2070010,0.3227404286290726 
2080044,0.3350063749360424 
2090013,0.3502634690555502 
2100004,0.36988493493182323 
2110047,0.34416345370574536 
2120037,0.3700621469314536 
2130011,0.3468213659438974 
2140027,0.3259169540786812 
2150042,0.32718358209149184 
2160046,0.3517921958320714 
2170009,0.35454891129150307 
2180023,0.32876033876600214 
2190011,0.332536146993785 
2200009,0.3847190265834517 
2210036,0.3499968813436306 
2220002,0.34292582496822926 
2230004,0.35167824842143347 
2240049,0.3550713611794929 
2250000,0.32116435244497404 
2260043,0.33351301998500216 
2270029,0.3574844700895121 
2280021,0.36201032031882263 
2290046,0.4112974915778292 
2300040,0.32986515196230837 
2310025,0.3521917849603272 
2320002,0.3827630101236912 
2330025,0.3446131139865155 
2340036,0.31472541802717147 
2350043,0.36004087260389783 
2360021,0.3549765718209842 
2370046,0.329435225001834 
2380004,0.4065781928246594 
2390017,0.38669988614592776 
2400008,0.39400820536419134 
2410018,0.36721655973119594 
2420002,0.4079067782594982 
2430037,0.3778471162306971 
2440046,0.36413711949426236 
2450047,0.3692165097030519 
2460021,0.42603847945604373 
2470041,0.37609113730962473 
2480016,0.3908087862184501 
2490021,0.43119074820614006 
2500031,0.3628777514302349 
2510001,0.3944401392999524 
