10000,-9.715 
30000,-9.79 
20000,-9.754999999999997 
40000,-9.675 
20000,-9.685 
30000,-9.755 
50000,-9.724999999999998 
30000,-9.635 
60000,-9.77 
10000,-9.799999999999999 
40000,-9.72 
40000,-9.635 
70000,-9.705 
50000,-9.7 
80000,-9.68 
50000,-9.5 
90000,-9.625 
60000,-9.545 
60000,-9.515 
20000,-9.814999999999998 
100000,-9.7 
70000,-9.6 
70000,-9.405 
110000,-9.67 
120000,-9.68 
80000,-9.35 
80000,-9.53 
130000,-9.674999999999999 
30000,-9.774999999999999 
90000,-9.235 
90000,-9.46 
140000,-9.65 
100000,-9.32 
150000,-9.625 
100000,-9.445 
160000,-9.59 
110000,-9.33 
110000,-9.365 
40000,-9.79 
170000,-9.605 
120000,-9.28 
120000,-9.35 
180000,-9.515 
130000,-9.235 
190000,-9.615 
130000,-9.31 
140000,-9.54 
200000,-9.725 
50000,-9.74 
140000,-9.27 
210000,-9.565 
150000,-9.505 
150000,-9.235 
220000,-9.56 
160000,-9.385 
230000,-9.6 
160000,-9.195 
60000,-9.665 
170000,-9.39 
240000,-9.56 
170000,-9.27 
180000,-9.275 
250000,-9.6 
180000,-9.32 
190000,-9.16 
260000,-9.534999999999998 
70000,-9.69 
200000,-8.96 
190000,-9.21 
270000,-9.54 
280000,-9.55 
210000,-9.485 
200000,-9.585 
290000,-9.52 
220000,-8.92 
80000,-9.745 
210000,-9.665 
300000,-9.51 
230000,-9.105 
220000,-9.595 
310000,-9.6 
240000,-8.995 
230000,-9.78 
320000,-9.5 
90000,-9.78 
250000,-8.8 
330000,-9.435 
240000,-9.764999999999999 
260000,-8.72 
340000,-9.53 
250000,-9.635 
100000,-9.755 
270000,-8.67 
350000,-9.505 
260000,-9.26 
280000,-8.575 
360000,-9.5 
270000,-9.245 
370000,-9.57 
290000,-8.490000000000002 
110000,-9.684999999999999 
280000,-9.62 
380000,-9.41 
300000,-8.63 
290000,-9.385 
390000,-9.405 
310000,-8.445000000000002 
120000,-9.6 
400000,-9.425 
300000,-9.245 
320000,-8.410000000000002 
410000,-9.485 
310000,-9.21 
330000,-8.275000000000002 
420000,-9.515 
130000,-9.56 
320000,-9.195 
340000,-8.185000000000002 
430000,-9.415 
330000,-9.275 
350000,-8.235000000000003 
440000,-9.425 
140000,-9.33 
340000,-9.215 
360000,-8.285000000000002 
450000,-9.36 
370000,-8.110000000000003 
350000,-8.87 
460000,-9.435 
150000,-9.255 
380000,-8.130000000000003 
360000,-8.875 
470000,-9.405 
390000,-7.985000000000002 
480000,-9.42 
370000,-9.06 
400000,-8.025000000000002 
160000,-9.27 
490000,-9.4 
380000,-8.925 
410000,-7.920000000000003 
500000,-9.34 
390000,-8.83 
510000,-9.32 
420000,-7.990000000000002 
170000,-9.19 
400000,-8.835 
520000,-9.31 
430000,-7.845000000000002 
410000,-8.745 
530000,-9.37 
180000,-8.805 
440000,-7.825000000000002 
420000,-8.530000000000001 
540000,-9.355 
450000,-7.820000000000002 
430000,-8.345000000000002 
550000,-9.305 
190000,-8.715 
460000,-7.855000000000002 
440000,-8.225000000000001 
560000,-9.185 
470000,-7.595000000000002 
450000,-8.195000000000002 
570000,-9.315 
200000,-8.64 
480000,-7.655000000000002 
460000,-8.245000000000003 
580000,-9.275 
490000,-7.580000000000002 
470000,-7.970000000000002 
590000,-9.17 
210000,-8.755 
500000,-7.585000000000003 
480000,-8.140000000000002 
600000,-9.205 
510000,-7.620000000000002 
220000,-8.675 
610000,-9.335 
490000,-7.945000000000002 
520046,-7.443781094527366 
620000,-9.23 
500000,-7.8400000000000025 
530034,-7.498000000000002 
230000,-8.675 
630000,-9.245 
510000,-7.910000000000002 
540034,-7.435000000000002 
640000,-9.39 
520000,-7.815000000000002 
550034,-7.330000000000002 
240000,-8.69 
650000,-9.16 
530000,-7.690000000000002 
560034,-7.390000000000002 
660000,-9.33 
540000,-7.770000000000002 
250000,-8.58 
570034,-7.2600000000000025 
670000,-9.17 
550034,-7.655721393034828 
580034,-7.140000000000002 
680000,-9.18 
260000,-8.67 
560034,-7.545000000000003 
590023,-7.029000000000002 
690000,-9.21 
570034,-7.495000000000002 
600023,-7.125000000000003 
700000,-9.3 
270000,-8.645000000000001 
580024,-7.555000000000002 
610023,-7.195000000000002 
710000,-9.205 
590024,-7.500000000000003 
620049,-6.966169154228857 
280000,-8.605 
720000,-9.225 
600024,-7.415000000000003 
630049,-7.180000000000002 
730000,-9.165 
290000,-8.635000000000002 
610024,-7.355000000000002 
640022,-6.968000000000002 
740000,-9.22 
620013,-7.099000000000003 
650044,-6.8179104477611965 
750000,-9.15 
300000,-8.66 
630013,-7.400000000000002 
660015,-6.9010000000000025 
760000,-9.05 
640013,-7.285000000000002 
670028,-6.744278606965176 
310000,-8.71 
770000,-9.24 
650013,-7.235000000000002 
680028,-7.025000000000002 
780000,-9.195 
320000,-8.595 
660013,-7.2600000000000025 
690028,-6.825000000000002 
790045,-9.08955223880597 
670011,-7.078000000000002 
800045,-9.135 
700009,-6.821000000000002 
330000,-8.485 
680011,-7.255000000000003 
810045,-9.195 
710031,-6.783084577114431 
340000,-8.445000000000002 
690011,-7.230000000000002 
820045,-9.03 
720006,-6.845000000000002 
830045,-9.255 
700011,-7.025000000000002 
730048,-6.633830845771147 
350000,-8.380000000000003 
840045,-9.09 
710041,-6.970149253731345 
740002,-6.689000000000004 
850045,-9.115 
360000,-8.475000000000001 
750002,-6.865000000000002 
720013,-7.137000000000001 
860045,-9.21 
760016,-6.62587064676617 
730013,-7.035000000000002 
370000,-8.55 
870045,-9.13 
770035,-6.630845771144282 
740013,-7.065000000000002 
880045,-9.18 
780034,-6.454455445544558 
750013,-7.055000000000002 
380026,-8.418905472636817 
790001,-6.572000000000002 
890045,-9.17 
760013,-6.970000000000002 
800001,-6.705000000000002 
900045,-9.12 
390026,-8.395000000000003 
770012,-7.094000000000002 
810034,-6.493069306930695 
910045,-9.165 
780009,-6.837000000000002 
820001,-6.612000000000003 
400026,-8.505 
920045,-9.005 
790009,-7.020000000000002 
830011,-6.582089552238808 
930045,-8.955 
800002,-6.843000000000002 
410026,-8.515000000000002 
840011,-6.5900000000000025 
940045,-9.04 
810002,-6.8000000000000025 
850036,-6.487562189054729 
420026,-8.425000000000002 
820024,-6.942288557213933 
950045,-9.025 
860039,-6.448514851485151 
830002,-6.8980000000000015 
960045,-9.055 
870032,-6.658000000000002 
430026,-8.490000000000002 
840049,-6.733333333333336 
970045,-9.075 
880010,-6.548000000000002 
850049,-6.745000000000002 
980045,-9.04 
440026,-8.415000000000001 
890019,-6.56119402985075 
860035,-6.711000000000002 
990045,-9.13 
900009,-6.2475247524752495 
450026,-8.47 
870017,-6.682000000000003 
910006,-6.383168316831686 
1000045,-9.165 
880005,-6.633000000000002 
920036,-6.287128712871289 
1010045,-9.07 
460026,-8.48 
890025,-6.440594059405943 
930040,-6.513861386138616 
1020045,-9.095 
900036,-6.657711442786072 
470026,-8.505 
940028,-6.5104477611940315 
1030045,-9.04 
910035,-6.745273631840798 
950044,-6.4415841584158455 
1040045,-9.055 
920006,-6.696000000000002 
480026,-8.395000000000001 
960015,-6.359203980099505 
1050045,-9.075 
930009,-6.659701492537315 
970017,-6.353465346534656 
490026,-8.395000000000003 
940009,-6.720000000000002 
1060045,-8.92 
980031,-6.151724137931038 
950049,-6.651741293532341 
1070045,-8.915 
500026,-8.290000000000003 
990045,-6.106862745098042 
960015,-6.551000000000003 
1080045,-9.025 
1000038,-6.34626865671642 
510026,-8.340000000000002 
970033,-6.550248756218909 
1090045,-9.0 
1010016,-6.413861386138616 
980026,-6.633000000000003 
1100045,-8.94 
1020021,-6.059405940594061 
520026,-8.300000000000002 
990007,-6.596000000000003 
1110045,-9.01 
1030022,-6.359203980099505 
1000021,-6.576119402985077 
530026,-8.355000000000002 
1120045,-9.055 
1040033,-6.050246305418722 
1010019,-6.803000000000002 
1130045,-9.01 
1050009,-6.364179104477614 
540026,-8.235000000000003 
1020010,-6.701000000000002 
1140045,-8.860000000000001 
1060047,-6.175369458128082 
1030029,-6.566169154228858 
550026,-8.145000000000003 
1150045,-9.005 
1070027,-6.16831683168317 
1040029,-6.745000000000002 
1160045,-8.865 
1080012,-6.323383084577117 
560026,-8.140000000000002 
1050019,-6.610000000000002 
1170045,-8.945 
1090037,-6.063725490196081 
1060013,-6.705472636815924 
1100002,-6.108910891089113 
1180045,-8.855 
570026,-8.105000000000002 
1070048,-6.716417910447763 
1110007,-6.17821782178218 
1190045,-8.91 
1080007,-6.574000000000003 
580026,-8.230000000000002 
1120019,-5.800980392156865 
1200045,-8.785 
1090047,-6.371287128712874 
1130030,-6.124137931034485 
1210045,-9.0 
590026,-8.140000000000002 
1100041,-6.374000000000002 
1140035,-5.772946859903384 
1220045,-8.805 
1110041,-6.805000000000002 
600026,-7.940000000000002 
1150027,-5.93823529411765 
1230045,-8.865 
1120023,-6.279207920792082 
1160012,-5.897058823529414 
1240045,-8.94 
610026,-8.105000000000002 
1130010,-6.253201970443352 
1170026,-5.795145631067963 
1250045,-9.095 
1140026,-6.428855721393037 
1180016,-5.526570048309181 
620026,-7.950000000000002 
1260045,-8.97 
1150022,-6.403980099502489 
1190006,-5.877450980392159 
1270045,-9.03 
1160039,-6.4497512437810975 
630019,-8.068000000000001 
1200045,-5.544927536231887 
1280045,-8.905 
1170000,-6.341000000000003 
1210028,-5.568780487804879 
1290045,-9.02 
640019,-8.025000000000002 
1180042,-6.363366336633666 
1220021,-5.577777777777781 
1300045,-8.86 
1190044,-6.3402985074626885 
1230035,-5.6270531400966215 
650019,-7.955000000000002 
1310045,-8.89 
1200021,-6.310447761194032 
1240038,-5.7262135922330115 
1320045,-8.88 
1210017,-6.31442786069652 
660019,-7.835000000000003 
1250010,-5.120952380952383 
1330045,-8.94 
1220007,-6.20792079207921 
1260016,-5.3922705314009685 
1340045,-8.78 
670019,-7.975000000000002 
1230021,-6.078217821782181 
1270024,-5.2086124401913905 
