10000,0.0 
20000,0.007499999832361937 
30000,0.004999999888241291 
40000,0.007499999832361937 
50000,0.0024999999441206455 
60000,0.004999999888241291 
70000,0.007499999832361937 
80000,0.007499999832361937 
90000,0.0024999999441206455 
100000,0.0 
110000,0.0024999999441206455 
120000,0.004999999888241291 
130000,0.004999999888241291 
140000,0.004999999888241291 
150000,0.0024999999441206455 
160000,0.0 
170000,0.0024999999441206455 
180000,0.0024999999441206455 
190000,0.004999999888241291 
200000,0.004999999888241291 
210000,0.012500000186264515 
220000,0.017500000074505806 
230000,0.004999999888241291 
240000,0.007499999832361937 
250000,0.004999999888241291 
260000,0.004999999888241291 
270000,0.004999999888241291 
280000,0.004999999888241291 
290000,0.009999999776482582 
300000,0.007499999832361937 
310000,0.009999999776482582 
320000,0.017500000074505806 
330000,0.012500000186264515 
340000,0.009999999776482582 
350000,0.012500000186264515 
360000,0.0024999999441206455 
370000,0.0024999999441206455 
380000,0.014999999664723873 
390000,0.004999999888241291 
400000,0.012500000186264515 
410000,0.009999999776482582 
420000,0.009999999776482582 
430000,0.004999999888241291 
440000,0.009999999776482582 
450000,0.009999999776482582 
460000,0.014999999664723873 
470000,0.007499999832361937 
480000,0.012500000186264515 
490000,0.012500000186264515 
500000,0.009999999776482582 
510000,0.02250000089406967 
520000,0.009999999776482582 
530000,0.004999999888241291 
540000,0.014999999664723873 
550000,0.012500000186264515 
560000,0.007499999832361937 
570000,0.007499999832361937 
580000,0.009999999776482582 
590000,0.009999999776482582 
600000,0.029999999329447746 
610000,0.012500000186264515 
620000,0.02250000089406967 
630000,0.017500000074505806 
640000,0.012500000186264515 
650000,0.014999999664723873 
660000,0.009999999776482582 
670000,0.009999999776482582 
680000,0.014999999664723873 
690000,0.017500000074505806 
700000,0.019999999552965164 
710000,0.004999999888241291 
720000,0.014999999664723873 
730000,0.009999999776482582 
740000,0.007499999832361937 
750000,0.019999999552965164 
760000,0.019999999552965164 
770000,0.012500000186264515 
780000,0.012500000186264515 
790000,0.004999999888241291 
800000,0.017500000074505806 
810000,0.012500000186264515 
820000,0.007499999832361937 
830000,0.012500000186264515 
840000,0.027499999850988388 
850000,0.004999999888241291 
860000,0.012500000186264515 
870000,0.007499999832361937 
880000,0.017500000074505806 
890000,0.012500000186264515 
900000,0.019999999552965164 
910000,0.012500000186264515 
920000,0.012500000186264515 
930000,0.02500000037252903 
940000,0.0024999999441206455 
950000,0.017500000074505806 
960000,0.014999999664723873 
970000,0.004999999888241291 
980000,0.019999999552965164 
990000,0.012500000186264515 
1000000,0.02500000037252903 
1010000,0.004999999888241291 
1020000,0.007499999832361937 
1030000,0.014999999664723873 
1040000,0.019999999552965164 
1050000,0.017500000074505806 
1060000,0.014999999664723873 
1070000,0.009999999776482582 
1080000,0.012500000186264515 
1090000,0.02500000037252903 
1100000,0.014999999664723873 
1110000,0.014999999664723873 
1120000,0.02250000089406967 
1130000,0.012500000186264515 
1140000,0.012500000186264515 
1150000,0.009999999776482582 
1160000,0.014999999664723873 
1170000,0.017500000074505806 
1180000,0.019999999552965164 
1190000,0.014999999664723873 
1200000,0.019999999552965164 
1210000,0.02500000037252903 
1220000,0.009999999776482582 
1230000,0.02250000089406967 
1240000,0.019999999552965164 
1250000,0.019999999552965164 
1260000,0.019999999552965164 
1270000,0.014999999664723873 
1280000,0.017500000074505806 
1290000,0.014999999664723873 
1300000,0.017500000074505806 
1310000,0.019999999552965164 
1320000,0.012500000186264515 
1330000,0.007499999832361937 
1340000,0.029999999329447746 
1350000,0.014999999664723873 
1360000,0.02500000037252903 
1370000,0.02500000037252903 
1380000,0.019999999552965164 
1390000,0.012500000186264515 
1400000,0.017500000074505806 
1410000,0.02250000089406967 
1420000,0.014999999664723873 
1430000,0.017500000074505806 
1440000,0.009999999776482582 
1450000,0.03500000014901161 
1460000,0.019999999552965164 
1470000,0.014999999664723873 
1480000,0.007499999832361937 
1490000,0.017500000074505806 
1500000,0.014999999664723873 
1510000,0.027499999850988388 
1520000,0.007499999832361937 
1530000,0.02500000037252903 
1540000,0.019999999552965164 
1550000,0.007499999832361937 
1560000,0.02500000037252903 
1570000,0.02500000037252903 
1580000,0.017500000074505806 
1590000,0.019999999552965164 
1600000,0.012500000186264515 
1610000,0.02250000089406967 
1620000,0.03500000014901161 
1630000,0.027499999850988388 
1640000,0.009999999776482582 
1650000,0.027499999850988388 
1660000,0.02250000089406967 
1670000,0.017500000074505806 
1680000,0.017500000074505806 
1690000,0.027499999850988388 
1700000,0.02250000089406967 
1710000,0.03750000149011612 
1720000,0.012500000186264515 
1730000,0.014999999664723873 
1740000,0.014999999664723873 
1750000,0.012500000186264515 
1760000,0.009999999776482582 
1770000,0.032499998807907104 
1780000,0.02500000037252903 
1790000,0.009999999776482582 
1800000,0.017500000074505806 
1810000,0.019999999552965164 
1820000,0.019999999552965164 
1830000,0.004999999888241291 
1840000,0.009999999776482582 
1850000,0.017500000074505806 
1860000,0.019999999552965164 
1870000,0.019999999552965164 
1880000,0.014999999664723873 
1890000,0.019999999552965164 
1900000,0.019999999552965164 
1910000,0.02500000037252903 
1920000,0.032499998807907104 
1930000,0.029999999329447746 
1940000,0.009999999776482582 
1950000,0.027499999850988388 
1960000,0.014999999664723873 
1970000,0.019999999552965164 
1980000,0.027499999850988388 
1990000,0.02500000037252903 
2000000,0.014999999664723873 
2010000,0.019999999552965164 
2020000,0.027499999850988388 
2030000,0.029999999329447746 
2040000,0.02250000089406967 
2050000,0.012500000186264515 
2060000,0.027499999850988388 
2070000,0.012500000186264515 
2080000,0.02250000089406967 
2090000,0.012500000186264515 
2100000,0.009999999776482582 
2110000,0.014999999664723873 
2120000,0.03500000014901161 
2130000,0.027499999850988388 
2140000,0.014999999664723873 
2150000,0.012500000186264515 
2160000,0.029999999329447746 
2170000,0.014999999664723873 
2180000,0.014999999664723873 
2190000,0.019999999552965164 
2200000,0.014999999664723873 
2210000,0.027499999850988388 
2220000,0.019999999552965164 
2230000,0.02250000089406967 
2240000,0.019999999552965164 
2250000,0.032499998807907104 
2260000,0.017500000074505806 
2270000,0.027499999850988388 
2280000,0.007499999832361937 
2290000,0.032499998807907104 
2300000,0.014999999664723873 
2310000,0.02500000037252903 
2320000,0.032499998807907104 
2330000,0.012500000186264515 
2340000,0.019999999552965164 
2350000,0.02500000037252903 
2360000,0.009999999776482582 
2370000,0.02250000089406967 
2380000,0.029999999329447746 
2390000,0.012500000186264515 
2400000,0.012500000186264515 
2410000,0.019999999552965164 
2420000,0.02250000089406967 
2430000,0.027499999850988388 
2440000,0.017500000074505806 
2450000,0.019999999552965164 
2460000,0.014999999664723873 
2470000,0.02250000089406967 
2480000,0.012500000186264515 
2490000,0.02500000037252903 
2500000,0.029999999329447746 
2510000,0.019999999552965164 
2520000,0.027499999850988388 
2530000,0.02500000037252903 
2540000,0.02250000089406967 
2550000,0.019999999552965164 
2560000,0.02500000037252903 
2570000,0.03500000014901161 
2580000,0.02250000089406967 
2590000,0.029999999329447746 
2600000,0.032499998807907104 
2610000,0.027499999850988388 
2620000,0.019999999552965164 
2630000,0.042500000447034836 
2640000,0.017500000074505806 
2650000,0.014999999664723873 
2660000,0.019999999552965164 
2670000,0.02500000037252903 
2680000,0.029999999329447746 
2690000,0.02250000089406967 
2700000,0.02250000089406967 
2710000,0.012500000186264515 
2720000,0.03999999910593033 
2730000,0.02250000089406967 
2740000,0.027499999850988388 
2750000,0.012500000186264515 
2760000,0.032499998807907104 
2770000,0.03500000014901161 
2780000,0.027499999850988388 
2790000,0.03500000014901161 
2800000,0.009999999776482582 
2810000,0.029999999329447746 
2820000,0.019999999552965164 
2830000,0.017500000074505806 
2840000,0.02250000089406967 
2850000,0.027499999850988388 
2860000,0.02500000037252903 
2870000,0.019999999552965164 
2880000,0.017500000074505806 
2890000,0.02500000037252903 
2900000,0.02500000037252903 
2910000,0.02250000089406967 
2920000,0.014999999664723873 
2930000,0.02250000089406967 
2940000,0.019999999552965164 
2950000,0.04500000178813934 
2960000,0.02250000089406967 
2970000,0.027499999850988388 
2980000,0.02250000089406967 
2990000,0.029999999329447746 
3000000,0.029999999329447746 
3010000,0.029999999329447746 
3020000,0.02500000037252903 
3030000,0.017500000074505806 
3040000,0.029999999329447746 
3050000,0.014999999664723873 
3060000,0.02250000089406967 
3070000,0.02250000089406967 
3080000,0.012500000186264515 
3090000,0.019999999552965164 
3100000,0.012500000186264515 
3110000,0.04749999940395355 
3120000,0.032499998807907104 
3130000,0.019999999552965164 
3140000,0.03500000014901161 
3150000,0.032499998807907104 
3160000,0.027499999850988388 
3170000,0.019999999552965164 
3180000,0.012500000186264515 
3190000,0.019999999552965164 
3200000,0.02250000089406967 
3210000,0.004999999888241291 
3220000,0.02250000089406967 
3230000,0.029999999329447746 
3240000,0.03500000014901161 
3250000,0.02500000037252903 
3260000,0.02250000089406967 
3270000,0.02250000089406967 
3280000,0.029999999329447746 
3290000,0.032499998807907104 
3300000,0.019999999552965164 
3310000,0.027499999850988388 
3320000,0.03500000014901161 
3330000,0.019999999552965164 
3340000,0.02250000089406967 
3350000,0.042500000447034836 
3360000,0.027499999850988388 
3370000,0.027499999850988388 
3380000,0.019999999552965164 
3390000,0.02250000089406967 
3400000,0.009999999776482582 
3410000,0.019999999552965164 
3420000,0.019999999552965164 
3430000,0.027499999850988388 
3440000,0.03750000149011612 
3450000,0.02250000089406967 
3460000,0.02500000037252903 
3470000,0.03500000014901161 
3480000,0.02500000037252903 
3490000,0.014999999664723873 
3500000,0.02250000089406967 
3510000,0.012500000186264515 
3520000,0.029999999329447746 
3530000,0.03750000149011612 
3540000,0.02250000089406967 
3550000,0.02500000037252903 
3560000,0.02250000089406967 
3570000,0.02500000037252903 
3580000,0.017500000074505806 
3590000,0.02500000037252903 
3600000,0.014999999664723873 
3610000,0.032499998807907104 
3620000,0.019999999552965164 
3630000,0.029999999329447746 
3640000,0.029999999329447746 
3650000,0.012500000186264515 
3660000,0.014999999664723873 
3670000,0.017500000074505806 
3680000,0.03750000149011612 
3690000,0.014999999664723873 
3700000,0.027499999850988388 
3710000,0.029999999329447746 
3720000,0.02250000089406967 
3730000,0.02250000089406967 
3740000,0.014999999664723873 
3750000,0.02500000037252903 
3760000,0.029999999329447746 
3770000,0.032499998807907104 
3780000,0.014999999664723873 
3790000,0.02500000037252903 
3800000,0.02250000089406967 
3810000,0.02250000089406967 
3820000,0.02250000089406967 
3830000,0.032499998807907104 
3840000,0.027499999850988388 
3850000,0.019999999552965164 
3860000,0.02250000089406967 
3870000,0.019999999552965164 
3880000,0.019999999552965164 
3890000,0.02250000089406967 
3900000,0.02250000089406967 
3910000,0.02500000037252903 
3920000,0.012500000186264515 
3930000,0.02250000089406967 
3940000,0.032499998807907104 
3950000,0.03750000149011612 
3960000,0.02500000037252903 
3970000,0.019999999552965164 
3980000,0.017500000074505806 
3990000,0.029999999329447746 
4000000,0.029999999329447746 
4010000,0.029999999329447746 
4020000,0.027499999850988388 
4030000,0.014999999664723873 
4040000,0.02500000037252903 
4050000,0.029999999329447746 
4060000,0.014999999664723873 
4070000,0.019999999552965164 
4080000,0.02250000089406967 
4090000,0.02500000037252903 
4100000,0.02250000089406967 
4110000,0.02250000089406967 
4120000,0.0024999999441206455 
4130000,0.014999999664723873 
4140000,0.009999999776482582 
4150000,0.03750000149011612 
4160000,0.02500000037252903 
4170000,0.019999999552965164 
4180000,0.017500000074505806 
4190000,0.03750000149011612 
4200000,0.03500000014901161 
4210000,0.027499999850988388 
4220000,0.019999999552965164 
4230000,0.019999999552965164 
4240000,0.019999999552965164 
4250000,0.027499999850988388 
4260000,0.014999999664723873 
4270000,0.017500000074505806 
4280000,0.017500000074505806 
4290000,0.017500000074505806 
4300000,0.02500000037252903 
4310000,0.032499998807907104 
4320000,0.027499999850988388 
4330000,0.027499999850988388 
4340000,0.012500000186264515 
4350000,0.02250000089406967 
4360000,0.014999999664723873 
4370000,0.027499999850988388 
4380000,0.027499999850988388 
4390000,0.029999999329447746 
4400000,0.029999999329447746 
4410000,0.027499999850988388 
4420000,0.019999999552965164 
4430000,0.019999999552965164 
4440000,0.029999999329447746 
4450000,0.032499998807907104 
4460000,0.027499999850988388 
4470000,0.017500000074505806 
4480000,0.02250000089406967 
4490000,0.027499999850988388 
4500000,0.032499998807907104 
4510000,0.02500000037252903 
4520000,0.014999999664723873 
4530000,0.02250000089406967 
4540000,0.017500000074505806 
4550000,0.017500000074505806 
4560000,0.017500000074505806 
4570000,0.02250000089406967 
4580000,0.019999999552965164 
4590000,0.029999999329447746 
4600000,0.014999999664723873 
4610000,0.03750000149011612 
4620000,0.02250000089406967 
4630000,0.02500000037252903 
4640000,0.027499999850988388 
4650000,0.012500000186264515 
4660000,0.014999999664723873 
4670000,0.017500000074505806 
4680000,0.017500000074505806 
4690000,0.019999999552965164 
4700000,0.02500000037252903 
4710000,0.017500000074505806 
4720000,0.014999999664723873 
4730000,0.019999999552965164 
4740000,0.032499998807907104 
4750000,0.012500000186264515 
4760000,0.027499999850988388 
4770000,0.029999999329447746 
4780000,0.02500000037252903 
4790000,0.017500000074505806 
4800000,0.017500000074505806 
4810000,0.029999999329447746 
4820000,0.014999999664723873 
4830000,0.02250000089406967 
4840000,0.02250000089406967 
4850000,0.027499999850988388 
4860000,0.02250000089406967 
4870000,0.029999999329447746 
4880000,0.032499998807907104 
4890000,0.019999999552965164 
4900000,0.02500000037252903 
4910000,0.012500000186264515 
4920000,0.014999999664723873 
4930000,0.017500000074505806 
4940000,0.017500000074505806 
4950000,0.042500000447034836 
4960000,0.032499998807907104 
4970000,0.014999999664723873 
4980000,0.012500000186264515 
4990000,0.027499999850988388 
5000000,0.014999999664723873 
5010000,0.019999999552965164 
5020000,0.014999999664723873 
5030000,0.02500000037252903 
5040000,0.02500000037252903 
5050000,0.02500000037252903 
5060000,0.03750000149011612 
5070000,0.027499999850988388 
5080000,0.017500000074505806 
5090000,0.032499998807907104 
5100000,0.02250000089406967 
5110000,0.02500000037252903 
5120000,0.004999999888241291 
5130000,0.027499999850988388 
5140000,0.03500000014901161 
5150000,0.03750000149011612 
5160000,0.027499999850988388 
5170000,0.027499999850988388 
5180000,0.007499999832361937 
5190000,0.02250000089406967 
5200000,0.019999999552965164 
5210000,0.012500000186264515 
5220000,0.019999999552965164 
5230000,0.027499999850988388 
5240000,0.027499999850988388 
5250000,0.019999999552965164 
5260000,0.02500000037252903 
5270000,0.03750000149011612 
5280000,0.032499998807907104 
5290000,0.029999999329447746 
5300000,0.019999999552965164 
5310000,0.032499998807907104 
5320000,0.02250000089406967 
5330000,0.027499999850988388 
5340000,0.019999999552965164 
5350000,0.019999999552965164 
5360000,0.014999999664723873 
5370000,0.029999999329447746 
5380000,0.027499999850988388 
5390000,0.032499998807907104 
5400000,0.027499999850988388 
5410000,0.03999999910593033 
5420000,0.02500000037252903 
5430000,0.017500000074505806 
5440000,0.017500000074505806 
5450000,0.03500000014901161 
5460000,0.027499999850988388 
5470000,0.029999999329447746 
5480000,0.03999999910593033 
5490000,0.03500000014901161 
5500000,0.02500000037252903 
5510000,0.014999999664723873 
5520000,0.019999999552965164 
5530000,0.019999999552965164 
5540000,0.04500000178813934 
5550000,0.029999999329447746 
5560000,0.019999999552965164 
5570000,0.014999999664723873 
5580000,0.027499999850988388 
5590000,0.014999999664723873 
5600000,0.019999999552965164 
5610000,0.02500000037252903 
5620000,0.019999999552965164 
5630000,0.019999999552965164 
5640000,0.019999999552965164 
5650000,0.007499999832361937 
5660000,0.02500000037252903 
5670000,0.03500000014901161 
5680000,0.029999999329447746 
5690000,0.02250000089406967 
5700000,0.02250000089406967 
5710000,0.019999999552965164 
5720000,0.019999999552965164 
5730000,0.02250000089406967 
5740000,0.027499999850988388 
5750000,0.02250000089406967 
5760000,0.03500000014901161 
5770000,0.019999999552965164 
5780000,0.03500000014901161 
5790000,0.02500000037252903 
5800000,0.027499999850988388 
5810000,0.017500000074505806 
5820000,0.019999999552965164 
5830000,0.019999999552965164 
5840000,0.029999999329447746 
5850000,0.027499999850988388 
5860000,0.029999999329447746 
5870000,0.009999999776482582 
5880000,0.029999999329447746 
5890000,0.032499998807907104 
5900000,0.032499998807907104 
5910000,0.03750000149011612 
5920000,0.042500000447034836 
5930000,0.02250000089406967 
5940000,0.019999999552965164 
5950000,0.019999999552965164 
5960000,0.019999999552965164 
5970000,0.03750000149011612 
5980000,0.032499998807907104 
5990000,0.027499999850988388 
6000000,0.019999999552965164 
6010000,0.019999999552965164 
6020000,0.02250000089406967 
6030000,0.02250000089406967 
6040000,0.014999999664723873 
6050000,0.04500000178813934 
6060000,0.007499999832361937 
6070000,0.029999999329447746 
6080000,0.027499999850988388 
6090000,0.042500000447034836 
6100000,0.02500000037252903 
6110000,0.029999999329447746 
6120000,0.02500000037252903 
6130000,0.019999999552965164 
6140000,0.02250000089406967 
6150000,0.029999999329447746 
6160000,0.02250000089406967 
6170000,0.012500000186264515 
6180000,0.03750000149011612 
6190000,0.03500000014901161 
6200000,0.017500000074505806 
6210000,0.019999999552965164 
6220000,0.027499999850988388 
6230000,0.03500000014901161 
6240000,0.03999999910593033 
6250000,0.042500000447034836 
6260000,0.02250000089406967 
6270000,0.027499999850988388 
6280000,0.029999999329447746 
6290000,0.019999999552965164 
6300000,0.032499998807907104 
6310000,0.02500000037252903 
6320000,0.029999999329447746 
6330000,0.03750000149011612 
6340000,0.027499999850988388 
6350000,0.019999999552965164 
6360000,0.009999999776482582 
6370000,0.02500000037252903 
6380000,0.019999999552965164 
6390000,0.042500000447034836 
6400000,0.019999999552965164 
6410000,0.004999999888241291 
6420000,0.019999999552965164 
6430000,0.05000000074505806 
6440000,0.03750000149011612 
6450000,0.027499999850988388 
6460000,0.029999999329447746 
6470000,0.027499999850988388 
6480000,0.032499998807907104 
6490000,0.019999999552965164 
6500000,0.019999999552965164 
6510000,0.03750000149011612 
6520000,0.027499999850988388 
6530000,0.019999999552965164 
6540000,0.019999999552965164 
6550000,0.02500000037252903 
6560000,0.032499998807907104 
6570000,0.019999999552965164 
6580000,0.017500000074505806 
6590000,0.02500000037252903 
6600000,0.042500000447034836 
6610000,0.012500000186264515 
6620000,0.032499998807907104 
6630000,0.009999999776482582 
6640000,0.02500000037252903 
6650000,0.02250000089406967 
6660000,0.03999999910593033 
6670000,0.02500000037252903 
6680000,0.017500000074505806 
6690000,0.014999999664723873 
6700000,0.012500000186264515 
6710000,0.012500000186264515 
6720000,0.027499999850988388 
6730000,0.029999999329447746 
6740000,0.042500000447034836 
6750000,0.027499999850988388 
6760000,0.014999999664723873 
6770000,0.02250000089406967 
6780000,0.019999999552965164 
6790000,0.02500000037252903 
6800000,0.012500000186264515 
6810000,0.027499999850988388 
6820000,0.02500000037252903 
6830000,0.027499999850988388 
6840000,0.02500000037252903 
6850000,0.017500000074505806 
6860000,0.02500000037252903 
6870000,0.02500000037252903 
6880000,0.05249999836087227 
6890000,0.019999999552965164 
6900000,0.02500000037252903 
6910000,0.02250000089406967 
6920000,0.032499998807907104 
6930000,0.032499998807907104 
6940000,0.027499999850988388 
6950000,0.012500000186264515 
6960000,0.03500000014901161 
6970000,0.03500000014901161 
6980000,0.029999999329447746 
6990000,0.02250000089406967 
7000000,0.05000000074505806 
7010000,0.019999999552965164 
7020000,0.032499998807907104 
7030000,0.029999999329447746 
7040000,0.017500000074505806 
7050000,0.02250000089406967 
7060000,0.03750000149011612 
7070000,0.027499999850988388 
7080000,0.029999999329447746 
7090000,0.032499998807907104 
7100000,0.032499998807907104 
7110000,0.02500000037252903 
7120000,0.03500000014901161 
7130000,0.027499999850988388 
7140000,0.04500000178813934 
7150000,0.03750000149011612 
7160000,0.03999999910593033 
7170000,0.05000000074505806 
7180000,0.03750000149011612 
7190000,0.032499998807907104 
7200000,0.02250000089406967 
7210000,0.05249999836087227 
7220000,0.03500000014901161 
7230000,0.02500000037252903 
7240000,0.032499998807907104 
7250000,0.03500000014901161 
7260000,0.029999999329447746 
7270000,0.042500000447034836 
7280000,0.017500000074505806 
7290000,0.03500000014901161 
7300000,0.029999999329447746 
7310000,0.04749999940395355 
7320000,0.042500000447034836 
7330000,0.029999999329447746 
7340000,0.05249999836087227 
7350000,0.042500000447034836 
7360000,0.04749999940395355 
7370000,0.05249999836087227 
7380000,0.042500000447034836 
7390000,0.027499999850988388 
7400000,0.03750000149011612 
7410000,0.05000000074505806 
7420000,0.03999999910593033 
7430000,0.032499998807907104 
7440000,0.03750000149011612 
7450000,0.04500000178813934 
7460000,0.027499999850988388 
7470000,0.03750000149011612 
7480000,0.042500000447034836 
7490000,0.032499998807907104 
7500000,0.04500000178813934 
7510000,0.042500000447034836 
7520000,0.04500000178813934 
7530000,0.05249999836087227 
7540000,0.03999999910593033 
7550000,0.03999999910593033 
7560000,0.032499998807907104 
7570000,0.04500000178813934 
7580000,0.057500001043081284 
7590000,0.04500000178813934 
7600000,0.054999999701976776 
7610000,0.027499999850988388 
7620000,0.03750000149011612 
7630000,0.03500000014901161 
7640000,0.07750000059604645 
7650000,0.03999999910593033 
7660000,0.05249999836087227 
7670000,0.05249999836087227 
7680000,0.054999999701976776 
7690000,0.042500000447034836 
7700000,0.04749999940395355 
7710000,0.054999999701976776 
7720000,0.06750000268220901 
7730000,0.0925000011920929 
7740000,0.04500000178813934 
7750000,0.05000000074505806 
7760000,0.042500000447034836 
7770000,0.06499999761581421 
7780000,0.054999999701976776 
7790000,0.05000000074505806 
7800000,0.06499999761581421 
7810000,0.07500000298023224 
7820000,0.04500000178813934 
7830000,0.05999999865889549 
7840000,0.05999999865889549 
7850000,0.07500000298023224 
7860000,0.05999999865889549 
7870000,0.07000000029802322 
7880000,0.07500000298023224 
7890000,0.057500001043081284 
7900000,0.08749999850988388 
7910000,0.054999999701976776 
7920000,0.07000000029802322 
7930000,0.08749999850988388 
7940000,0.07999999821186066 
7950000,0.0949999988079071 
7960000,0.05999999865889549 
7970000,0.07500000298023224 
7980000,0.07000000029802322 
7990000,0.08250000327825546 
8000000,0.08500000089406967 
8010000,0.07999999821186066 
8020000,0.0949999988079071 
8030000,0.0949999988079071 
8040000,0.08250000327825546 
8050000,0.08500000089406967 
8060000,0.0949999988079071 
8070000,0.09749999642372131 
8080000,0.0949999988079071 
8090000,0.11500000208616257 
8100000,0.09000000357627869 
8110000,0.11999999731779099 
8120000,0.11749999970197678 
8130000,0.11999999731779099 
8140000,0.13500000536441803 
8150000,0.125 
8160000,0.11999999731779099 
8170000,0.14499999582767487 
8180000,0.13249999284744263 
8190000,0.13750000298023224 
8200000,0.13249999284744263 
8210000,0.13249999284744263 
8220000,0.15000000596046448 
8230000,0.125 
8240000,0.1525000035762787 
8250000,0.1550000011920929 
8260000,0.14249999821186066 
8270000,0.1525000035762787 
8280000,0.16500000655651093 
8290000,0.17749999463558197 
8300000,0.17000000178813934 
8310000,0.18250000476837158 
8320000,0.17749999463558197 
8330000,0.17249999940395355 
8340000,0.18250000476837158 
8350000,0.17249999940395355 
8360000,0.17249999940395355 
8370000,0.18000000715255737 
8380000,0.1899999976158142 
8390000,0.14749999344348907 
8400000,0.19499999284744263 
8410000,0.19249999523162842 
8420000,0.16750000417232513 
8430000,0.19750000536441803 
8440000,0.18000000715255737 
8450000,0.1550000011920929 
8460000,0.1850000023841858 
8470000,0.18000000715255737 
8480000,0.20000000298023224 
8490000,0.17249999940395355 
8500000,0.18000000715255737 
8510000,0.19249999523162842 
8520000,0.18250000476837158 
8530000,0.20499999821186066 
8540000,0.2175000011920929 
8550000,0.17749999463558197 
8560000,0.17749999463558197 
8570000,0.20749999582767487 
8580000,0.1850000023841858 
8590000,0.19499999284744263 
8600000,0.1899999976158142 
8610000,0.19750000536441803 
8620000,0.19499999284744263 
8630000,0.21250000596046448 
8640000,0.20999999344348907 
8650000,0.19750000536441803 
8660000,0.21250000596046448 
8670000,0.19750000536441803 
8680000,0.20000000298023224 
8690000,0.1875 
8700000,0.20749999582767487 
8710000,0.20999999344348907 
8720000,0.20250000059604645 
8730000,0.19499999284744263 
8740000,0.20999999344348907 
8750000,0.19499999284744263 
8760000,0.19249999523162842 
8770000,0.20000000298023224 
8780000,0.1875 
8790000,0.20000000298023224 
8800000,0.20250000059604645 
8810000,0.19750000536441803 
8820000,0.1850000023841858 
8830000,0.19750000536441803 
8840000,0.20000000298023224 
8850000,0.20000000298023224 
8860000,0.20999999344348907 
8870000,0.19249999523162842 
8880000,0.21250000596046448 
8890000,0.1850000023841858 
8900000,0.20749999582767487 
8910000,0.19750000536441803 
8920000,0.20999999344348907 
8930000,0.20749999582767487 
8940000,0.19249999523162842 
8950000,0.20250000059604645 
8960000,0.19249999523162842 
8970000,0.20499999821186066 
8980000,0.18250000476837158 
8990000,0.20749999582767487 
9000000,0.20250000059604645 
9010000,0.20499999821186066 
9020000,0.1875 
9030000,0.20999999344348907 
9040000,0.20250000059604645 
9050000,0.2150000035762787 
9060000,0.2199999988079071 
9070000,0.20999999344348907 
9080000,0.20499999821186066 
9090000,0.20499999821186066 
9100000,0.1875 
9110000,0.20999999344348907 
9120000,0.19750000536441803 
9130000,0.19249999523162842 
9140000,0.2199999988079071 
9150000,0.17249999940395355 
9160000,0.2199999988079071 
9170000,0.21250000596046448 
9180000,0.18000000715255737 
9190000,0.1899999976158142 
9200000,0.18250000476837158 
9210000,0.20000000298023224 
9220000,0.20000000298023224 
9230000,0.18000000715255737 
9240000,0.20000000298023224 
9250000,0.19499999284744263 
9260000,0.20250000059604645 
9270000,0.20250000059604645 
9280000,0.19499999284744263 
9290000,0.16500000655651093 
9300000,0.19750000536441803 
9310000,0.21250000596046448 
9320000,0.19249999523162842 
9330000,0.1899999976158142 
9340000,0.17000000178813934 
9350000,0.19249999523162842 
9360000,0.1899999976158142 
9370000,0.18250000476837158 
9380000,0.18000000715255737 
9390000,0.1850000023841858 
9400000,0.1850000023841858 
9410000,0.19249999523162842 
9420000,0.17249999940395355 
9430000,0.1599999964237213 
9440000,0.17499999701976776 
9450000,0.17499999701976776 
9460000,0.20250000059604645 
9470000,0.18000000715255737 
9480000,0.18000000715255737 
9490000,0.17749999463558197 
9500000,0.16750000417232513 
9510000,0.17749999463558197 
9520000,0.1899999976158142 
9530000,0.17499999701976776 
9540000,0.18000000715255737 
9550000,0.1850000023841858 
9560000,0.1850000023841858 
9570000,0.19249999523162842 
9580000,0.1850000023841858 
9590000,0.18250000476837158 
9600000,0.16750000417232513 
9610000,0.1875 
9620000,0.20000000298023224 
9630000,0.20250000059604645 
9640000,0.1850000023841858 
9650000,0.1875 
9660000,0.1850000023841858 
9670000,0.1875 
9680000,0.17749999463558197 
9690000,0.1899999976158142 
9700000,0.17000000178813934 
9710000,0.18250000476837158 
9720000,0.19750000536441803 
9730000,0.16750000417232513 
9740000,0.16249999403953552 
9750000,0.18000000715255737 
9760000,0.18000000715255737 
9770000,0.20000000298023224 
9780000,0.1850000023841858 
9790000,0.1875 
9800000,0.1875 
9810000,0.18250000476837158 
9820000,0.13750000298023224 
9830000,0.1850000023841858 
9840000,0.19249999523162842 
9850000,0.1875 
9860000,0.19249999523162842 
9870000,0.1875 
9880000,0.1875 
9890000,0.19750000536441803 
9900000,0.1899999976158142 
9910000,0.17499999701976776 
9920000,0.16750000417232513 
9930000,0.17499999701976776 
9940000,0.17749999463558197 
9950000,0.19499999284744263 
9960000,0.16500000655651093 
9970000,0.20749999582767487 
9980000,0.20499999821186066 
9990000,0.20000000298023224 
10000000,0.1899999976158142 
10010000,0.1599999964237213 
10020000,0.1850000023841858 
10030000,0.18000000715255737 
10040000,0.18000000715255737 
10050000,0.19249999523162842 
10060000,0.19499999284744263 
10070000,0.20000000298023224 
10080000,0.19499999284744263 
10090000,0.17499999701976776 
10100000,0.17749999463558197 
10110000,0.20250000059604645 
10120000,0.1875 
10130000,0.21250000596046448 
10140000,0.17499999701976776 
10150000,0.20749999582767487 
10160000,0.18000000715255737 
10170000,0.1850000023841858 
10180000,0.20499999821186066 
10190000,0.19249999523162842 
10200000,0.1875 
10210000,0.18250000476837158 
10220000,0.19249999523162842 
10230000,0.20000000298023224 
10240000,0.1899999976158142 
10250000,0.1899999976158142 
10260000,0.17499999701976776 
10270000,0.20999999344348907 
10280000,0.20250000059604645 
10290000,0.1899999976158142 
10300000,0.18000000715255737 
10310000,0.20000000298023224 
10320000,0.19499999284744263 
10330000,0.16500000655651093 
10340000,0.18250000476837158 
10350000,0.1850000023841858 
10360000,0.19499999284744263 
10370000,0.19249999523162842 
10380000,0.17249999940395355 
10390000,0.19750000536441803 
10400000,0.17000000178813934 
10410000,0.1899999976158142 
10420000,0.1850000023841858 
10430000,0.18250000476837158 
10440000,0.20250000059604645 
10450000,0.19750000536441803 
10460000,0.17749999463558197 
10470000,0.19750000536441803 
10480000,0.18250000476837158 
10490000,0.21250000596046448 
10500000,0.1850000023841858 
10510000,0.1850000023841858 
10520000,0.19750000536441803 
10530000,0.18250000476837158 
10540000,0.1899999976158142 
10550000,0.19249999523162842 
10560000,0.20000000298023224 
10570000,0.17749999463558197 
10580000,0.19499999284744263 
10590000,0.19750000536441803 
10600000,0.19499999284744263 
10610000,0.1899999976158142 
10620000,0.1899999976158142 
10630000,0.1875 
10640000,0.19499999284744263 
10650000,0.19750000536441803 
10660000,0.20749999582767487 
10670000,0.17749999463558197 
10680000,0.1850000023841858 
10690000,0.19750000536441803 
10700000,0.1899999976158142 
10710000,0.17249999940395355 
10720000,0.20499999821186066 
10730000,0.1850000023841858 
10740000,0.19249999523162842 
10750000,0.20000000298023224 
10760000,0.20499999821186066 
10770000,0.1850000023841858 
10780000,0.1574999988079071 
10790000,0.17749999463558197 
10800000,0.17249999940395355 
10810000,0.1850000023841858 
10820000,0.1899999976158142 
10830000,0.17249999940395355 
10840000,0.20499999821186066 
10850000,0.16750000417232513 
10860000,0.1850000023841858 
10870000,0.17000000178813934 
10880000,0.1875 
10890000,0.17499999701976776 
10900000,0.1550000011920929 
10910000,0.17749999463558197 
10920000,0.18250000476837158 
10930000,0.16750000417232513 
10940000,0.17499999701976776 
10950000,0.17749999463558197 
10960000,0.19750000536441803 
10970000,0.16500000655651093 
10980000,0.17499999701976776 
10990000,0.19750000536441803 
11000000,0.1850000023841858 
11010000,0.18000000715255737 
11020000,0.20499999821186066 
11030000,0.19750000536441803 
11040000,0.18000000715255737 
11050000,0.1899999976158142 
11060000,0.17249999940395355 
11070000,0.1899999976158142 
11080000,0.18250000476837158 
11090000,0.17249999940395355 
11100000,0.16750000417232513 
11110000,0.1899999976158142 
11120000,0.1850000023841858 
11130000,0.18000000715255737 
11140000,0.1850000023841858 
11150000,0.19249999523162842 
11160000,0.18000000715255737 
11170000,0.16750000417232513 
11180000,0.19750000536441803 
11190000,0.18000000715255737 
11200000,0.18250000476837158 
11210000,0.1875 
11220000,0.17249999940395355 
11230000,0.20250000059604645 
11240000,0.16500000655651093 
11250000,0.17000000178813934 
11260000,0.19750000536441803 
11270000,0.20250000059604645 
11280000,0.17000000178813934 
11290000,0.19750000536441803 
11300000,0.1875 
11310000,0.1850000023841858 
11320000,0.17499999701976776 
11330000,0.17749999463558197 
11340000,0.17000000178813934 
11350000,0.20749999582767487 
11360000,0.20250000059604645 
11370000,0.17499999701976776 
11380000,0.1899999976158142 
11390000,0.1875 
11400000,0.17000000178813934 
11410000,0.1850000023841858 
11420000,0.17749999463558197 
11430000,0.1875 
11440000,0.1850000023841858 
11450000,0.1875 
11460000,0.20000000298023224 
11470000,0.19499999284744263 
11480000,0.19499999284744263 
11490000,0.19499999284744263 
11500000,0.17000000178813934 
11510000,0.20749999582767487 
11520000,0.18000000715255737 
11530000,0.19249999523162842 
11540000,0.18000000715255737 
11550000,0.18000000715255737 
11560000,0.1850000023841858 
11570000,0.20000000298023224 
11580000,0.20999999344348907 
11590000,0.18250000476837158 
11600000,0.1899999976158142 
11610000,0.1599999964237213 
11620000,0.1875 
11630000,0.19750000536441803 
11640000,0.20000000298023224 
11650000,0.16249999403953552 
11660000,0.18250000476837158 
11670000,0.18250000476837158 
11680000,0.18250000476837158 
11690000,0.1899999976158142 
11700000,0.1875 
11710000,0.2175000011920929 
11720000,0.19249999523162842 
11730000,0.19499999284744263 
11740000,0.17749999463558197 
11750000,0.20000000298023224 
11760000,0.18250000476837158 
11770000,0.1875 
11780000,0.16750000417232513 
11790000,0.20250000059604645 
11800000,0.19249999523162842 
11810000,0.20000000298023224 
11820000,0.19249999523162842 
11830000,0.19750000536441803 
11840000,0.18250000476837158 
11850000,0.18250000476837158 
11860000,0.19499999284744263 
11870000,0.19750000536441803 
11880000,0.17000000178813934 
11890000,0.17499999701976776 
11900000,0.1850000023841858 
11910000,0.1899999976158142 
11920000,0.1899999976158142 
11930000,0.1875 
11940000,0.19249999523162842 
11950000,0.20250000059604645 
11960000,0.20000000298023224 
11970000,0.17749999463558197 
11980000,0.19499999284744263 
11990000,0.16249999403953552 
12000000,0.19750000536441803 
12010000,0.19499999284744263 
12020000,0.19249999523162842 
12030000,0.17749999463558197 
12040000,0.1875 
12050000,0.19499999284744263 
12060000,0.18250000476837158 
12070000,0.1899999976158142 
12080000,0.17249999940395355 
12090000,0.20000000298023224 
12100000,0.19499999284744263 
12110000,0.18000000715255737 
12120000,0.20000000298023224 
12130000,0.17749999463558197 
12140000,0.1875 
12150000,0.18250000476837158 
12160000,0.1875 
12170000,0.17499999701976776 
12180000,0.19750000536441803 
12190000,0.19249999523162842 
12200000,0.1875 
12210000,0.1850000023841858 
12220000,0.1899999976158142 
12230000,0.18250000476837158 
12240000,0.19750000536441803 
12250000,0.17499999701976776 
12260000,0.18000000715255737 
12270000,0.20250000059604645 
12280000,0.1899999976158142 
12290000,0.20749999582767487 
12300000,0.18000000715255737 
12310000,0.20000000298023224 
12320000,0.1850000023841858 
12330000,0.1899999976158142 
12340000,0.20749999582767487 
12350000,0.19249999523162842 
12360000,0.1899999976158142 
12370000,0.20499999821186066 
12380000,0.19750000536441803 
12390000,0.20749999582767487 
12400000,0.1850000023841858 
12410000,0.1899999976158142 
12420000,0.17749999463558197 
12430000,0.19499999284744263 
12440000,0.18250000476837158 
12450000,0.19249999523162842 
12460000,0.20000000298023224 
12470000,0.19499999284744263 
12480000,0.19249999523162842 
12490000,0.19249999523162842 
12500000,0.18000000715255737 
12510000,0.17749999463558197 
12520000,0.17749999463558197 
12530000,0.16249999403953552 
12540000,0.18250000476837158 
12550000,0.20000000298023224 
12560000,0.1875 
12570000,0.1899999976158142 
12580000,0.20000000298023224 
12590000,0.1875 
12600000,0.1875 
12610000,0.17249999940395355 
12620000,0.19499999284744263 
12630000,0.16249999403953552 
12640000,0.18250000476837158 
12650000,0.2175000011920929 
12660000,0.17749999463558197 
12670000,0.18250000476837158 
12680000,0.18250000476837158 
12690000,0.17499999701976776 
12700000,0.19750000536441803 
12710000,0.20000000298023224 
12720000,0.1875 
12730000,0.19750000536441803 
12740000,0.20250000059604645 
12750000,0.19750000536441803 
12760000,0.19249999523162842 
12770000,0.1850000023841858 
12780000,0.18000000715255737 
12790000,0.18000000715255737 
12800000,0.19249999523162842 
12810000,0.20250000059604645 
12820000,0.17749999463558197 
12830000,0.19750000536441803 
12840000,0.1875 
12850000,0.19750000536441803 
12860000,0.17499999701976776 
12870000,0.19750000536441803 
12880000,0.1875 
12890000,0.19750000536441803 
12900000,0.21250000596046448 
12910000,0.20000000298023224 
12920000,0.19750000536441803 
12930000,0.21250000596046448 
12940000,0.19750000536441803 
12950000,0.1899999976158142 
12960000,0.1850000023841858 
12970000,0.17249999940395355 
12980000,0.21250000596046448 
12990000,0.16500000655651093 
13000000,0.19499999284744263 
13010000,0.1875 
13020000,0.19750000536441803 
13030000,0.19750000536441803 
13040000,0.20999999344348907 
13050000,0.19249999523162842 
13060000,0.20499999821186066 
13070000,0.1875 
13080000,0.2150000035762787 
13090000,0.20499999821186066 
13100000,0.18250000476837158 
13110000,0.18000000715255737 
13120000,0.17749999463558197 
13130000,0.19750000536441803 
13140000,0.20250000059604645 
13150000,0.18000000715255737 
13160000,0.19249999523162842 
13170000,0.20250000059604645 
13180000,0.20000000298023224 
13190000,0.16750000417232513 
13200000,0.19249999523162842 
13210000,0.1899999976158142 
13220000,0.17499999701976776 
13230000,0.1899999976158142 
13240000,0.19249999523162842 
13250000,0.1875 
13260000,0.20499999821186066 
13270000,0.18000000715255737 
13280000,0.20250000059604645 
13290000,0.20000000298023224 
13300000,0.20000000298023224 
13310000,0.20999999344348907 
13320000,0.1875 
13330000,0.18250000476837158 
13340000,0.18000000715255737 
13350000,0.17749999463558197 
13360000,0.21250000596046448 
13370000,0.1850000023841858 
13380000,0.20000000298023224 
13390000,0.18000000715255737 
13400000,0.18000000715255737 
13410000,0.20499999821186066 
13420000,0.1850000023841858 
13430000,0.19249999523162842 
13440000,0.1875 
13450000,0.19499999284744263 
13460000,0.1850000023841858 
13470000,0.20000000298023224 
13480000,0.18000000715255737 
13490000,0.17749999463558197 
13500000,0.17749999463558197 
13510000,0.1899999976158142 
13520000,0.17749999463558197 
13530000,0.19249999523162842 
13540000,0.1875 
13550000,0.17499999701976776 
13560000,0.19499999284744263 
13570000,0.19499999284744263 
13580000,0.18000000715255737 
13590000,0.18250000476837158 
13600000,0.20499999821186066 
13610000,0.19499999284744263 
13620000,0.18250000476837158 
13630000,0.1850000023841858 
13640000,0.1875 
13650000,0.1899999976158142 
13660000,0.19249999523162842 
13670000,0.19499999284744263 
13680000,0.20250000059604645 
13690000,0.17249999940395355 
13700000,0.18000000715255737 
13710000,0.19750000536441803 
13720000,0.20000000298023224 
13730000,0.20999999344348907 
13740000,0.2199999988079071 
13750000,0.17499999701976776 
13760000,0.20000000298023224 
13770000,0.19750000536441803 
13780000,0.1875 
13790000,0.1875 
13800000,0.18000000715255737 
13810000,0.20000000298023224 
13820000,0.20749999582767487 
13830000,0.1875 
13840000,0.18250000476837158 
13850000,0.19249999523162842 
13860000,0.1899999976158142 
13870000,0.19499999284744263 
13880000,0.1875 
13890000,0.1899999976158142 
13900000,0.1875 
13910000,0.2150000035762787 
13920000,0.17749999463558197 
13930000,0.1899999976158142 
13940000,0.1850000023841858 
13950000,0.20000000298023224 
13960000,0.18250000476837158 
13970000,0.20749999582767487 
13980000,0.19499999284744263 
13990000,0.19499999284744263 
14000000,0.18250000476837158 
14010000,0.1850000023841858 
14020000,0.17249999940395355 
14030000,0.18250000476837158 
14040000,0.19499999284744263 
14050000,0.20749999582767487 
14060000,0.20000000298023224 
14070000,0.19249999523162842 
14080000,0.20000000298023224 
14090000,0.17749999463558197 
14100000,0.16500000655651093 
14110000,0.1875 
14120000,0.19249999523162842 
14130000,0.18000000715255737 
14140000,0.19750000536441803 
14150000,0.1899999976158142 
14160000,0.17249999940395355 
14170000,0.1875 
14180000,0.18000000715255737 
14190000,0.18000000715255737 
14200000,0.1850000023841858 
14210000,0.19249999523162842 
14220000,0.1850000023841858 
14230000,0.19499999284744263 
14240000,0.18250000476837158 
14250000,0.20749999582767487 
14260000,0.18000000715255737 
14270000,0.1899999976158142 
14280000,0.18250000476837158 
14290000,0.18250000476837158 
14300000,0.17000000178813934 
14310000,0.19499999284744263 
14320000,0.20499999821186066 
14330000,0.1899999976158142 
14340000,0.16750000417232513 
14350000,0.1899999976158142 
14360000,0.19499999284744263 
14370000,0.19249999523162842 
14380000,0.1875 
14390000,0.20000000298023224 
14400000,0.1850000023841858 
14410000,0.19249999523162842 
14420000,0.20749999582767487 
14430000,0.1875 
14440000,0.19249999523162842 
14450000,0.20749999582767487 
14460000,0.20250000059604645 
14470000,0.19249999523162842 
14480000,0.1850000023841858 
14490000,0.1899999976158142 
14500000,0.19249999523162842 
14510000,0.17249999940395355 
14520000,0.17499999701976776 
14530000,0.17499999701976776 
14540000,0.18000000715255737 
14550000,0.1899999976158142 
14560000,0.21250000596046448 
14570000,0.1899999976158142 
14580000,0.20250000059604645 
14590000,0.17249999940395355 
14600000,0.17000000178813934 
14610000,0.19249999523162842 
14620000,0.18250000476837158 
14630000,0.1850000023841858 
14640000,0.1899999976158142 
14650000,0.19750000536441803 
14660000,0.1899999976158142 
14670000,0.20499999821186066 
14680000,0.17499999701976776 
14690000,0.17249999940395355 
14700000,0.19249999523162842 
14710000,0.1875 
14720000,0.18000000715255737 
14730000,0.1875 
14740000,0.19249999523162842 
14750000,0.1899999976158142 
14760000,0.17000000178813934 
14770000,0.18250000476837158 
14780000,0.18250000476837158 
14790000,0.1875 
14800000,0.19499999284744263 
14810000,0.20250000059604645 
14820000,0.19249999523162842 
14830000,0.19249999523162842 
14840000,0.1899999976158142 
14850000,0.18250000476837158 
14860000,0.20250000059604645 
14870000,0.17749999463558197 
14880000,0.1875 
14890000,0.19249999523162842 
14900000,0.17749999463558197 
14910000,0.1850000023841858 
14920000,0.19499999284744263 
14930000,0.1899999976158142 
14940000,0.1875 
14950000,0.19249999523162842 
14960000,0.19249999523162842 
14970000,0.18000000715255737 
14980000,0.1850000023841858 
14990000,0.1850000023841858 
15000000,0.1875 
15010000,0.17499999701976776 
15020000,0.1875 
15030000,0.20000000298023224 
15040000,0.18000000715255737 
15050000,0.17749999463558197 
15060000,0.1850000023841858 
15070000,0.1875 
15080000,0.18250000476837158 
15090000,0.1899999976158142 
15100000,0.17249999940395355 
15110000,0.18250000476837158 
15120000,0.17000000178813934 
15130000,0.17000000178813934 
15140000,0.16750000417232513 
15150000,0.17249999940395355 
15160000,0.16500000655651093 
15170000,0.16750000417232513 
15180000,0.17749999463558197 
15190000,0.16750000417232513 
15200000,0.17499999701976776 
15210000,0.18250000476837158 
15220000,0.1875 
15230000,0.18250000476837158 
15240000,0.16249999403953552 
15250000,0.18250000476837158 
15260000,0.20000000298023224 
15270000,0.18000000715255737 
15280000,0.18000000715255737 
15290000,0.1574999988079071 
15300000,0.17249999940395355 
15310000,0.19499999284744263 
15320000,0.1875 
15330000,0.18250000476837158 
15340000,0.19249999523162842 
15350000,0.18250000476837158 
15360000,0.20499999821186066 
15370000,0.18250000476837158 
15380000,0.20999999344348907 
15390000,0.17249999940395355 
15400000,0.18250000476837158 
15410000,0.1875 
15420000,0.17000000178813934 
15430000,0.17249999940395355 
15440000,0.17000000178813934 
15450000,0.20000000298023224 
15460000,0.16750000417232513 
15470000,0.1899999976158142 
15480000,0.18250000476837158 
15490000,0.18000000715255737 
15500000,0.17000000178813934 
15510000,0.19750000536441803 
15520000,0.18250000476837158 
15530000,0.17000000178813934 
15540000,0.19249999523162842 
15550000,0.19499999284744263 
15560000,0.19499999284744263 
15570000,0.20000000298023224 
15580000,0.20499999821186066 
15590000,0.18000000715255737 
15600000,0.17749999463558197 
15610000,0.20999999344348907 
15620000,0.19249999523162842 
15630000,0.1875 
15640000,0.20000000298023224 
15650000,0.1875 
15660000,0.1850000023841858 
15670000,0.19249999523162842 
15680000,0.19750000536441803 
15690000,0.17499999701976776 
15700000,0.17499999701976776 
15710000,0.1850000023841858 
15720000,0.20250000059604645 
15730000,0.1850000023841858 
15740000,0.19499999284744263 
15750000,0.19750000536441803 
15760000,0.1899999976158142 
15770000,0.19750000536441803 
15780000,0.19750000536441803 
15790000,0.1899999976158142 
15800000,0.18000000715255737 
15810000,0.17749999463558197 
15820000,0.18000000715255737 
15830000,0.1850000023841858 
15840000,0.19750000536441803 
15850000,0.19750000536441803 
15860000,0.1850000023841858 
15870000,0.16750000417232513 
15880000,0.19249999523162842 
15890000,0.1899999976158142 
15900000,0.19499999284744263 
15910000,0.17249999940395355 
15920000,0.20999999344348907 
15930000,0.20000000298023224 
15940000,0.1850000023841858 
15950000,0.19499999284744263 
15960000,0.19249999523162842 
15970000,0.20499999821186066 
15980000,0.1899999976158142 
15990000,0.1899999976158142 
16000000,0.1875 
16010000,0.20250000059604645 
16020000,0.17000000178813934 
16030000,0.1899999976158142 
16040000,0.19499999284744263 
16050000,0.18250000476837158 
16060000,0.17749999463558197 
16070000,0.20000000298023224 
16080000,0.1899999976158142 
16090000,0.1850000023841858 
16100000,0.17749999463558197 
16110000,0.19249999523162842 
16120000,0.19499999284744263 
16130000,0.18250000476837158 
16140000,0.1850000023841858 
16150000,0.20749999582767487 
16160000,0.19249999523162842 
16170000,0.20250000059604645 
16180000,0.2150000035762787 
16190000,0.1850000023841858 
16200000,0.20499999821186066 
16210000,0.17499999701976776 
16220000,0.20749999582767487 
16230000,0.19499999284744263 
16240000,0.20499999821186066 
16250000,0.1899999976158142 
16260000,0.1875 
16270000,0.17249999940395355 
16280000,0.17000000178813934 
16290000,0.19249999523162842 
16300000,0.19249999523162842 
16310000,0.19750000536441803 
16320000,0.16750000417232513 
16330000,0.1574999988079071 
16340000,0.20999999344348907 
16350000,0.20999999344348907 
16360000,0.17499999701976776 
16370000,0.1899999976158142 
16380000,0.18250000476837158 
16390000,0.1875 
16400000,0.1875 
16410000,0.19249999523162842 
16420000,0.1850000023841858 
16430000,0.16500000655651093 
16440000,0.19499999284744263 
16450000,0.19499999284744263 
16460000,0.1850000023841858 
16470000,0.18000000715255737 
16480000,0.19249999523162842 
16490000,0.19499999284744263 
16500000,0.20250000059604645 
16510000,0.17249999940395355 
16520000,0.17000000178813934 
16530000,0.17749999463558197 
16540000,0.1899999976158142 
16550000,0.18000000715255737 
16560000,0.1850000023841858 
16570000,0.1875 
16580000,0.18000000715255737 
16590000,0.19499999284744263 
16600000,0.17749999463558197 
16610000,0.18250000476837158 
16620000,0.16750000417232513 
16630000,0.20250000059604645 
16640000,0.17249999940395355 
16650000,0.19750000536441803 
16660000,0.1899999976158142 
16670000,0.19499999284744263 
16680000,0.18250000476837158 
16690000,0.1850000023841858 
16700000,0.18250000476837158 
16710000,0.1850000023841858 
16720000,0.1850000023841858 
16730000,0.17000000178813934 
16740000,0.18250000476837158 
16750000,0.18250000476837158 
16760000,0.1899999976158142 
16770000,0.19249999523162842 
16780000,0.1875 
16790000,0.17749999463558197 
16800000,0.17749999463558197 
16810000,0.17749999463558197 
16820000,0.1850000023841858 
16830000,0.20250000059604645 
16840000,0.19499999284744263 
16850000,0.18250000476837158 
16860000,0.20749999582767487 
16870000,0.19249999523162842 
16880000,0.18250000476837158 
16890000,0.17249999940395355 
16900000,0.19249999523162842 
16910000,0.17749999463558197 
16920000,0.1899999976158142 
16930000,0.1850000023841858 
16940000,0.1899999976158142 
16950000,0.16500000655651093 
16960000,0.17749999463558197 
16970000,0.18000000715255737 
16980000,0.17749999463558197 
16990000,0.19249999523162842 
17000000,0.17499999701976776 
17010000,0.17249999940395355 
17020000,0.16750000417232513 
17030000,0.18250000476837158 
17040000,0.19249999523162842 
17050000,0.18250000476837158 
17060000,0.17499999701976776 
17070000,0.20499999821186066 
17080000,0.19249999523162842 
17090000,0.1875 
17100000,0.1899999976158142 
17110000,0.19249999523162842 
17120000,0.2175000011920929 
17130000,0.18250000476837158 
17140000,0.19249999523162842 
17150000,0.17499999701976776 
17160000,0.1875 
17170000,0.19499999284744263 
17180000,0.18250000476837158 
17190000,0.20250000059604645 
17200000,0.1850000023841858 
17210000,0.20499999821186066 
17220000,0.1850000023841858 
17230000,0.1850000023841858 
17240000,0.16500000655651093 
17250000,0.19249999523162842 
17260000,0.1899999976158142 
17270000,0.19249999523162842 
17280000,0.18000000715255737 
17290000,0.20000000298023224 
17300000,0.18250000476837158 
17310000,0.17249999940395355 
17320000,0.20000000298023224 
17330000,0.1574999988079071 
17340000,0.19750000536441803 
17350000,0.20000000298023224 
17360000,0.20000000298023224 
17370000,0.20499999821186066 
17380000,0.18250000476837158 
17390000,0.1899999976158142 
17400000,0.17249999940395355 
17410000,0.1875 
17420000,0.19750000536441803 
17430000,0.19750000536441803 
17440000,0.18250000476837158 
17450000,0.1899999976158142 
17460000,0.19750000536441803 
17470000,0.21250000596046448 
17480000,0.18250000476837158 
17490000,0.19750000536441803 
17500000,0.17499999701976776 
17510000,0.1899999976158142 
17520000,0.17499999701976776 
17530000,0.19249999523162842 
17540000,0.1850000023841858 
17550000,0.19249999523162842 
17560000,0.19499999284744263 
17570000,0.19249999523162842 
17580000,0.17499999701976776 
17590000,0.1850000023841858 
17600000,0.19249999523162842 
17610000,0.19499999284744263 
17620000,0.19499999284744263 
17630000,0.20999999344348907 
17640000,0.20250000059604645 
17650000,0.19249999523162842 
17660000,0.1899999976158142 
17670000,0.20499999821186066 
17680000,0.19750000536441803 
17690000,0.1875 
17700000,0.1899999976158142 
17710000,0.17000000178813934 
17720000,0.17249999940395355 
17730000,0.17749999463558197 
17740000,0.18000000715255737 
17750000,0.1875 
17760000,0.1850000023841858 
17770000,0.20250000059604645 
17780000,0.17249999940395355 
17790000,0.17249999940395355 
17800000,0.18250000476837158 
17810000,0.16249999403953552 
17820000,0.17249999940395355 
17830000,0.19249999523162842 
17840000,0.19249999523162842 
17850000,0.16750000417232513 
17860000,0.20499999821186066 
17870000,0.1875 
17880000,0.20999999344348907 
17890000,0.20499999821186066 
17900000,0.18250000476837158 
17910000,0.18250000476837158 
17920000,0.20000000298023224 
17930000,0.19499999284744263 
17940000,0.1899999976158142 
17950000,0.20000000298023224 
17960000,0.1875 
17970000,0.20000000298023224 
17980000,0.1899999976158142 
17990000,0.19750000536441803 
18000000,0.1899999976158142 
18010000,0.19499999284744263 
18020000,0.19499999284744263 
18030000,0.1850000023841858 
18040000,0.20000000298023224 
18050000,0.18000000715255737 
18060000,0.19750000536441803 
18070000,0.16750000417232513 
18080000,0.20250000059604645 
18090000,0.18250000476837158 
18100000,0.1875 
18110000,0.18000000715255737 
18120000,0.19499999284744263 
18130000,0.1875 
18140000,0.17749999463558197 
18150000,0.1875 
18160000,0.1850000023841858 
18170000,0.17749999463558197 
18180000,0.1875 
18190000,0.20250000059604645 
18200000,0.19750000536441803 
18210000,0.17499999701976776 
18220000,0.17499999701976776 
18230000,0.18000000715255737 
18240000,0.1599999964237213 
18250000,0.1899999976158142 
18260000,0.16500000655651093 
18270000,0.17499999701976776 
18280000,0.20000000298023224 
18290000,0.1850000023841858 
18300000,0.18250000476837158 
18310000,0.20000000298023224 
18320000,0.1899999976158142 
18330000,0.1875 
18340000,0.1899999976158142 
18350000,0.1899999976158142 
18360000,0.18000000715255737 
18370000,0.20250000059604645 
18380000,0.1875 
18390000,0.19750000536441803 
18400000,0.17000000178813934 
18410000,0.16750000417232513 
18420000,0.20000000298023224 
18430000,0.1899999976158142 
18440000,0.1899999976158142 
18450000,0.20499999821186066 
18460000,0.1875 
18470000,0.1899999976158142 
18480000,0.16750000417232513 
18490000,0.20749999582767487 
18500000,0.17499999701976776 
18510000,0.19499999284744263 
18520000,0.17499999701976776 
18530000,0.17749999463558197 
18540000,0.20250000059604645 
18550000,0.18250000476837158 
18560000,0.18250000476837158 
18570000,0.1875 
18580000,0.1850000023841858 
18590000,0.17249999940395355 
18600000,0.19499999284744263 
18610000,0.1850000023841858 
18620000,0.17249999940395355 
18630000,0.18000000715255737 
18640000,0.19249999523162842 
18650000,0.1875 
18660000,0.17000000178813934 
18670000,0.19499999284744263 
18680000,0.19499999284744263 
18690000,0.19249999523162842 
18700000,0.1875 
18710000,0.1899999976158142 
18720000,0.1850000023841858 
18730000,0.19499999284744263 
18740000,0.17000000178813934 
18750000,0.17249999940395355 
18760000,0.1599999964237213 
18770000,0.17749999463558197 
18780000,0.17499999701976776 
18790000,0.17749999463558197 
18800000,0.18250000476837158 
18810000,0.18000000715255737 
18820000,0.17000000178813934 
18830000,0.20000000298023224 
18840000,0.17249999940395355 
18850000,0.1875 
18860000,0.17749999463558197 
18870000,0.20999999344348907 
18880000,0.19499999284744263 
18890000,0.1599999964237213 
18900000,0.17749999463558197 
18910000,0.20250000059604645 
18920000,0.18000000715255737 
18930000,0.1899999976158142 
18940000,0.17499999701976776 
18950000,0.18250000476837158 
18960000,0.18250000476837158 
18970000,0.18250000476837158 
18980000,0.1599999964237213 
18990000,0.19499999284744263 
19000000,0.20000000298023224 
19010000,0.19750000536441803 
19020000,0.19249999523162842 
19030000,0.19750000536441803 
19040000,0.17749999463558197 
19050000,0.17749999463558197 
19060000,0.19249999523162842 
19070000,0.21250000596046448 
19080000,0.18250000476837158 
19090000,0.19750000536441803 
19100000,0.1875 
19110000,0.16750000417232513 
19120000,0.1875 
19130000,0.1850000023841858 
19140000,0.19750000536441803 
19150000,0.1850000023841858 
19160000,0.20000000298023224 
19170000,0.1899999976158142 
19180000,0.19750000536441803 
19190000,0.17749999463558197 
19200000,0.1899999976158142 
19210000,0.1850000023841858 
19220000,0.19249999523162842 
19230000,0.1899999976158142 
19240000,0.1850000023841858 
19250000,0.17499999701976776 
19260000,0.19750000536441803 
19270000,0.18250000476837158 
19280000,0.1850000023841858 
19290000,0.18250000476837158 
19300000,0.19249999523162842 
19310000,0.1550000011920929 
19320000,0.18250000476837158 
19330000,0.19499999284744263 
19340000,0.16750000417232513 
19350000,0.17749999463558197 
19360000,0.16500000655651093 
19370000,0.18250000476837158 
19380000,0.20250000059604645 
19390000,0.17499999701976776 
19400000,0.16500000655651093 
19410000,0.17499999701976776 
19420000,0.19249999523162842 
19430000,0.19249999523162842 
19440000,0.17749999463558197 
19450000,0.17249999940395355 
19460000,0.19499999284744263 
19470000,0.19249999523162842 
19480000,0.20499999821186066 
19490000,0.20000000298023224 
19500000,0.1899999976158142 
19510000,0.1875 
19520000,0.19499999284744263 
19530000,0.1850000023841858 
19540000,0.1875 
19550000,0.17749999463558197 
19560000,0.20000000298023224 
19570000,0.19249999523162842 
19580000,0.1850000023841858 
19590000,0.17749999463558197 
19600000,0.1850000023841858 
19610000,0.18250000476837158 
19620000,0.1899999976158142 
19630000,0.20499999821186066 
19640000,0.20999999344348907 
19650000,0.19249999523162842 
19660000,0.1875 
19670000,0.20250000059604645 
19680000,0.20000000298023224 
19690000,0.1899999976158142 
19700000,0.20999999344348907 
19710000,0.20499999821186066 
19720000,0.20999999344348907 
19730000,0.18250000476837158 
19740000,0.1899999976158142 
19750000,0.19249999523162842 
19760000,0.17499999701976776 
19770000,0.1875 
19780000,0.20000000298023224 
19790000,0.1899999976158142 
19800000,0.20749999582767487 
19810000,0.18250000476837158 
19820000,0.20499999821186066 
19830000,0.20250000059604645 
19840000,0.1850000023841858 
19850000,0.20499999821186066 
19860000,0.18250000476837158 
19870000,0.1599999964237213 
19880000,0.17499999701976776 
19890000,0.19750000536441803 
19900000,0.17249999940395355 
19910000,0.1875 
19920000,0.18000000715255737 
19930000,0.1899999976158142 
19940000,0.19499999284744263 
19950000,0.1850000023841858 
19960000,0.1599999964237213 
19970000,0.20749999582767487 
19980000,0.17249999940395355 
19990000,0.20000000298023224 
20000000,0.17249999940395355 
20010000,0.20499999821186066 
20020000,0.16750000417232513 
20030000,0.19499999284744263 
20040000,0.20250000059604645 
20050000,0.17749999463558197 
20060000,0.1850000023841858 
20070000,0.18000000715255737 
20080000,0.19249999523162842 
20090000,0.17749999463558197 
20100000,0.19750000536441803 
20110000,0.19249999523162842 
20120000,0.19750000536441803 
20130000,0.15000000596046448 
20140000,0.20499999821186066 
20150000,0.17000000178813934 
20160000,0.17499999701976776 
20170000,0.15000000596046448 
20180000,0.1875 
20190000,0.21250000596046448 
20200000,0.17000000178813934 
20210000,0.18000000715255737 
20220000,0.18250000476837158 
20230000,0.19499999284744263 
20240000,0.20250000059604645 
20250000,0.1875 
20260000,0.1899999976158142 
20270000,0.20000000298023224 
20280000,0.19499999284744263 
20290000,0.18000000715255737 
20300000,0.17749999463558197 
20310000,0.18250000476837158 
20320000,0.20749999582767487 
20330000,0.20749999582767487 
20340000,0.1899999976158142 
20350000,0.1850000023841858 
20360000,0.1875 
20370000,0.19750000536441803 
20380000,0.17499999701976776 
20390000,0.19249999523162842 
20400000,0.19750000536441803 
20410000,0.20749999582767487 
20420000,0.1875 
20430000,0.18250000476837158 
20440000,0.1899999976158142 
20450000,0.18000000715255737 
20460000,0.19750000536441803 
20470000,0.1875 
20480000,0.16750000417232513 
20490000,0.1574999988079071 
20500000,0.19499999284744263 
20510000,0.18250000476837158 
20520000,0.1850000023841858 
20530000,0.1875 
20540000,0.16249999403953552 
20550000,0.1899999976158142 
20560000,0.1899999976158142 
20570000,0.18000000715255737 
20580000,0.20250000059604645 
20590000,0.19499999284744263 
20600000,0.18000000715255737 
20610000,0.1875 
20620000,0.19750000536441803 
20630000,0.20749999582767487 
20640000,0.18250000476837158 
20650000,0.1899999976158142 
20660000,0.18000000715255737 
20670000,0.20749999582767487 
20680000,0.17249999940395355 
20690000,0.18250000476837158 
20700000,0.1899999976158142 
20710000,0.18000000715255737 
20720000,0.19750000536441803 
20730000,0.1574999988079071 
20740000,0.19249999523162842 
20750000,0.17749999463558197 
20760000,0.20749999582767487 
20770000,0.1899999976158142 
20780000,0.1875 
20790000,0.18250000476837158 
20800000,0.19249999523162842 
20810000,0.1899999976158142 
20820000,0.18250000476837158 
20830000,0.18000000715255737 
20840000,0.19499999284744263 
20850000,0.19750000536441803 
20860000,0.19750000536441803 
20870000,0.17749999463558197 
20880000,0.18250000476837158 
20890000,0.1525000035762787 
20900000,0.19750000536441803 
20910000,0.1875 
20920000,0.19750000536441803 
20930000,0.1850000023841858 
20940000,0.1875 
20950000,0.1850000023841858 
20960000,0.1850000023841858 
20970000,0.20000000298023224 
20980000,0.17499999701976776 
20990000,0.18000000715255737 
21000000,0.17499999701976776 
21010000,0.19499999284744263 
21020000,0.1875 
21030000,0.19249999523162842 
21040000,0.18000000715255737 
21050000,0.19249999523162842 
21060000,0.20000000298023224 
21070000,0.20000000298023224 
21080000,0.19249999523162842 
21090000,0.19750000536441803 
21100000,0.1850000023841858 
21110000,0.20250000059604645 
21120000,0.16750000417232513 
21130000,0.18250000476837158 
21140000,0.19249999523162842 
21150000,0.20000000298023224 
21160000,0.19499999284744263 
21170000,0.1899999976158142 
21180000,0.17000000178813934 
21190000,0.1850000023841858 
21200000,0.20000000298023224 
21210000,0.2224999964237213 
21220000,0.1850000023841858 
21230000,0.17749999463558197 
21240000,0.17499999701976776 
21250000,0.19750000536441803 
21260000,0.1875 
21270000,0.1850000023841858 
21280000,0.20499999821186066 
21290000,0.19249999523162842 
21300000,0.17499999701976776 
21310000,0.1899999976158142 
21320000,0.19499999284744263 
21330000,0.18250000476837158 
21340000,0.20499999821186066 
21350000,0.19249999523162842 
21360000,0.20499999821186066 
21370000,0.18000000715255737 
21380000,0.1850000023841858 
21390000,0.17499999701976776 
21400000,0.1850000023841858 
21410000,0.18000000715255737 
21420000,0.1850000023841858 
21430000,0.17249999940395355 
21440000,0.17749999463558197 
21450000,0.20499999821186066 
21460000,0.17749999463558197 
21470000,0.1899999976158142 
21480000,0.17749999463558197 
21490000,0.1850000023841858 
21500000,0.1850000023841858 
21510000,0.1875 
21520000,0.19499999284744263 
21530000,0.2150000035762787 
21540000,0.18250000476837158 
21550000,0.20499999821186066 
21560000,0.20250000059604645 
21570000,0.19249999523162842 
21580000,0.17499999701976776 
21590000,0.18000000715255737 
21600000,0.20000000298023224 
21610000,0.19249999523162842 
21620000,0.19750000536441803 
21630000,0.19499999284744263 
21640000,0.17499999701976776 
21650000,0.20499999821186066 
21660000,0.20000000298023224 
21670000,0.19249999523162842 
21680000,0.20250000059604645 
21690000,0.19499999284744263 
21700000,0.19750000536441803 
21710000,0.1850000023841858 
21720000,0.1899999976158142 
21730000,0.18000000715255737 
21740000,0.1899999976158142 
21750000,0.20000000298023224 
21760000,0.1875 
21770000,0.19249999523162842 
21780000,0.19499999284744263 
21790000,0.20250000059604645 
21800000,0.18250000476837158 
21810000,0.20000000298023224 
21820000,0.1850000023841858 
21830000,0.19249999523162842 
21840000,0.17000000178813934 
21850000,0.18000000715255737 
21860000,0.20000000298023224 
21870000,0.18250000476837158 
21880000,0.17000000178813934 
21890000,0.17749999463558197 
21900000,0.20000000298023224 
21910000,0.1899999976158142 
21920000,0.20000000298023224 
21930000,0.20000000298023224 
21940000,0.20000000298023224 
21950000,0.17249999940395355 
21960000,0.1850000023841858 
21970000,0.20250000059604645 
21980000,0.17749999463558197 
21990000,0.1875 
22000000,0.19249999523162842 
22010000,0.17749999463558197 
22020000,0.1875 
22030000,0.19499999284744263 
22040000,0.19249999523162842 
22050000,0.20000000298023224 
22060000,0.19249999523162842 
22070000,0.18250000476837158 
22080000,0.20999999344348907 
22090000,0.1899999976158142 
22100000,0.1850000023841858 
22110000,0.17749999463558197 
22120000,0.18250000476837158 
22130000,0.19750000536441803 
22140000,0.17499999701976776 
22150000,0.20250000059604645 
22160000,0.17749999463558197 
22170000,0.19499999284744263 
22180000,0.1850000023841858 
22190000,0.19249999523162842 
22200000,0.19249999523162842 
22210000,0.1850000023841858 
22220000,0.20000000298023224 
22230000,0.17749999463558197 
22240000,0.17749999463558197 
22250000,0.19249999523162842 
22260000,0.20000000298023224 
22270000,0.1875 
22280000,0.1875 
22290000,0.18000000715255737 
22300000,0.19249999523162842 
22310000,0.1850000023841858 
22320000,0.19249999523162842 
22330000,0.1875 
22340000,0.20000000298023224 
22350000,0.18250000476837158 
22360000,0.1899999976158142 
22370000,0.19499999284744263 
22380000,0.1875 
22390000,0.17249999940395355 
22400000,0.17749999463558197 
22410000,0.18250000476837158 
22420000,0.17249999940395355 
22430000,0.19249999523162842 
22440000,0.1850000023841858 
22450000,0.1875 
22460000,0.20000000298023224 
22470000,0.19750000536441803 
22480000,0.20749999582767487 
22490000,0.20000000298023224 
22500000,0.1875 
22510000,0.18000000715255737 
22520000,0.1875 
22530000,0.18250000476837158 
22540000,0.17249999940395355 
22550000,0.19499999284744263 
22560000,0.1899999976158142 
22570000,0.17499999701976776 
22580000,0.19499999284744263 
22590000,0.20000000298023224 
22600000,0.18250000476837158 
22610000,0.17749999463558197 
22620000,0.19499999284744263 
22630000,0.16750000417232513 
22640000,0.16249999403953552 
22650000,0.18000000715255737 
22660000,0.19249999523162842 
22670000,0.19249999523162842 
22680000,0.19249999523162842 
22690000,0.19499999284744263 
22700000,0.20000000298023224 
22710000,0.1899999976158142 
22720000,0.1599999964237213 
22730000,0.19499999284744263 
22740000,0.1850000023841858 
22750000,0.18000000715255737 
22760000,0.17749999463558197 
22770000,0.19499999284744263 
22780000,0.17249999940395355 
22790000,0.20499999821186066 
22800000,0.19249999523162842 
22810000,0.20250000059604645 
22820000,0.17749999463558197 
22830000,0.1899999976158142 
22840000,0.18000000715255737 
22850000,0.16750000417232513 
22860000,0.19750000536441803 
22870000,0.18000000715255737 
22880000,0.16750000417232513 
22890000,0.17499999701976776 
22900000,0.20499999821186066 
22910000,0.1875 
22920000,0.1899999976158142 
22930000,0.17749999463558197 
22940000,0.1899999976158142 
22950000,0.1850000023841858 
22960000,0.17749999463558197 
22970000,0.18250000476837158 
22980000,0.1875 
22990000,0.1899999976158142 
23000000,0.19750000536441803 
23010000,0.1899999976158142 
23020000,0.18000000715255737 
23030000,0.20000000298023224 
23040000,0.1875 
23050000,0.19499999284744263 
23060000,0.19499999284744263 
23070000,0.17249999940395355 
23080000,0.19750000536441803 
23090000,0.20749999582767487 
23100000,0.20499999821186066 
23110000,0.19249999523162842 
23120000,0.20499999821186066 
23130000,0.21250000596046448 
23140000,0.19499999284744263 
23150000,0.18250000476837158 
23160000,0.18250000476837158 
23170000,0.19249999523162842 
23180000,0.19499999284744263 
23190000,0.20499999821186066 
23200000,0.20000000298023224 
23210000,0.1875 
23220000,0.19750000536441803 
23230000,0.20999999344348907 
23240000,0.19249999523162842 
23250000,0.18000000715255737 
23260000,0.19499999284744263 
23270000,0.20499999821186066 
23280000,0.20000000298023224 
23290000,0.2175000011920929 
23300000,0.20499999821186066 
23310000,0.20749999582767487 
23320000,0.20250000059604645 
23330000,0.19249999523162842 
23340000,0.19499999284744263 
23350000,0.1899999976158142 
23360000,0.20749999582767487 
23370000,0.20499999821186066 
23380000,0.18250000476837158 
23390000,0.17000000178813934 
23400000,0.20250000059604645 
23410000,0.19499999284744263 
23420000,0.20250000059604645 
23430000,0.17749999463558197 
23440000,0.20999999344348907 
23450000,0.21250000596046448 
23460000,0.19499999284744263 
23470000,0.1875 
23480000,0.1850000023841858 
23490000,0.19750000536441803 
23500000,0.19499999284744263 
23510000,0.1875 
23520000,0.21250000596046448 
23530000,0.20000000298023224 
23540000,0.18000000715255737 
23550000,0.19750000536441803 
23560000,0.17749999463558197 
23570000,0.19249999523162842 
23580000,0.1899999976158142 
23590000,0.1875 
23600000,0.18250000476837158 
23610000,0.1875 
23620000,0.20250000059604645 
23630000,0.18250000476837158 
23640000,0.1899999976158142 
23650000,0.1899999976158142 
23660000,0.17749999463558197 
23670000,0.19249999523162842 
23680000,0.18250000476837158 
23690000,0.20250000059604645 
23700000,0.1850000023841858 
23710000,0.20250000059604645 
23720000,0.1875 
23730000,0.1875 
23740000,0.20499999821186066 
23750000,0.20000000298023224 
23760000,0.20499999821186066 
23770000,0.18000000715255737 
23780000,0.19249999523162842 
23790000,0.1899999976158142 
23800000,0.20000000298023224 
23810000,0.20000000298023224 
23820000,0.19750000536441803 
23830000,0.18000000715255737 
23840000,0.2150000035762787 
23850000,0.19499999284744263 
23860000,0.20499999821186066 
23870000,0.20749999582767487 
23880000,0.19249999523162842 
23890000,0.1899999976158142 
23900000,0.1899999976158142 
23910000,0.1899999976158142 
23920000,0.19499999284744263 
23930000,0.17000000178813934 
23940000,0.19499999284744263 
23950000,0.18000000715255737 
23960000,0.20749999582767487 
23970000,0.1850000023841858 
23980000,0.17000000178813934 
23990000,0.17749999463558197 
24000000,0.18250000476837158 
24010000,0.2224999964237213 
24020000,0.1850000023841858 
24030000,0.18000000715255737 
24040000,0.19249999523162842 
24050000,0.19750000536441803 
24060000,0.16249999403953552 
24070000,0.17499999701976776 
24080000,0.19499999284744263 
24090000,0.1899999976158142 
24100000,0.17499999701976776 
24110000,0.20250000059604645 
24120000,0.17249999940395355 
24130000,0.1850000023841858 
24140000,0.18000000715255737 
24150000,0.18250000476837158 
24160000,0.17249999940395355 
24170000,0.18000000715255737 
24180000,0.16750000417232513 
24190000,0.19499999284744263 
24200000,0.19750000536441803 
24210000,0.19249999523162842 
24220000,0.17000000178813934 
24230000,0.18000000715255737 
24240000,0.19249999523162842 
24250000,0.17749999463558197 
24260000,0.17499999701976776 
24270000,0.1850000023841858 
24280000,0.1875 
24290000,0.1850000023841858 
24300000,0.16750000417232513 
24310000,0.17499999701976776 
24320000,0.1599999964237213 
24330000,0.17749999463558197 
24340000,0.16249999403953552 
24350000,0.19249999523162842 
24360000,0.17249999940395355 
24370000,0.19750000536441803 
24380000,0.17499999701976776 
24390000,0.19750000536441803 
24400000,0.1875 
24410000,0.19499999284744263 
24420000,0.20250000059604645 
24430000,0.16750000417232513 
24440000,0.1899999976158142 
24450000,0.17000000178813934 
24460000,0.19249999523162842 
24470000,0.20250000059604645 
24480000,0.19249999523162842 
24490000,0.17499999701976776 
24500000,0.20250000059604645 
24510000,0.17249999940395355 
24520000,0.19750000536441803 
24530000,0.19750000536441803 
24540000,0.17749999463558197 
24550000,0.1875 
24560000,0.18250000476837158 
24570000,0.17249999940395355 
24580000,0.20749999582767487 
24590000,0.18000000715255737 
24600000,0.20250000059604645 
24610000,0.20499999821186066 
24620000,0.1875 
24630000,0.1899999976158142 
24640000,0.16500000655651093 
24650000,0.1875 
24660000,0.19249999523162842 
24670000,0.19499999284744263 
24680000,0.20250000059604645 
24690000,0.20499999821186066 
24700000,0.19750000536441803 
24710000,0.19499999284744263 
24720000,0.1899999976158142 
24730000,0.20749999582767487 
24740000,0.19499999284744263 
24750000,0.1850000023841858 
24760000,0.18000000715255737 
24770000,0.18000000715255737 
24780000,0.20250000059604645 
24790000,0.19249999523162842 
24800000,0.19249999523162842 
24810000,0.17249999940395355 
24820000,0.18250000476837158 
24830000,0.17000000178813934 
24840000,0.20499999821186066 
24850000,0.1875 
24860000,0.19499999284744263 
24870000,0.20749999582767487 
24880000,0.20000000298023224 
24890000,0.1899999976158142 
24900000,0.19750000536441803 
24910000,0.1875 
24920000,0.19750000536441803 
24930000,0.18000000715255737 
24940000,0.17249999940395355 
24950000,0.16500000655651093 
24960000,0.19499999284744263 
24970000,0.1899999976158142 
24980000,0.18250000476837158 
24990000,0.1574999988079071 
25000000,0.17749999463558197 
