10022,0.0 
20022,0.0 
30000,0.0 
40009,0.009999999776482582 
50006,0.0 
60001,0.0 
70017,0.009999999776482582 
80017,0.0 
90023,0.009999999776482582 
100001,0.009999999776482582 
110001,0.0 
120007,0.0 
130007,0.0 
140022,0.0 
150021,0.009999999776482582 
160021,0.0 
170014,0.009999999776482582 
180009,0.019999999552965164 
190020,0.0 
200018,0.0 
210009,0.0 
220012,0.0 
230018,0.0 
240018,0.0 
250019,0.0 
260024,0.019999999552965164 
270023,0.0 
280000,0.0 
290008,0.009999999776482582 
300008,0.0 
310016,0.019999999552965164 
320009,0.009999999776482582 
330017,0.009999999776482582 
340004,0.019999999552965164 
350019,0.009999999776482582 
360009,0.009999999776482582 
370021,0.0 
380007,0.019999999552965164 
390010,0.0 
400001,0.0 
410008,0.009999999776482582 
420008,0.0 
430008,0.029999999329447746 
440008,0.0 
450008,0.0 
460012,0.009999999776482582 
470005,0.019999999552965164 
480003,0.019999999552965164 
490011,0.0 
500011,0.009999999776482582 
510023,0.0 
520021,0.019999999552965164 
530007,0.009999999776482582 
540017,0.009999999776482582 
550011,0.0 
560001,0.0 
570020,0.009999999776482582 
580019,0.009999999776482582 
590008,0.0 
600005,0.019999999552965164 
610013,0.0 
620020,0.009999999776482582 
630007,0.029999999329447746 
640016,0.009999999776482582 
650015,0.019999999552965164 
660006,0.029999999329447746 
670015,0.0 
680010,0.019999999552965164 
690018,0.0 
700000,0.019999999552965164 
710018,0.0 
720005,0.009999999776482582 
730021,0.05000000074505806 
740022,0.009999999776482582 
750021,0.019999999552965164 
760004,0.0 
770011,0.009999999776482582 
780021,0.019999999552965164 
790024,0.0 
800002,0.009999999776482582 
810004,0.009999999776482582 
820008,0.0 
830010,0.009999999776482582 
840013,0.019999999552965164 
850017,0.009999999776482582 
860007,0.019999999552965164 
870020,0.009999999776482582 
880003,0.009999999776482582 
890001,0.0 
900010,0.009999999776482582 
910008,0.0 
920003,0.029999999329447746 
930014,0.03999999910593033 
940010,0.009999999776482582 
950014,0.009999999776482582 
960011,0.009999999776482582 
970019,0.0 
980002,0.0 
990008,0.019999999552965164 
1000006,0.009999999776482582 
1010008,0.029999999329447746 
1020005,0.03999999910593033 
1030020,0.019999999552965164 
1040013,0.03999999910593033 
1050003,0.07000000029802322 
1060010,0.029999999329447746 
1070024,0.07000000029802322 
1080006,0.05000000074505806 
1090021,0.03999999910593033 
1100015,0.07000000029802322 
1110014,0.03999999910593033 
1120012,0.029999999329447746 
1130014,0.03999999910593033 
1140007,0.019999999552965164 
1150009,0.05999999865889549 
1160024,0.05999999865889549 
1170024,0.05999999865889549 
1180006,0.07999999821186066 
1190022,0.03999999910593033 
1200002,0.11999999731779099 
1210018,0.10999999940395355 
1220008,0.07999999821186066 
1230013,0.14000000059604645 
1240003,0.12999999523162842 
1250010,0.07999999821186066 
1260012,0.12999999523162842 
1270009,0.17000000178813934 
1280007,0.20999999344348907 
1290018,0.12999999523162842 
1300013,0.10000000149011612 
1310024,0.18000000715255737 
1320020,0.27000001072883606 
1330004,0.20000000298023224 
1340004,0.23000000417232513 
1350018,0.23999999463558197 
1360013,0.1599999964237213 
1370000,0.23000000417232513 
1380004,0.27000001072883606 
1390006,0.36000001430511475 
1400012,0.3199999928474426 
1410003,0.4099999964237213 
1420012,0.3700000047683716 
1430002,0.3199999928474426 
1440023,0.4099999964237213 
1450009,0.46000000834465027 
1460004,0.4699999988079071 
1470007,0.41999998688697815 
1480019,0.49000000953674316 
1490001,0.5 
1500005,0.5099999904632568 
1510000,0.4300000071525574 
1520001,0.5799999833106995 
1530001,0.49000000953674316 
1540009,0.6200000047683716 
1550020,0.6399999856948853 
1560008,0.6399999856948853 
1570008,0.7200000286102295 
1580001,0.6700000166893005 
1590002,0.8299999833106995 
1600006,0.75 
1610018,0.8399999737739563 
1620007,0.8500000238418579 
1630024,0.8199999928474426 
1640003,0.7799999713897705 
1650000,0.8199999928474426 
1660000,0.8500000238418579 
1670004,0.8500000238418579 
1680004,0.8700000047683716 
1690006,0.9300000071525574 
1700006,0.8899999856948853 
1710002,0.9100000262260437 
1720014,0.8999999761581421 
1730014,0.9100000262260437 
1740008,0.9200000166893005 
1750011,0.9100000262260437 
1760018,0.9200000166893005 
1770006,0.9700000286102295 
1780000,0.9599999785423279 
1790002,0.9200000166893005 
1800002,0.9800000190734863 
1810000,0.9700000286102295 
1820005,0.9200000166893005 
1830023,0.8899999856948853 
1840001,0.9599999785423279 
1850004,0.9800000190734863 
1860007,0.9399999976158142 
1870012,0.9900000095367432 
1880001,0.9800000190734863 
1890007,0.9700000286102295 
1900002,0.9700000286102295 
1910000,0.9700000286102295 
1920022,0.949999988079071 
1930000,0.9800000190734863 
1940003,0.9700000286102295 
1950003,0.9599999785423279 
1960000,0.9900000095367432 
1970003,0.9900000095367432 
1980005,0.9900000095367432 
1990005,0.9700000286102295 
2000000,0.9700000286102295 
2010000,0.9599999785423279 
2020001,0.9700000286102295 
2030007,0.9900000095367432 
2040005,0.9599999785423279 
2050002,0.9900000095367432 
2060003,0.9700000286102295 
2070008,0.9900000095367432 
2080003,0.9800000190734863 
2090005,0.9599999785423279 
2100005,0.949999988079071 
2110002,0.949999988079071 
2120001,1.0 
2130001,0.9599999785423279 
2140003,0.949999988079071 
2150001,0.9700000286102295 
2160004,0.9300000071525574 
2170003,0.9800000190734863 
2180004,0.9700000286102295 
2190001,0.9700000286102295 
2200001,0.9599999785423279 
2210005,0.9700000286102295 
2220001,0.9800000190734863 
2230002,0.9599999785423279 
2240011,1.0 
2250009,0.9700000286102295 
2260003,0.9399999976158142 
2270003,0.9599999785423279 
2280006,0.9700000286102295 
2290006,0.9599999785423279 
2300002,0.9700000286102295 
2310000,0.9800000190734863 
2320016,0.9900000095367432 
2330000,0.9399999976158142 
2340004,0.949999988079071 
2350002,0.9599999785423279 
2360003,0.9900000095367432 
2370001,0.949999988079071 
2380003,0.949999988079071 
2390004,0.9900000095367432 
2400005,0.9599999785423279 
2410008,0.9200000166893005 
2420008,0.949999988079071 
2430003,0.9599999785423279 
2440002,0.9200000166893005 
2450007,0.9399999976158142 
2460017,0.9100000262260437 
2470002,0.9399999976158142 
2480001,0.9300000071525574 
2490008,0.9700000286102295 
2500009,0.9399999976158142 
2510010,0.9399999976158142 
2520008,0.8999999761581421 
2530001,0.9399999976158142 
2540000,0.9200000166893005 
2550000,0.949999988079071 
2560003,0.9399999976158142 
2570022,0.9399999976158142 
2580000,0.949999988079071 
2590024,0.9399999976158142 
2600013,0.9599999785423279 
2610001,0.8999999761581421 
2620001,0.8799999952316284 
2630001,0.949999988079071 
2640002,0.9399999976158142 
2650020,0.9300000071525574 
2660006,0.9399999976158142 
2670015,0.9100000262260437 
2680002,0.8799999952316284 
2690001,0.9100000262260437 
2700000,0.8700000047683716 
2710001,0.9399999976158142 
2720017,0.9300000071525574 
2730001,0.8600000143051147 
2740024,0.8799999952316284 
2750005,0.8999999761581421 
2760001,0.8600000143051147 
2770002,0.9599999785423279 
2780004,0.9100000262260437 
2790014,0.8399999737739563 
2800004,0.8999999761581421 
2810008,0.8500000238418579 
2820008,0.8899999856948853 
2830003,0.9100000262260437 
2840017,0.8999999761581421 
2850004,0.9100000262260437 
2860002,0.9300000071525574 
2870011,0.8799999952316284 
2880017,0.8799999952316284 
2890004,0.8700000047683716 
2900003,0.9100000262260437 
2910001,0.8999999761581421 
2920013,0.949999988079071 
2930004,0.9200000166893005 
2940005,0.8999999761581421 
2950012,0.8999999761581421 
2960017,0.8399999737739563 
2970004,0.9300000071525574 
2980005,0.9300000071525574 
2990008,0.9200000166893005 
3000001,0.8999999761581421 
3010006,0.9100000262260437 
3020001,0.9599999785423279 
3030003,0.8899999856948853 
3040005,0.8999999761581421 
3050002,0.8999999761581421 
3060013,0.9399999976158142 
3070005,0.949999988079071 
3080000,0.9300000071525574 
3090005,0.9399999976158142 
3100001,0.949999988079071 
3110004,0.9300000071525574 
3120004,0.9399999976158142 
3130002,0.9200000166893005 
3140010,0.9800000190734863 
3150006,0.9300000071525574 
3160002,0.9599999785423279 
3170000,0.9700000286102295 
3180002,0.9399999976158142 
3190006,0.9700000286102295 
3200005,0.9700000286102295 
3210001,0.9900000095367432 
3220000,0.9900000095367432 
3230002,0.9700000286102295 
3240004,0.949999988079071 
3250002,0.949999988079071 
3260006,0.9700000286102295 
3270000,0.9800000190734863 
3280001,0.9800000190734863 
3290005,0.9700000286102295 
3300005,0.949999988079071 
3310007,0.9800000190734863 
3320019,0.949999988079071 
3330012,0.9700000286102295 
3340001,0.9599999785423279 
3350009,0.9800000190734863 
3360015,0.9399999976158142 
3370001,0.949999988079071 
3380004,0.9300000071525574 
3390006,0.9900000095367432 
3400002,0.9700000286102295 
3410000,0.949999988079071 
3420005,0.9599999785423279 
3430017,0.9700000286102295 
3440004,0.9599999785423279 
3450004,0.9599999785423279 
3460002,0.9800000190734863 
3470001,0.9900000095367432 
3480008,0.9599999785423279 
3490005,0.9700000286102295 
3500007,0.9900000095367432 
3510000,0.9700000286102295 
3520002,0.9700000286102295 
3530002,0.9900000095367432 
3540003,0.9700000286102295 
3550004,0.9599999785423279 
3560007,0.9700000286102295 
3570000,0.9700000286102295 
3580002,0.949999988079071 
3590001,0.9700000286102295 
3600007,0.9800000190734863 
3610001,0.9100000262260437 
3620001,1.0 
3630020,0.9800000190734863 
3640004,0.9900000095367432 
3650002,0.9800000190734863 
3660010,0.949999988079071 
3670001,0.9700000286102295 
3680004,0.9399999976158142 
3690020,0.9700000286102295 
3700008,0.9700000286102295 
3710005,0.9399999976158142 
3720004,0.9300000071525574 
3730006,0.9700000286102295 
3740012,0.949999988079071 
3750006,0.9900000095367432 
3760002,0.949999988079071 
3770002,0.9599999785423279 
3780007,0.9700000286102295 
3790000,0.9700000286102295 
3800000,0.9700000286102295 
3810014,0.9599999785423279 
3820000,0.9700000286102295 
3830002,0.9399999976158142 
3840004,0.9599999785423279 
3850011,1.0 
3860008,0.9599999785423279 
3870005,0.9700000286102295 
3880001,0.9800000190734863 
3890021,0.9599999785423279 
3900000,0.9700000286102295 
3910004,0.9599999785423279 
3920006,0.9599999785423279 
3930020,0.949999988079071 
3940015,0.9399999976158142 
3950001,0.9200000166893005 
3960003,0.9700000286102295 
3970005,0.9200000166893005 
3980007,0.9700000286102295 
3990008,0.8999999761581421 
4000004,0.9300000071525574 
4010003,0.9700000286102295 
4020001,0.9599999785423279 
4030005,0.9800000190734863 
4040005,0.9599999785423279 
4050002,0.949999988079071 
4060006,0.9300000071525574 
4070007,0.9100000262260437 
4080012,0.9100000262260437 
4090003,0.9300000071525574 
4100000,0.9300000071525574 
4110003,0.9599999785423279 
4120003,0.949999988079071 
4130012,0.9399999976158142 
4140013,0.9599999785423279 
4150001,0.9599999785423279 
4160006,0.9599999785423279 
4170004,0.9599999785423279 
4180004,0.9700000286102295 
4190021,0.949999988079071 
4200007,0.8999999761581421 
4210005,0.9800000190734863 
4220002,0.9399999976158142 
4230001,0.9599999785423279 
4240003,0.949999988079071 
4250005,0.949999988079071 
4260003,0.8899999856948853 
4270005,0.9399999976158142 
4280001,0.9700000286102295 
4290002,0.9900000095367432 
4300005,0.9599999785423279 
4310001,0.9900000095367432 
4320005,1.0 
4330016,0.949999988079071 
4340010,0.9700000286102295 
4350001,0.9900000095367432 
4360006,0.8999999761581421 
4370003,0.949999988079071 
4380006,0.9700000286102295 
4390003,0.9700000286102295 
4400011,0.9900000095367432 
4410012,0.8799999952316284 
4420035,0.9200000166893005 
4430018,0.9399999976158142 
4440016,0.9399999976158142 
4450011,0.9300000071525574 
4460013,0.8799999952316284 
4470014,0.949999988079071 
4480012,0.9700000286102295 
4490027,0.8999999761581421 
4500019,0.949999988079071 
4510012,0.9200000166893005 
4520011,0.9399999976158142 
4530015,0.9599999785423279 
4540011,0.9700000286102295 
4550014,0.9599999785423279 
4560030,0.9599999785423279 
4570016,0.9599999785423279 
4580012,0.9800000190734863 
4590020,0.9599999785423279 
4600024,0.9700000286102295 
4610027,0.9700000286102295 
4620014,0.949999988079071 
4630014,0.949999988079071 
4640033,0.949999988079071 
4650012,0.9399999976158142 
4660014,0.9599999785423279 
4670014,0.949999988079071 
4680018,0.9399999976158142 
4690011,0.9200000166893005 
4700012,0.9800000190734863 
4710015,0.9599999785423279 
4720012,0.949999988079071 
4730018,0.949999988079071 
4740019,0.9599999785423279 
4750012,0.9399999976158142 
4760011,0.9599999785423279 
4770022,0.949999988079071 
4780013,0.9800000190734863 
4790013,0.9800000190734863 
4800035,0.9700000286102295 
4810017,0.9800000190734863 
4820020,0.949999988079071 
4830023,0.9599999785423279 
4840013,0.9599999785423279 
4850014,0.9700000286102295 
4860013,0.9599999785423279 
4870017,0.9300000071525574 
4880011,0.9599999785423279 
4890019,0.9700000286102295 
4900013,0.9800000190734863 
4910015,0.9700000286102295 
4920031,0.9700000286102295 
4930012,0.9700000286102295 
4940011,0.9599999785423279 
4950015,0.9700000286102295 
4960011,0.9300000071525574 
4970011,0.9700000286102295 
4980011,0.949999988079071 
4990017,0.9700000286102295 
5000020,0.9900000095367432 
5010013,0.9399999976158142 
5020011,0.9800000190734863 
5030017,0.9399999976158142 
5040014,0.9900000095367432 
5050015,0.9800000190734863 
5060019,0.9700000286102295 
5070028,0.9399999976158142 
5080014,0.949999988079071 
5090011,0.9900000095367432 
5100013,0.9599999785423279 
5110011,0.949999988079071 
5120015,0.9700000286102295 
5130018,0.9700000286102295 
5140013,0.949999988079071 
5150016,0.9700000286102295 
5160014,0.9800000190734863 
5170027,0.9700000286102295 
5180011,0.9399999976158142 
5190015,0.949999988079071 
5200012,0.9599999785423279 
5210022,0.9399999976158142 
5220011,0.9700000286102295 
5230012,0.9900000095367432 
5240014,0.9700000286102295 
5250018,0.9700000286102295 
5260013,0.9700000286102295 
5270015,0.9900000095367432 
5280015,0.9900000095367432 
5290017,0.9599999785423279 
5300012,0.949999988079071 
5310016,0.9700000286102295 
5320031,0.9599999785423279 
5330016,0.9700000286102295 
5340012,0.9599999785423279 
5350014,0.9900000095367432 
5360011,0.9900000095367432 
5370011,0.9700000286102295 
5380012,0.9700000286102295 
5390015,0.9700000286102295 
5400011,0.949999988079071 
5410020,0.9900000095367432 
5420016,0.9800000190734863 
5430019,0.949999988079071 
5440016,0.9900000095367432 
5450015,0.9700000286102295 
5460017,0.9399999976158142 
5470017,0.9300000071525574 
5480011,0.9900000095367432 
5490018,1.0 
5500016,0.9900000095367432 
5510011,0.9599999785423279 
5520011,0.9399999976158142 
5530012,0.9300000071525574 
5540016,0.9399999976158142 
5550023,0.9700000286102295 
5560023,0.9300000071525574 
5570030,0.9399999976158142 
5580015,0.9200000166893005 
5590029,0.9599999785423279 
5600013,0.9599999785423279 
5610012,0.9599999785423279 
5620014,0.9599999785423279 
5630012,0.9599999785423279 
5640013,0.9900000095367432 
5650033,0.9100000262260437 
5660014,0.9599999785423279 
5670017,0.9599999785423279 
5680011,0.9599999785423279 
5690020,0.9599999785423279 
5700011,0.9200000166893005 
5710017,0.9399999976158142 
5720016,0.949999988079071 
5730016,0.949999988079071 
5740014,0.9800000190734863 
5750018,0.9599999785423279 
5760015,0.949999988079071 
5770019,0.9900000095367432 
5780022,0.9399999976158142 
5790016,0.9700000286102295 
5800016,0.9800000190734863 
5810012,0.9399999976158142 
5820018,0.9200000166893005 
5830013,0.9800000190734863 
5840024,0.9300000071525574 
5850029,0.9599999785423279 
5860012,0.9700000286102295 
5870017,0.9599999785423279 
5880015,0.9599999785423279 
5890025,0.9800000190734863 
5900019,0.949999988079071 
5910016,0.9599999785423279 
5920014,0.9599999785423279 
5930016,0.9700000286102295 
5940014,0.9800000190734863 
5950021,0.9700000286102295 
5960021,0.9599999785423279 
5970014,0.9700000286102295 
5980012,0.9700000286102295 
5990011,0.9399999976158142 
6000019,0.9399999976158142 
6010015,0.9399999976158142 
6020019,0.949999988079071 
6030013,0.9800000190734863 
6040012,0.949999988079071 
6050011,0.949999988079071 
6060015,0.9599999785423279 
6070012,0.9800000190734863 
6080016,0.9800000190734863 
6090028,0.9599999785423279 
6100016,0.9200000166893005 
6110012,0.9700000286102295 
6120014,0.9800000190734863 
6130014,0.9200000166893005 
6140011,0.9800000190734863 
6150012,0.9900000095367432 
6160011,0.9800000190734863 
6170016,0.9599999785423279 
6180013,0.9599999785423279 
6190016,0.9800000190734863 
6200013,0.9900000095367432 
6210014,0.9300000071525574 
6220014,0.9800000190734863 
6230013,0.9800000190734863 
6240012,0.9700000286102295 
6250015,0.9700000286102295 
6260012,0.9800000190734863 
6270014,0.9599999785423279 
6280012,0.9800000190734863 
6290011,0.9800000190734863 
6300012,0.9399999976158142 
6310012,0.9700000286102295 
6320015,0.9700000286102295 
6330012,0.9700000286102295 
6340014,0.9900000095367432 
6350018,0.9700000286102295 
6360013,0.9200000166893005 
6370022,0.9800000190734863 
6380017,0.9900000095367432 
6390011,0.9800000190734863 
6400034,0.949999988079071 
6410014,0.9900000095367432 
6420020,0.949999988079071 
6430021,0.9900000095367432 
6440019,0.9399999976158142 
6450015,0.9599999785423279 
6460012,0.9700000286102295 
6470013,0.9900000095367432 
6480014,0.9900000095367432 
6490015,0.949999988079071 
6500014,0.9900000095367432 
6510019,0.9599999785423279 
6520017,0.9300000071525574 
6530019,0.9300000071525574 
6540012,0.9700000286102295 
6550018,0.9700000286102295 
6560018,0.9700000286102295 
6570011,0.9599999785423279 
6580014,0.9700000286102295 
6590018,0.9399999976158142 
6600012,0.9700000286102295 
6610013,0.9800000190734863 
6620014,0.9700000286102295 
6630011,0.9800000190734863 
6640013,0.9900000095367432 
6650014,0.8999999761581421 
6660012,0.949999988079071 
6670013,0.9700000286102295 
6680015,0.9800000190734863 
6690013,0.949999988079071 
6700014,0.9900000095367432 
6710012,0.9700000286102295 
6720013,0.9700000286102295 
6730018,0.9700000286102295 
6740011,0.9399999976158142 
6750014,0.949999988079071 
6760012,0.9800000190734863 
6770012,0.9700000286102295 
6780012,0.9700000286102295 
6790028,0.9300000071525574 
6800018,0.9599999785423279 
