10000,-98.55 
20000,-97.55 
30000,-96.7 
40000,-96.3 
50000,-96.45 
60000,-95.3 
70000,-94.4 
80000,-94.15 
90000,-94.35 
100000,-92.1 
110000,-91.25 
120000,-93.95 
130000,-93.4 
140000,-93.35 
150000,-92.1 
160000,-89.9 
170000,-91.8 
180000,-90.7 
190000,-91.6 
200000,-91.8 
210000,-89.3 
220000,-89.6 
230000,-89.45 
240000,-89.4 
250000,-88.9 
260000,-92.1 
270000,-89.3 
280000,-88.0 
290000,-89.85 
300000,-90.95 
310000,-88.85 
320000,-88.75 
330000,-86.9 
340000,-87.75 
350000,-85.05 
360048,-82.81592039800995 
370043,-80.7 
380043,-82.5 
390043,-80.9 
400043,-78.95 
410033,-80.7 
420033,-78.8 
430033,-79.4 
440033,-78.1 
450033,-78.35 
460022,-75.39 
470010,-78.33 
480010,-77.2 
490045,-75.02487562189054 
500031,-76.11 
510031,-76.8 
520040,-74.66666666666667 
530037,-76.17 
540037,-75.85 
550035,-75.63 
560035,-76.35 
570024,-75.89 
580020,-76.81 
590020,-76.85 
600009,-75.29 
610043,-78.79601990049751 
620028,-74.6 
630026,-75.73 
640010,-75.49 
650010,-76.7 
660010,-77.2 
670010,-76.75 
680005,-74.1 
690028,-75.55223880597015 
700026,-73.71144278606965 
710001,-71.8 
720017,-73.94029850746269 
730044,-72.60696517412936 
740033,-73.19 
750020,-73.32 
760042,-71.16417910447761 
770033,-72.11 
780017,-72.69 
790020,-74.60696517412936 
800012,-72.2587064676617 
810043,-72.44776119402985 
820039,-71.20398009950249 
830015,-71.86 
840013,-72.21890547263682 
850032,-68.75247524752476 
860047,-71.54228855721394 
870017,-69.85 
880032,-70.74626865671642 
890000,-72.18 
900023,-71.42288557213931 
910025,-68.33663366336634 
920030,-70.09950248756219 
930022,-70.71641791044776 
940000,-66.91089108910892 
950048,-69.2871287128713 
960029,-65.74509803921569 
970041,-67.94059405940594 
980032,-65.55445544554455 
990009,-65.48768472906404 
1000024,-64.26470588235294 
1010030,-67.93069306930693 
1020049,-66.6896551724138 
1030000,-65.88059701492537 
1040044,-64.84313725490196 
1050004,-65.74257425742574 
1060003,-65.26108374384236 
1070005,-62.96078431372549 
1080010,-67.17821782178218 
1090008,-63.01960784313726 
1100015,-68.92537313432835 
1110011,-63.95073891625616 
1120006,-60.292682926829265 
1130034,-63.85294117647059 
1140013,-61.714285714285715 
1150025,-63.990196078431374 
1160033,-60.96078431372549 
1170041,-62.431372549019606 
1180017,-60.20388349514563 
1190023,-60.302439024390246 
1200034,-60.349514563106794 
1210025,-58.601941747572816 
1220034,-60.03883495145631 
1230016,-55.74757281553398 
1240047,-58.1256038647343 
1250014,-58.077669902912625 
1260046,-57.13461538461539 
1270011,-62.722772277227726 
1280034,-55.31730769230769 
1290027,-56.24271844660194 
1300035,-54.30769230769231 
1310034,-55.18269230769231 
1320031,-55.407766990291265 
1330018,-59.57843137254902 
1340035,-55.23671497584541 
1350015,-51.004784688995215 
1360037,-55.952153110047846 
1370049,-57.20388349514563 
1380042,-51.655502392344495 
1390011,-51.91346153846154 
1400046,-52.58373205741627 
1410026,-50.426540284360186 
1420003,-50.542857142857144 
1430026,-46.460093896713616 
1440039,-50.93333333333333 
1450038,-49.800947867298575 
1460020,-47.791469194312796 
1470000,-50.28436018957346 
1480020,-45.586854460093896 
1490016,-47.943661971830984 
1500006,-43.81395348837209 
1510030,-50.22857142857143 
1520010,-40.648148148148145 
1530022,-48.976303317535546 
1540016,-44.613207547169814 
1550014,-39.74883720930232 
1560013,-43.77570093457944 
1570040,-42.86915887850467 
1580015,-45.56603773584906 
1590014,-38.47004608294931 
1600025,-42.7196261682243 
1610011,-37.79723502304147 
1620018,-42.657407407407405 
1630011,-40.632558139534886 
1640024,-39.148148148148145 
1650020,-39.04587155963303 
1660015,-40.92165898617512 
1670021,-41.07906976744186 
1680022,-37.1324200913242 
1690010,-33.178082191780824 
1700049,-38.3394495412844 
1710018,-36.445454545454545 
1720028,-32.65765765765766 
1730027,-31.4 
1740016,-34.23744292237443 
1750013,-28.85201793721973 
1760014,-26.236842105263158 
1770009,-27.67543859649123 
1780028,-25.912280701754387 
1790043,-29.11111111111111 
1800036,-30.845454545454544 
1810043,-31.45945945945946 
1820012,-21.482456140350877 
1830021,-27.635555555555555 
1840014,-28.09865470852018 
1850016,-25.795555555555556 
1860020,-25.45374449339207 
1870041,-29.20888888888889 
1880024,-26.915555555555557 
1890003,-25.123893805309734 
1900016,-27.11894273127753 
1910040,-21.563318777292576 
1920001,-17.175965665236053 
1930026,-27.692307692307693 
1940041,-20.82251082251082 
1950012,-18.370689655172413 
1960021,-17.811965811965813 
1970040,-23.88744588744589 
1980002,-21.903508771929825 
1990002,-18.205128205128204 
2000047,-18.974358974358974 
2010001,-22.634361233480178 
2020034,-15.341772151898734 
2030001,-19.452173913043477 
2040019,-17.107296137339056 
2050045,-18.506437768240342 
2060000,-14.871794871794872 
2070014,-18.078260869565216 
2080012,-13.11864406779661 
2090001,-13.380753138075313 
2100007,-15.49367088607595 
2110011,-9.786008230452675 
2120000,-12.008403361344538 
2130025,-6.872427983539095 
2140031,-10.594142259414227 
2150000,-8.380165289256198 
2160002,-9.477178423236515 
2170029,-7.465020576131687 
2180038,-11.672268907563025 
2190005,-9.851239669421487 
2200029,-9.991735537190083 
2210011,-10.3109243697479 
2220022,-12.371308016877638 
2230042,-5.222672064777328 
2240022,-4.408163265306122 
2250026,-7.216326530612245 
2260035,-5.487603305785124 
2270013,-10.443514644351465 
2280048,-6.178861788617886 
2290002,-7.54356846473029 
2300018,-9.841004184100418 
2310033,-10.753138075313808 
2320036,-8.24793388429752 
2330012,-3.8137651821862346 
2340038,-8.763485477178424 
2350017,-5.237704918032787 
2360039,-4.42914979757085 
2370004,-3.4959349593495936 
2380023,-6.333333333333333 
2390036,-10.603305785123966 
2400015,-8.721311475409836 
2410029,-3.126984126984127 
2420000,0.9802371541501976 
2430030,-1.5537848605577689 
2440026,1.619047619047619 
2450020,0.20717131474103587 
2460004,-2.8951612903225805 
2470032,-2.840816326530612 
2480026,0.1285140562248996 
2490021,-3.2270916334661353 
2500004,-4.923076923076923 
2510013,-4.97165991902834 
2520030,0.14342629482071714 
2530035,-0.5905511811023622 
2540015,2.4206349206349205 
2550037,-0.896 
2560013,-3.1031746031746033 
2570003,-0.7905138339920948 
2580007,7.084615384615384 
2590016,-2.192 
2600013,0.10317460317460317 
2610039,-2.888 
2620033,0.6377952755905512 
2630037,-3.6504065040650406 
2640015,3.8046875 
2650024,-3.312 
2660049,3.798449612403101 
2670002,2.416 
2680036,6.547528517110266 
2690014,-0.5375494071146245 
2700034,4.594594594594595 
2710042,6.260536398467433 
2720000,-1.9676113360323886 
2730012,4.054263565891473 
2740015,5.6692307692307695 
2750014,2.0700389105058368 
2760004,-0.6024096385542169 
2770017,6.479087452471483 
2780014,3.5752895752895753 
2790025,7.2272727272727275 
2800028,0.6015625 
2810044,2.937984496124031 
2820004,5.637065637065637 
2830026,6.396946564885496 
2840025,2.575875486381323 
2850001,3.46875 
2860007,0.8515625 
2870022,2.2957198443579765 
2880014,9.458646616541353 
2890012,4.6692307692307695 
2900008,10.292134831460674 
2910016,10.126865671641792 
2920007,8.596226415094339 
2930017,2.125984251968504 
2940001,7.030534351145038 
2950024,11.632352941176471 
2960024,12.134831460674157 
2970019,8.239700374531836 
2980035,8.218867924528302 
2990029,6.829457364341085 
3000018,1.861003861003861 
3010013,8.157894736842104 
3020025,5.022900763358779 
3030025,5.32319391634981 
3040007,6.726591760299626 
3050034,10.022222222222222 
3060006,13.717391304347826 
3070021,13.6 
3080007,10.030075187969924 
3090016,8.92134831460674 
3100016,9.135338345864662 
3110024,12.044280442804428 
3120010,10.179775280898877 
3130015,12.572463768115941 
3140040,11.31868131868132 
3150018,6.528735632183908 
3160028,10.0 
3170017,10.716417910447761 
3180018,11.962825278810408 
3190013,12.472324723247233 
3200014,19.958188153310104 
3210023,10.899628252788103 
3220042,9.933579335793358 
3230036,8.917293233082706 
3240030,9.43939393939394 
3250038,13.032727272727273 
3260022,11.92619926199262 
3270027,14.584837545126353 
3280009,14.276363636363635 
3290020,13.81090909090909 
3300007,15.617328519855596 
3310000,13.456521739130435 
3320001,16.4822695035461 
3330023,15.309352517985612 
3340028,15.857142857142858 
3350012,15.18978102189781 
3360014,12.77536231884058 
3370031,16.85409252669039 
3380030,16.541516245487365 
3390006,13.471014492753623 
3400021,15.719424460431656 
3410006,17.571428571428573 
3420001,18.79432624113475 
3430020,15.060931899641577 
3440016,21.682758620689654 
3450041,16.405693950177938 
3460010,20.70877192982456 
3470012,9.72992700729927 
3480026,12.974358974358974 
3490011,11.948529411764707 
3500007,18.34965034965035 
3510001,14.391304347826088 
3520011,13.558718861209965 
3530038,17.397163120567377 
3540012,12.562043795620438 
3550003,13.350553505535055 
3560002,14.989247311827956 
3570004,15.16546762589928 
3580004,11.654411764705882 
3590024,15.142857142857142 
3600001,15.992932862190813 
3610017,15.405017921146953 
3620013,16.992857142857144 
3630027,15.422382671480145 
3640024,17.71631205673759 
3650011,16.533807829181494 
3660037,15.92142857142857 
3670010,18.49469964664311 
3680007,19.637630662020907 
3690018,20.202090592334496 
3700011,20.612676056338028 
3710003,20.848275862068967 
3720020,17.397163120567377 
3730014,16.98220640569395 
3740024,16.583629893238435 
3750017,20.941580756013746 
3760000,15.3 
3770011,20.37370242214533 
3780000,19.066202090592334 
3790001,18.203508771929826 
3800031,20.952380952380953 
3810009,21.623287671232877 
3820017,20.04794520547945 
3830022,20.54794520547945 
3840045,15.850533807829182 
3850028,18.359154929577464 
3860043,20.782312925170068 
3870024,19.67719298245614 
3880014,18.68794326241135 
3890017,18.51048951048951 
3900031,12.309352517985612 
3910043,22.39322033898305 
3920027,20.556701030927837 
3930010,14.494623655913978 
3940011,19.680555555555557 
3950037,25.077441077441076 
3960015,19.427586206896553 
3970033,20.944827586206898 
3980006,17.858657243816253 
3990030,17.524475524475523 
4000017,22.478114478114477 
4010016,16.70921985815603 
4020040,19.903114186851212 
4030012,22.56271186440678 
4040036,23.966442953020135 
4050022,21.247386759581882 
4060006,21.00689655172414 
4070011,22.22222222222222 
4080041,22.346938775510203 
4090039,14.207885304659499 
4100014,20.13745704467354 
4110014,23.344594594594593 
4120026,21.92517006802721 
4130030,19.69655172413793 
4140018,23.505084745762712 
4150015,25.67676767676768 
4160015,18.39160839160839 
4170049,22.456375838926174 
4180029,24.74916387959866 
4190041,25.05263157894737 
4200016,22.328767123287673 
4210018,24.735785953177256 
4220032,24.873333333333335 
4230035,21.52577319587629 
4240035,21.93220338983051 
4250012,20.879725085910653 
4260002,22.568493150684933 
4270021,27.95439739413681 
4280034,24.543624161073826 
4290014,17.597173144876326 
4300026,24.08813559322034 
4310003,22.68013468013468 
4320012,18.3573883161512 
4330002,22.22972972972973 
4340031,22.48135593220339 
4350004,26.17704918032787 
4360010,24.774410774410775 
4370037,27.511551155115512 
4380030,19.255172413793105 
4390021,21.95189003436426 
4400002,24.976588628762542 
4410021,24.358803986710964 
4420001,24.180602006688964 
4430002,20.961937716262977 
4440024,22.824324324324323 
4450043,23.585284280936456 
4460007,21.03071672354949 
4470019,25.20265780730897 
4480042,23.033557046979865 
4490007,21.75257731958763 
4500029,22.54485049833887 
4510033,22.373333333333335 
4520020,25.169435215946844 
4530036,24.37873754152824 
4540003,19.606896551724137 
4550000,26.884488448844884 
4560003,23.469798657718123 
4570010,25.91530944625407 
4580009,20.075862068965517 
4590045,25.86798679867987 
4600015,26.040268456375838 
4610030,23.7 
4620019,26.388157894736842 
4630002,23.213333333333335 
4640011,27.04605263157895 
4650005,19.493150684931507 
4660003,22.446666666666665 
4670023,26.229508196721312 
4680023,20.17241379310345 
4690015,27.974025974025974 
4700003,24.677852348993287 
4710002,27.225165562913908 
4720030,23.601328903654483 
4730021,26.80130293159609 
4740026,22.890365448504983 
4750020,24.956810631229235 
4760003,24.39464882943144 
4770045,23.409395973154364 
4780000,26.30718954248366 
4790018,24.963696369636963 
4800014,26.099009900990097 
4810004,26.677740863787374 
4820026,23.92 
4830005,22.631229235880397 
4840021,26.68211920529801 
4850007,24.926666666666666 
4860034,24.186666666666667 
4870030,25.00990099009901 
4880001,24.86092715231788 
4890000,23.744107744107744 
4900001,22.501694915254237 
4910016,26.589403973509935 
4920001,24.884488448844884 
4930020,24.462046204620464 
4940013,23.090301003344482 
4950031,21.56756756756757 
4960016,26.797385620915033 
4970000,22.63481228668942 
4980006,24.745874587458747 
4990028,25.46843853820598 
5000010,28.111842105263158 
5010007,25.95409836065574 
5020026,21.639455782312925 
5030009,25.264214046822744 
5040002,23.759197324414714 
5050023,19.61512027491409 
5060004,26.48701298701299 
5070015,23.61744966442953 
5080019,23.86798679867987 
5090017,24.241610738255034 
5100010,28.405144694533764 
5110042,25.003278688524592 
5120041,21.757575757575758 
5130012,19.924657534246574 
5140003,26.518032786885247 
5150036,25.112582781456954 
5160018,26.01967213114754 
5170016,26.908496732026144 
5180010,26.92207792207792 
5190009,24.72425249169435 
5200024,22.6578073089701 
5210009,25.08361204013378 
5220033,29.556270096463024 
5230021,24.812080536912752 
5240002,24.316831683168317 
5250017,26.579804560260587 
5260021,23.3953488372093 
5270022,25.77777777777778 
5280020,24.64666666666667 
5290014,25.97377049180328 
5300001,25.25 
5310012,27.40453074433657 
5320006,25.980198019801982 
5330008,26.422442244224424 
5340038,26.677524429967427 
5350006,24.308724832214764 
5360008,25.875 
5370011,20.693877551020407 
5380005,24.956228956228955 
5390025,25.526315789473685 
5400010,26.501650165016503 
5410027,24.62251655629139 
5420025,27.439739413680783 
5430034,27.77346278317152 
5440018,26.5 
5450042,24.776315789473685 
5460024,26.401315789473685 
5470029,24.57236842105263 
5480033,27.52258064516129 
5490010,27.980582524271846 
5500013,26.382838283828384 
5510008,25.4 
5520023,25.90759075907591 
5530024,26.58360655737705 
5540028,26.22801302931596 
5550035,27.903846153846153 
5560003,27.165562913907284 
5570030,24.938110749185668 
5580026,24.56291390728477 
5590023,26.522875816993466 
5600015,28.563106796116504 
5610026,29.42222222222222 
5620024,26.263157894736842 
5630015,29.261146496815286 
5640026,24.944625407166125 
5650010,29.141025641025642 
5660013,29.280254777070063 
5670001,26.82236842105263 
5680015,26.993589743589745 
5690005,27.508090614886733 
5700002,27.05921052631579 
5710015,25.19344262295082 
5720031,27.24271844660194 
5730006,23.758389261744966 
5740013,26.750809061488674 
5750023,27.620578778135048 
5760007,28.628205128205128 
5770005,24.79734219269103 
5780011,26.54071661237785 
5790005,25.122112211221122 
5800000,30.319488817891372 
5810014,25.5 
5820046,25.101639344262296 
5830003,27.696774193548386 
5840010,22.62162162162162 
5850016,30.08832807570978 
5860018,22.949494949494948 
5870005,25.39672131147541 
5880017,26.212903225806453 
5890000,23.413333333333334 
5900047,25.73856209150327 
5910008,20.164948453608247 
5920031,24.398671096345517 
5930018,28.59090909090909 
5940030,27.18064516129032 
5950022,27.69934640522876 
5960046,25.735099337748345 
5970040,23.94701986754967 
5980031,29.867088607594937 
5990023,28.166134185303516 
6000015,28.411575562700964 
6010022,25.42 
6020013,30.72151898734177 
6030033,26.233333333333334 
6040017,24.344370860927153 
6050018,26.746753246753247 
6060009,28.391025641025642 
6070006,24.668896321070235 
6080019,24.765676567656765 
6090004,29.968354430379748 
6100010,29.06709265175719 
6110020,25.537459283387623 
6120000,26.514657980456025 
6130026,28.46006389776358 
6140002,28.739549839228296 
6150006,28.30225080385852 
6160035,26.03934426229508 
6170004,26.662295081967212 
6180032,27.993589743589745 
6190021,29.559105431309906 
6200021,24.816053511705686 
6210022,26.227272727272727 
6220027,29.488817891373802 
6230004,31.09493670886076 
6240004,30.159744408945688 
6250018,23.496644295302012 
6260018,26.30718954248366 
6270008,28.365384615384617 
6280014,28.34304207119741 
6290010,31.358730158730157 
6300006,30.12258064516129 
6310016,26.085526315789473 
6320031,27.419354838709676 
6330035,25.93485342019544 
6340023,25.736842105263158 
6350014,24.48993288590604 
6360017,31.97507788161994 
6370006,27.87741935483871 
6380000,29.46153846153846 
6390018,24.450331125827816 
6400016,27.352564102564102 
6410007,24.335526315789473 
6420033,30.087774294670847 
6430049,27.071428571428573 
6440023,30.102564102564102 
6450012,28.403846153846153 
6460011,25.022653721682847 
6470027,30.280254777070063 
6480021,29.205128205128204 
6490011,27.662337662337663 
6500006,23.741721854304636 
6510023,27.97444089456869 
6520015,25.13621262458472 
6530000,27.961165048543688 
6540010,24.70394736842105 
6550029,22.983277591973245 
6560020,29.411003236245953 
6570004,27.661237785016286 
6580012,21.663299663299664 
6590011,26.349514563106798 
6600014,26.201954397394136 
6610020,25.075409836065575 
6620032,30.05095541401274 
6630003,27.525974025974026 
6640022,26.084967320261438 
6650017,25.737704918032787 
6660013,25.99344262295082 
6670017,27.135483870967743 
6680026,27.847619047619048 
6690014,26.55921052631579 
6700013,27.86581469648562 
6710034,28.759493670886076 
6720006,25.618122977346278 
6730012,28.574193548387097 
6740049,26.98709677419355 
6750004,28.874598070739548 
6760024,30.0 
6770026,24.673267326732674 
6780021,27.68729641693811 
6790009,25.862745098039216 
6800032,24.446666666666665 
6810005,28.649350649350648 
6820014,24.211920529801326 
6830024,26.360655737704917 
6840016,27.818770226537218 
6850038,29.955414012738853 
6860017,27.140065146579804 
6870030,26.875816993464053 
6880025,26.973684210526315 
6890018,28.038834951456312 
6900019,23.780730897009967 
6910002,27.987138263665596 
6920004,27.527508090614887 
6930003,32.88544891640867 
6940039,33.53416149068323 
6950024,29.203821656050955 
6960048,26.92207792207792 
6970002,28.05211726384365 
6980038,30.406349206349205 
6990044,30.723809523809525 
7000002,28.762820512820515 
7010012,29.80456026058632 
7020014,28.865384615384617 
7030037,30.61198738170347 
7040033,28.828478964401295 
7050030,25.003278688524592 
7060034,28.764331210191084 
7070014,31.504702194357368 
7080029,27.93548387096774 
7090007,29.94920634920635 
7100010,27.285714285714285 
7110047,27.462783171521036 
7120010,27.9025974025974 
7130002,28.745222929936304 
7140016,28.984025559105433 
7150031,30.62111801242236 
7160023,26.925081433224754 
7170002,29.910543130990416 
7180004,25.281045751633986 
7190009,30.599369085173503 
7200000,26.627062706270628 
7210016,28.67948717948718 
7220010,29.750798722044728 
7230029,28.99047619047619 
7240018,28.4951768488746 
7250039,28.358974358974358 
7260015,30.787301587301588 
7270003,29.501597444089455 
7280023,31.766561514195583 
7290032,30.356687898089174 
7300049,29.798107255520506 
7310005,31.943396226415093 
7320000,29.615384615384617 
7330024,31.91849529780564 
7340040,26.44516129032258 
7350010,31.766561514195583 
7360019,31.232704402515722 
7370021,28.590476190476192 
7380024,26.993506493506494 
7390027,30.962025316455698 
7400021,28.53205128205128 
7410017,25.889250814332247 
7420033,30.121019108280255 
7430017,28.032362459546924 
7440015,32.06211180124224 
7450021,26.24342105263158 
7460001,25.263157894736842 
7470044,28.926517571884983 
7480000,28.37012987012987 
7490006,30.248407643312103 
7500025,30.69375 
7510000,28.02588996763754 
7520003,29.504761904761907 
7530015,28.745222929936304 
7540018,30.670846394984327 
7550027,30.32278481012658 
7560018,31.78616352201258 
7570014,30.12063492063492 
7580019,25.732899022801302 
7590026,30.05128205128205 
7600020,30.351097178683386 
7610012,30.365930599369086 
7620031,30.81875 
7630039,32.69753086419753 
7640044,31.05919003115265 
7650011,31.528301886792452 
7660003,29.35031847133758 
7670019,28.67948717948718 
7680007,30.45859872611465 
7690039,26.24516129032258 
7700035,27.871382636655948 
7710016,30.471337579617835 
7720018,30.459119496855347 
7730020,26.534201954397393 
7740006,28.964630225080384 
7750032,27.42948717948718 
7760015,29.6 
7770017,27.503225806451614 
7780011,32.0375 
7790005,28.350649350649352 
7800013,31.364779874213838 
7810021,30.955974842767297 
7820007,28.283870967741937 
7830017,31.1875 
7840013,29.028938906752412 
7850004,32.793846153846154 
7860009,28.155339805825243 
7870018,28.996742671009773 
7880006,29.94871794871795 
7890008,29.566343042071196 
7900028,30.474683544303797 
7910022,31.452830188679247 
7920016,30.639240506329113 
7930003,30.05079365079365 
7940030,30.364779874213838 
7950002,28.43174603174603 
7960048,32.56426332288401 
7970003,30.064102564102566 
7980007,26.59672131147541 
7990002,32.327044025157235 
8000022,28.503184713375795 
8010045,32.54320987654321 
8020019,27.875409836065575 
8030030,30.56687898089172 
8040015,30.158227848101266 
8050019,30.387301587301586 
8060029,28.670886075949365 
8070013,32.99688473520249 
8080027,30.037617554858933 
8090037,32.84829721362229 
8100028,31.575949367088608 
8110018,33.669724770642205 
8120003,31.128526645768027 
8130009,31.037974683544302 
8140004,27.677419354838708 
8150021,29.891373801916934 
8160016,29.841269841269842 
8170013,28.19808306709265 
8180013,24.818481848184817 
8190008,29.07051282051282 
8200001,29.659163987138264 
8210012,33.85669781931464 
8220004,30.649842271293377 
8230011,28.63225806451613 
8240025,31.1588785046729 
8250018,28.880258899676374 
8260026,28.529032258064515 
8270008,30.083333333333332 
8280032,29.006451612903227 
8290014,28.03257328990228 
8300008,31.236593059936908 
8310005,32.62068965517241 
8320019,31.29968454258675 
8330027,30.29746835443038 
8340022,31.446540880503143 
8350004,30.70846394984326 
8360037,26.690322580645162 
8370041,29.337579617834393 
8380014,30.801261829652997 
8390017,29.15286624203822 
8400038,30.376996805111823 
8410026,31.130990415335464 
8420015,30.79495268138801 
8430000,30.92063492063492 
8440009,33.546583850931675 
8450030,31.5875 
8460002,26.708196721311474 
8470025,29.79245283018868 
8480026,30.533333333333335 
8490021,31.10759493670886 
8500026,30.88050314465409 
8510006,26.872964169381106 
8520026,30.447284345047922 
8530036,29.71153846153846 
8540017,33.111111111111114 
8550028,31.707165109034268 
8560033,28.237179487179485 
8570005,32.64375 
8580008,31.493827160493826 
8590029,34.8109756097561 
8600025,30.246835443037973 
8610021,29.60517799352751 
8620045,30.473520249221185 
8630021,30.057507987220447 
8640016,30.977917981072554 
8650022,29.23174603174603 
8660024,31.586206896551722 
8670008,31.68354430379747 
8680003,29.746835443037973 
8690002,31.18266253869969 
8700010,32.91358024691358 
8710022,34.391437308868504 
8720008,29.39047619047619 
8730032,31.58513931888545 
8740011,32.63125 
8750011,29.129032258064516 
8760019,30.861635220125788 
8770011,28.309677419354838 
8780013,31.58125 
8790017,32.05590062111801 
8800032,31.931464174454828 
8810015,30.203821656050955 
8820001,31.8006230529595 
8830002,31.333333333333332 
8840006,34.29192546583851 
8850004,33.30461538461538 
8860006,27.782747603833865 
8870028,30.649842271293377 
8880024,28.492012779552716 
8890020,29.0126582278481 
8900031,30.46394984326019 
8910008,32.037267080745345 
8920048,30.60126582278481 
8930033,29.936708860759495 
8940023,30.063492063492063 
8950023,29.331210191082803 
8960020,33.795665634674926 
8970016,31.811912225705328 
8980030,33.625766871165645 
8990020,31.30841121495327 
9000010,29.369085173501578 
9010005,29.015873015873016 
9020031,33.903030303030306 
9030035,33.298136645962735 
9040010,29.331210191082803 
9050030,34.346504559270514 
9060001,28.707395498392284 
9070020,33.401234567901234 
9080014,30.1656050955414 
9090001,31.55 
9100001,30.063291139240505 
9110006,31.504702194357368 
9120020,32.9125 
9130013,29.56549520766773 
9140017,29.782747603833865 
9150030,29.25079365079365 
9160029,31.82716049382716 
9170005,30.821656050955415 
9180003,26.97087378640777 
9190017,28.48253968253968 
9200036,32.142414860681114 
9210023,30.55873015873016 
9220017,30.643312101910826 
9230010,29.854430379746834 
9240027,28.438709677419354 
9250021,34.283076923076926 
9260021,33.27160493827161 
9270014,31.30188679245283 
9280015,32.656346749226 
9290016,34.51692307692308 
9300016,29.142857142857142 
9310012,32.0377358490566 
9320035,26.496774193548386 
9330013,31.02857142857143 
9340005,30.20754716981132 
9350026,30.30817610062893 
9360002,32.205607476635514 
9370028,30.968553459119498 
9380014,29.064102564102566 
9390016,30.271293375394322 
9400015,34.392638036809814 
9410027,31.229813664596275 
9420013,30.563291139240505 
9430005,32.41640378548896 
9440047,33.34153846153846 
9450008,29.993589743589745 
9460034,31.67601246105919 
9470001,28.045307443365697 
9480023,31.90566037735849 
9490005,30.176656151419557 
9500044,29.87936507936508 
9510024,30.476190476190474 
9520041,33.351851851851855 
9530008,28.869009584664536 
9540032,33.092592592592595 
9550033,31.598765432098766 
9560011,29.662420382165607 
9570004,34.104615384615386 
9580013,30.258675078864353 
9590011,35.24012158054711 
9600000,26.35830618892508 
9610018,33.024844720496894 
9620013,30.224358974358974 
9630017,32.27329192546584 
9640017,31.540880503144653 
9650028,35.55287009063444 
9660023,30.379746835443036 
9670011,30.64353312302839 
9680004,29.536507936507938 
9690010,30.71473354231975 
9700045,32.19814241486068 
9710029,32.15141955835962 
9720005,32.55625 
9730013,28.229299363057326 
9740012,31.41692789968652 
9750020,30.107255520504733 
9760007,30.990595611285265 
9770015,33.077399380804955 
9780013,30.38871473354232 
9790022,27.48220064724919 
9800029,30.17721518987342 
9810018,27.642172523961662 
9820006,33.11042944785276 
9830025,30.898089171974522 
9840004,35.15950920245399 
9850002,29.949367088607595 
9860024,32.4797507788162 
9870010,33.932307692307695 
9880021,32.8375 
9890009,30.10828025477707 
9900001,31.14375 
9910015,29.686900958466452 
9920036,35.144578313253014 
9930015,33.87116564417178 
9940006,33.39877300613497 
9950015,36.24848484848485 
9960010,32.267080745341616 
9970010,29.206349206349206 
9980017,27.729032258064517 
9990021,31.009404388714735 
10000025,32.50617283950617 
10010030,33.96341463414634 
10020043,30.769716088328074 
10030001,34.96594427244582 
10040020,33.26769230769231 
10050021,33.358024691358025 
10060000,36.74251497005988 
10070021,33.882716049382715 
10080020,31.6 
10090021,33.02140672782875 
10100010,31.678233438485805 
10110020,33.77708978328173 
10120003,33.024844720496894 
10130026,33.612307692307695 
10140030,32.49068322981366 
10150023,34.297872340425535 
10160016,34.0920245398773 
10170019,32.75925925925926 
10180009,31.925465838509318 
10190013,34.65653495440729 
10200003,32.075471698113205 
10210019,33.747692307692304 
10220038,34.08588957055215 
10230005,32.64375 
10240014,32.31384615384616 
10250010,34.0611620795107 
10260010,32.910216718266255 
10270000,32.893081761006286 
10280041,33.2760736196319 
10290006,31.5 
10300012,29.44871794871795 
10310009,33.1764705882353 
10320001,33.00934579439252 
10330012,33.828220858895705 
10340004,33.45398773006135 
10350007,34.345454545454544 
10360026,32.75 
10370020,35.44144144144144 
10380010,34.23780487804878 
10390020,34.81707317073171 
10400015,31.504702194357368 
10410024,29.75625 
10420014,31.024844720496894 
10430010,28.85079365079365 
10440038,31.78816199376947 
10450047,30.761006289308177 
10460029,32.60436137071651 
10470008,31.91849529780564 
10480002,35.254658385093165 
10490017,31.041009463722396 
10500018,33.72839506172839 
10510039,29.961661341853034 
10520026,35.38414634146341 
10530002,30.43949044585987 
10540016,31.626168224299064 
10550004,34.293577981651374 
10560014,31.717791411042946 
10570024,36.066066066066064 
10580012,31.185185185185187 
10590012,30.5 
10600012,33.364197530864196 
10610024,31.88785046728972 
10620022,33.12 
10630001,29.815873015873017 
10640000,32.95297805642633 
10650028,31.006211180124225 
10660015,30.4875 
10670008,32.81230769230769 
10680003,31.912225705329153 
10690019,31.19242902208202 
10700004,29.0032154340836 
10710010,29.424050632911392 
10720039,31.770897832817337 
10730029,34.96951219512195 
10740004,31.892744479495267 
10750022,36.10149253731343 
10760015,33.22222222222222 
10770030,31.15625 
10780022,34.31707317073171 
10790012,36.6566265060241 
10800004,34.03680981595092 
10810018,33.451219512195124 
10820015,32.38036809815951 
10830015,35.24096385542169 
10840005,33.30246913580247 
10850029,34.504559270516715 
10860014,33.62229102167183 
10870025,33.75535168195719 
10880003,31.71517027863777 
10890018,31.666666666666668 
10900010,35.367781155015194 
10910000,32.36760124610592 
10920009,34.331288343558285 
10930023,31.91849529780564 
10940006,31.7 
10950005,31.900621118012424 
10960002,30.26875 
10970016,32.01234567901235 
10980010,34.59818731117825 
10990034,33.79076923076923 
11000025,35.34346504559271 
11010033,31.3208722741433 
11020019,33.957317073170735 
11030016,33.93827160493827 
11040010,36.01219512195122 
11050012,33.859756097560975 
11060025,33.993920972644375 
11070000,34.184615384615384 
11080023,36.205438066465256 
11090016,30.51572327044025 
11100013,33.5679012345679 
11110018,35.07507507507508 
11120017,33.67901234567901 
11130029,31.2375 
11140018,35.25153374233129 
11150011,29.238709677419354 
11160046,34.006116207951074 
11170019,32.598130841121495 
11180018,31.87538940809969 
11190020,31.49685534591195 
11200016,34.93251533742331 
11210035,33.617283950617285 
11220003,28.05144694533762 
11230027,32.351851851851855 
11240024,29.701587301587303 
11250008,37.15727002967359 
11260013,28.971061093247588 
11270022,33.07361963190184 
11280000,33.54375 
11290038,34.74096385542169 
11300015,32.808777429467085 
11310002,33.424148606811144 
11320025,27.528662420382165 
11330033,34.86060606060606 
11340027,32.03115264797508 
11350003,33.671732522796354 
11360027,32.73065015479876 
11370008,33.43034055727554 
11380027,34.30061349693251 
11390018,31.24375 
11400006,31.84472049689441 
11410010,30.32278481012658 
11420031,32.77160493827161 
11430009,28.593548387096774 
11440025,32.71559633027523 
11450013,32.39628482972136 
11460034,30.39751552795031 
11470009,33.86018237082067 
11480012,33.00917431192661 
11490001,33.08074534161491 
11500002,34.88753799392097 
11510033,28.719745222929937 
11520018,37.43975903614458 
11530003,34.10334346504559 
11540017,32.080495356037154 
11550020,32.996923076923075 
11560022,36.13455657492355 
11570004,34.51963746223565 
11580001,36.67462686567164 
11590004,36.71951219512195 
11600015,34.703363914373085 
11610002,33.3822629969419 
11620016,31.082278481012658 
11630012,36.52225519287834 
11640031,33.85230769230769 
11650011,32.58461538461538 
11660006,32.55384615384615 
11670030,36.2710843373494 
11680036,36.01807228915663 
11690026,37.25373134328358 
11700011,32.49221183800623 
11710006,33.84146341463415 
11720002,32.43125 
11730006,33.82874617737003 
11740016,34.45454545454545 
11750025,30.601880877742946 
11760022,35.88990825688074 
11770029,33.44444444444444 
11780009,32.65432098765432 
11790014,35.940298507462686 
11800003,29.97507788161994 
11810000,34.51963746223565 
11820022,33.97583081570997 
11830001,36.851190476190474 
11840047,31.789473684210527 
11850017,35.0 
11860015,33.70461538461539 
11870014,31.725 
11880013,32.351851851851855 
11890015,35.37951807228916 
11900007,30.525316455696203 
11910023,32.0809968847352 
11920000,34.24691358024691 
11930007,34.374233128834355 
11940011,34.15243902439025 
11950015,33.744680851063826 
11960022,30.489028213166144 
11970029,33.46341463414634 
11980013,33.91384615384615 
11990032,34.03048780487805 
12000027,35.7185628742515 
12010019,34.42201834862385 
12020022,34.723404255319146 
12030023,34.888888888888886 
12040014,32.68730650154799 
12050019,36.041666666666664 
12060015,38.113432835820895 
12070031,34.006079027355625 
12080008,36.38438438438438 
12090006,31.414330218068535 
12100016,31.15625 
12110031,32.6219512195122 
12120015,35.12883435582822 
12130029,32.93292682926829 
12140025,31.851393188854487 
12150003,33.620795107033636 
12160006,29.699059561128525 
12170015,32.744615384615386 
12180012,34.02446483180428 
12190007,36.458333333333336 
12200022,32.52336448598131 
12210005,33.623456790123456 
12220019,31.496894409937887 
12230019,32.36024844720497 
12240018,32.5521472392638 
12250007,31.80185758513932 
12260019,30.270440251572328 
12270018,32.52147239263804 
12280012,31.925696594427244 
12290026,34.426829268292686 
12300043,34.25609756097561 
12310023,31.77570093457944 
12320001,35.23867069486405 
12330021,35.166163141993955 
12340007,33.56307692307692 
12350025,33.701219512195124 
12360008,33.609756097560975 
12370011,34.8 
12380021,35.25679758308157 
12390019,33.49847094801223 
12400006,35.43975903614458 
12410013,34.624242424242425 
12420023,35.3134328358209 
12430022,35.06666666666667 
12440023,35.63030303030303 
12450022,32.644171779141104 
12460013,33.286153846153844 
12470023,34.03669724770642 
12480020,33.36196319018405 
12490008,34.2370820668693 
12500031,32.8821752265861 
12510004,34.89090909090909 
12520002,32.099688473520246 
12530020,32.3416149068323 
12540022,33.12615384615385 
12550002,34.61538461538461 
12560004,33.895384615384614 
12570012,29.981012658227847 
12580018,34.918429003021146 
12590003,36.67664670658683 
12600031,31.28173374613003 
12610010,34.88484848484848 
12620000,33.04615384615385 
12630009,36.89940828402367 
12640047,35.77313432835821 
12650010,32.04375 
12660041,36.16167664670659 
12670010,32.84567901234568 
12680011,32.74074074074074 
12690011,34.57055214723926 
12700005,34.94512195121951 
12710007,35.37278106508876 
12720036,35.51497005988024 
12730008,34.638297872340424 
12740004,35.755223880597015 
12750011,31.41176470588235 
12760011,36.38805970149254 
12770007,35.80722891566265 
12780011,32.01234567901235 
12790001,35.25679758308157 
12800010,34.318042813455655 
12810010,32.92834890965732 
12820014,36.35608308605341 
12830009,33.126934984520126 
12840009,35.9214501510574 
12850029,34.57831325301205 
12860001,32.978193146417446 
12870017,35.789789789789786 
12880020,34.00609756097561 
12890022,31.257142857142856 
12900005,36.205438066465256 
12910027,35.06344410876133 
12920024,32.68711656441718 
12930009,32.03761755485893 
12940041,33.95757575757576 
12950030,37.44578313253012 
12960023,33.03703703703704 
12970007,34.635802469135804 
12980023,37.014749262536874 
12990043,35.60830860534124 
13000003,33.90243902439025 
13010006,36.54819277108434 
13020007,35.48170731707317 
13030013,35.33933933933934 
13040008,35.06024096385542 
13050008,33.16923076923077 
13060022,32.0920245398773 
13070010,33.88414634146341 
13080017,34.36474164133739 
13090010,34.09756097560975 
13100008,33.376543209876544 
13110006,33.52905198776758 
13120014,35.327327327327325 
13130040,33.44 
13140000,36.51651651651652 
13150012,34.02446483180428 
13160024,34.60790273556231 
13170029,36.417910447761194 
13180019,33.93292682926829 
13190024,31.366459627329192 
13200001,33.646341463414636 
13210019,31.541284403669724 
13220027,35.299093655589125 
13230009,37.05044510385757 
13240012,35.963746223564954 
13250021,28.45079365079365 
13260014,35.527272727272724 
13270025,36.0 
13280022,33.760736196319016 
13290023,35.67371601208459 
13300003,35.045592705167174 
13310007,34.32716049382716 
13320027,35.30120481927711 
13330017,32.5077399380805 
13340010,35.99395770392749 
13350007,35.018181818181816 
13360004,35.970238095238095 
13370011,35.44512195121951 
13380002,35.83233532934132 
13390026,30.94080996884735 
13400010,32.74766355140187 
13410001,30.891640866873065 
13420014,36.036144578313255 
13430000,35.161094224924014 
13440006,33.87767584097859 
13450014,35.493975903614455 
13460009,36.325301204819276 
13470000,32.123456790123456 
13480022,37.759530791788855 
13490001,31.88125 
13500022,35.295180722891565 
13510008,37.583333333333336 
13520021,36.668656716417914 
13530008,32.609756097560975 
13540041,34.02431610942249 
13550020,36.65269461077844 
13560025,36.81681681681682 
13570041,35.3993993993994 
13580015,34.73006134969325 
13590010,36.97329376854599 
13600002,33.668711656441715 
13610009,37.24483775811209 
13620039,36.066066066066064 
13630011,35.213213213213216 
13640032,33.78181818181818 
13650009,36.21148036253776 
13660021,34.72782874617737 
13670004,34.16615384615385 
13680000,33.23456790123457 
13690008,35.398809523809526 
13700028,34.36923076923077 
13710021,34.018348623853214 
13720019,36.905325443786985 
13730004,31.806853582554517 
13740016,35.65060240963855 
13750012,34.19335347432024 
13760031,36.2710843373494 
13770032,30.529968454258675 
13780008,33.192546583850934 
13790003,35.49848942598187 
13800033,34.006116207951074 
13810008,36.865671641791046 
13820028,35.07552870090635 
13830006,37.289940828402365 
13840010,33.37003058103976 
13850007,31.833846153846153 
13860011,34.396341463414636 
13870032,31.404388714733543 
13880022,34.66257668711656 
13890019,37.798816568047336 
13900045,32.648148148148145 
13910002,32.69538461538462 
13920041,33.2782874617737 
13930008,32.76543209876543 
13940013,33.323170731707314 
13950017,35.323262839879156 
13960029,33.87155963302752 
13970033,36.36144578313253 
13980001,37.15882352941176 
13990002,30.801242236024844 
14000038,33.574074074074076 
14010003,37.11309523809524 
14020040,36.535714285714285 
14030007,33.35168195718654 
14040024,32.0564263322884 
14050026,35.16969696969697 
14060014,34.130030959752325 
14070002,35.088145896656535 
14080025,33.879154078549846 
14090015,34.33846153846154 
14100007,36.433734939759034 
14110007,32.19814241486068 
14120029,36.08408408408408 
14130015,32.4472049689441 
14140000,34.48170731707317 
14150038,35.567567567567565 
14160032,34.65861027190332 
14170018,36.25903614457831 
14180023,32.074303405572756 
14190034,35.56287425149701 
14200025,35.12990936555891 
14210005,32.61398176291793 
14220015,33.353846153846156 
14230012,33.86666666666667 
14240009,35.274924471299094 
14250017,34.89156626506024 
14260027,32.80864197530864 
14270047,34.7289156626506 
14280014,31.14375 
14290010,34.85885885885886 
14300017,35.7629179331307 
14310015,37.06194690265487 
14320004,37.23809523809524 
14330031,34.1144578313253 
14340010,36.71299093655589 
14350019,34.08459214501511 
14360006,35.86144578313253 
14370009,33.20245398773006 
14380015,36.570570570570574 
14390006,33.79331306990881 
14400009,34.966966966966964 
14410013,36.089020771513354 
14420014,35.6996996996997 
14430001,38.54705882352941 
14440017,34.52279635258358 
14450025,35.16265060240964 
14460006,36.51190476190476 
14470015,35.634730538922156 
14480036,35.420731707317074 
14490017,33.36842105263158 
14500021,33.47239263803681 
14510010,31.501557632398754 
14520026,32.14110429447853 
14530024,37.409356725146196 
14540002,35.396449704142015 
14550006,34.92966360856269 
14560009,34.92215568862275 
14570028,35.84431137724551 
14580017,35.74174174174174 
14590028,31.732919254658384 
14600033,33.96923076923077 
14610003,33.40490797546012 
14620007,35.63855421686747 
14630002,35.59880239520958 
14640011,36.67261904761905 
14650013,33.47400611620795 
14660014,32.59327217125382 
14670005,37.33136094674556 
14680010,36.42857142857143 
14690024,33.88307692307692 
14700040,34.82779456193354 
14710010,35.645645645645644 
14720018,34.1890243902439 
14730020,34.42553191489362 
14740022,33.17791411042945 
14750018,34.27522935779817 
14760004,38.31764705882353 
14770006,36.99109792284867 
14780012,35.32727272727273 
14790010,33.84662576687116 
14800021,32.39252336448598 
14810031,35.5688622754491 
14820016,32.65625 
14830001,31.790123456790123 
14840018,32.08 
14850000,33.668711656441715 
14860000,35.01510574018127 
14870005,36.05421686746988 
14880015,37.455621301775146 
14890009,36.1437125748503 
14900021,34.40490797546012 
14910019,35.504477611940295 
14920003,34.83987915407855 
14930012,33.13312693498452 
14940038,33.56969696969697 
14950002,34.43692307692308 
14960016,31.944615384615386 
14970008,36.376119402985076 
14980036,32.16615384615385 
14990008,34.01219512195122 
15000017,33.390243902439025 
15010022,36.48967551622419 
15020021,32.33742331288344 
15030027,35.549549549549546 
15040007,34.166666666666664 
15050009,33.676829268292686 
15060009,35.33536585365854 
15070006,33.84097859327217 
15080013,37.79228486646884 
15090029,32.66869300911854 
15100028,34.74617737003058 
15110002,34.56534954407295 
15120033,34.38787878787879 
15130018,35.86102719033233 
15140025,36.10746268656717 
15150004,31.900621118012424 
15160008,32.52147239263804 
15170008,36.186186186186184 
15180023,34.58715596330275 
15190030,36.0 
15200005,34.18181818181818 
15210020,37.07964601769911 
15220004,34.29607250755287 
15230035,32.73230769230769 
15240037,35.412121212121214 
15250007,36.44970414201183 
15260016,35.09756097560975 
15270035,34.504559270516715 
15280025,37.952522255192875 
15290003,35.61077844311377 
15300022,33.573170731707314 
15310025,36.896142433234424 
15320038,33.92660550458716 
15330010,34.926829268292686 
15340005,35.0 
15350002,35.95757575757576 
15360011,37.37910447761194 
15370020,36.791666666666664 
15380016,34.993975903614455 
15390035,33.55351681957187 
15400011,36.330330330330334 
15410017,36.113432835820895 
15420023,35.98813056379822 
15430041,34.549253731343285 
15440019,32.61963190184049 
15450010,34.19335347432024 
15460013,35.666666666666664 
15470035,34.638297872340424 
15480003,38.932944606414 
15490022,35.157575757575756 
15500034,33.29012345679013 
15510007,35.36391437308868 
15520041,34.4 
15530018,34.08562691131498 
15540010,36.773809523809526 
15550028,33.537993920972646 
15560028,36.03603603603604 
15570011,36.119760479041915 
15580033,32.148148148148145 
15590005,38.4633431085044 
15600024,35.30538922155689 
15610001,32.387692307692305 
15620023,33.806060606060605 
15630005,35.851190476190474 
15640023,36.62908011869436 
15650004,37.14540059347181 
15660014,35.105740181268885 
15670008,36.32640949554896 
15680017,35.8018018018018 
15690019,34.670694864048336 
15700002,32.55108359133127 
15710023,35.94642857142857 
15720015,34.09118541033435 
15730029,34.52121212121212 
15740004,34.862385321100916 
15750021,33.596330275229356 
15760005,34.493975903614455 
15770020,37.09580838323353 
15780015,35.484848484848484 
15790032,34.624242424242425 
15800015,31.601246105919003 
15810022,33.81325301204819 
15820021,31.32923076923077 
15830029,34.96676737160121 
15840010,34.82779456193354 
15850030,35.963855421686745 
15860030,36.27627627627628 
15870010,35.90909090909091 
15880005,34.559270516717326 
15890026,32.01840490797546 
15900021,35.709969788519636 
15910023,36.55522388059701 
15920034,32.55555555555556 
15930002,34.66261398176292 
15940012,37.035928143712574 
15950004,31.195046439628484 
15960003,35.234042553191486 
15970002,33.23692307692308 
15980028,34.8433734939759 
15990020,35.56363636363636 
16000002,36.95238095238095 
16010008,36.19879518072289 
16020007,34.221538461538465 
16030016,33.113846153846154 
16040025,38.66081871345029 
16050010,35.39393939393939 
16060030,31.11455108359133 
16070003,32.643962848297214 
16080017,35.874251497005986 
16090035,31.133956386292834 
16100016,36.150150150150154 
16110028,35.31927710843374 
16120007,33.6838905775076 
16130016,36.523809523809526 
16140006,37.61904761904762 
16150043,35.40963855421687 
16160017,33.41104294478528 
16170022,32.58358662613982 
16180017,37.514619883040936 
16190010,37.83529411764706 
16200011,33.872727272727275 
16210020,34.443768996960486 
16220019,36.81065088757396 
16230005,35.522658610271904 
16240010,34.25076452599389 
16250001,35.96417910447761 
16260028,35.09365558912387 
16270019,36.49101796407186 
16280026,37.126506024096386 
16290024,31.938837920489295 
16300020,35.56287425149701 
16310011,36.92857142857143 
16320003,33.40181268882175 
16330023,33.00613496932515 
16340001,35.23723723723724 
16350015,36.80118694362018 
16360027,35.8562874251497 
16370018,36.37951807228916 
16380014,37.19642857142857 
16390023,36.622754491017965 
16400013,36.62686567164179 
16410026,36.24698795180723 
16420023,32.809815950920246 
16430020,36.19277108433735 
16440015,33.82262996941896 
16450005,38.588235294117645 
16460003,34.78549848942598 
16470039,31.310344827586206 
16480009,38.83040935672515 
16490019,33.03680981595092 
16500005,37.92307692307692 
16510019,34.1219512195122 
16520023,37.34131736526946 
16530000,35.36555891238671 
16540013,33.86544342507645 
16550005,33.94478527607362 
16560003,38.094395280235986 
16570003,35.09146341463415 
16580014,35.41317365269461 
16590018,33.603658536585364 
16600004,36.71044776119403 
16610011,35.137724550898206 
16620001,38.47507331378299 
16630027,34.72121212121212 
16640016,38.3049853372434 
16650024,33.22222222222222 
16660018,35.17325227963526 
16670009,35.0392749244713 
16680025,37.30746268656716 
16690008,33.7737003058104 
