10000,-19.595 
20000,-19.525 
30000,-19.495 
40000,-19.13 
50000,-19.215 
60000,-19.06 
70000,-19.155 
80000,-19.235 
90000,-19.35 
100000,-19.285 
110000,-19.335 
120000,-19.16 
130000,-19.1 
140000,-18.825 
150000,-18.85 
160000,-18.72 
170000,-18.47 
180000,-18.82 
190047,-18.411940298507464 
200042,-18.355 
210033,-18.452 
220033,-18.275 
230033,-18.04 
240011,-17.931 
250010,-17.843 
260043,-17.622885572139303 
270043,-17.76 
280005,-17.599 
290005,-17.415000000000003 
300005,-17.600000000000005 
310028,-17.458706467661695 
320037,-17.361194029850747 
330037,-17.385 
340037,-17.080000000000005 
350037,-17.340000000000003 
360037,-17.205000000000005 
370037,-17.240000000000006 
380030,-17.141000000000005 
390025,-17.100000000000005 
500005,-16.905000000000005 
510034,-16.764179104477616 
520000,-16.622000000000003 
530028,-16.87164179104478 
540047,-16.73930348258707 
550006,-16.808000000000003 
560026,-16.776119402985078 
570007,-16.502000000000006 
580026,-16.848756218905475 
590008,-16.56616915422886 
600045,-16.884577114427866 
610043,-16.646000000000004 
620040,-16.30443349753695 
630040,-16.805000000000003 
640001,-16.365174129353235 
650016,-16.5771144278607 
660010,-16.595024875621895 
670029,-16.34455445544555 
680048,-16.81393034825871 
690023,-16.24752475247525 
700030,-16.26633663366337 
710038,-16.49850746268657 
720002,-15.860784313725494 
730046,-16.362561576354686 
740013,-16.436815920398015 
750032,-16.43366336633664 
760017,-16.217821782178223 
770043,-16.105418719211826 
780020,-15.90495049504951 
790003,-16.483582089552243 
800040,-16.1960591133005 
810005,-16.04455445544555 
820022,-16.3950495049505 
830043,-16.26305418719212 
840039,-16.325373134328363 
850039,-16.57213930348259 
860033,-16.204926108374387 
870022,-16.293596059113305 
880001,-16.191089108910894 
890014,-16.148768472906408 
900023,-16.0421568627451 
910033,-16.472636815920403 
920006,-16.416000000000004 
930049,-16.38712871287129 
940017,-16.42388059701493 
950024,-16.271287128712878 
960041,-16.370297029702975 
970026,-16.2512315270936 
980013,-16.186206896551727 
990014,-16.041379310344833 
1000016,-16.35544554455446 
1010023,-16.26995073891626 
1020015,-16.32736318407961 
1030044,-16.408910891089114 
1040003,-16.410945273631846 
1050029,-16.333663366336637 
1060013,-16.072277227722775 
1070019,-15.840196078431378 
1080016,-15.994088669950743 
1090010,-15.752941176470593 
1100011,-16.00689655172414 
1110008,-16.11287128712872 
1120019,-15.99211822660099 
1130033,-16.13596059113301 
1140046,-15.814705882352944 
1150004,-15.666009852216753 
1160047,-15.981280788177344 
1170029,-15.729411764705887 
1180019,-15.714285714285719 
1190049,-15.794117647058828 
1200039,-16.124378109452742 
1210045,-15.658823529411768 
1220015,-15.660098522167493 
1230035,-15.691176470588239 
1240002,-15.69852216748769 
1250024,-15.217475728155344 
1260029,-15.837438423645324 
1270025,-16.046305418719218 
1280007,-15.450000000000005 
1290026,-15.180769230769236 
1300002,-15.927722772277233 
1310018,-15.465365853658541 
1320004,-15.717647058823534 
1330033,-15.53463414634147 
1340041,-15.818719211822664 
1350005,-15.143689320388354 
1360038,-15.559223300970878 
1370047,-15.919211822660104 
1380037,-15.378640776699033 
1390005,-15.753465346534657 
1400012,-15.767487684729069 
1410023,-15.873891625615768 
1420004,-15.524137931034488 
1430033,-15.396116504854374 
1440011,-15.327804878048784 
1450004,-15.24975609756098 
1460024,-15.639024390243907 
1470007,-15.422549019607846 
1480020,-15.396097560975614 
1490007,-15.410784313725495 
1500047,-15.300970873786412 
1510009,-14.612560386473435 
1520040,-15.395145631067965 
1530028,-14.957281553398063 
1540016,-14.89468599033817 
1550022,-14.775961538461546 
1560003,-15.335294117647067 
1570041,-15.17572815533981 
1580024,-14.78461538461539 
1590034,-14.684210526315795 
1600023,-14.407619047619054 
1610048,-14.855769230769235 
1620008,-14.719806763285028 
1630049,-14.650961538461546 
1640020,-14.668599033816433 
1650035,-15.156097560975617 
1660014,-15.002898550724645 
1670025,-15.163725490196084 
1680012,-14.69468599033817 
1690018,-14.569230769230776 
1700026,-14.417224880382781 
1710010,-14.380861244019146 
1720010,-14.497607655502396 
1730038,-14.356398104265406 
1740042,-14.1552380952381 
1750016,-14.766183574879234 
1760049,-13.968075117370898 
1770014,-13.914285714285718 
1780016,-14.48212560386474 
1790016,-14.309523809523814 
1800009,-13.863507109004747 
1810019,-13.564814814814818 
1820028,-13.752830188679251 
1830038,-14.233333333333338 
1840025,-13.447663551401874 
1850046,-13.59150943396227 
1860021,-14.047619047619055 
1870007,-13.38504672897197 
1880004,-13.79150943396227 
1890018,-13.768075117370898 
1900026,-14.096190476190483 
1910048,-13.904716981132083 
1920009,-13.127441860465122 
1930033,-14.433492822966514 
1940019,-13.584037558685452 
1950044,-13.143518518518524 
1960035,-12.9925925925926 
1970027,-13.679812206572775 
1980021,-13.397183098591555 
1990049,-13.005504587155968 
2000018,-13.345539906103292 
2010010,-12.930275229357804 
2020013,-12.78433179723503 
2030022,-13.58224299065421 
2040048,-12.896803652968043 
2050024,-13.211162790697681 
2060024,-13.544600938967143 
2070044,-13.023148148148156 
2080002,-12.389041095890418 
2090017,-12.926267281105995 
2100047,-11.442982456140358 
2110013,-12.766820276497702 
2120019,-11.176419213973803 
2130002,-12.441284403669732 
2140042,-12.743119266055052 
2150017,-12.733944954128445 
2160026,-12.092376681614356 
2170010,-12.675576036866365 
2180028,-12.67671232876713 
2190014,-12.837442922374436 
2200017,-13.186976744186053 
2210035,-12.646363636363642 
2220003,-12.940740740740749 
2230046,-12.040888888888896 
2240017,-11.554867256637175 
2250037,-12.072398190045256 
2260017,-11.475555555555562 
2270037,-12.190045248868785 
2280029,-12.415384615384621 
2290014,-11.735426008968618 
2300012,-11.483185840707971 
2310044,-11.46167400881058 
2320049,-11.123348017621153 
2330022,-12.237272727272735 
2340018,-11.779555555555563 
2350037,-11.413100436681228 
2360031,-10.88956521739131 
2370017,-10.953711790393019 
2380032,-10.194915254237293 
2390008,-11.320353982300892 
2400030,-11.213100436681227 
2410035,-10.320512820512825 
2420016,-11.552888888888896 
2430004,-10.721888412017172 
2440044,-11.185022026431724 
2450032,-10.434893617021283 
2460044,-11.528000000000004 
2470030,-10.746320346320353 
2480014,-10.37702127659575 
2490015,-10.01008403361345 
2500010,-10.088983050847464 
2510041,-10.408474576271193 
2520025,-10.767826086956529 
2530012,-10.396581196581204 
2540009,-10.717748917748922 
2550006,-10.05400843881857 
2560037,-10.136134453781517 
2570019,-10.618181818181824 
2580009,-10.995633187772931 
2590029,-9.374485596707824 
2600016,-10.110256410256415 
2610014,-9.92521008403362 
2620027,-10.115254237288143 
2630037,-9.29508196721312 
2640021,-8.969918699186998 
2650011,-9.344262295081974 
2660047,-10.01833333333334 
2670027,-9.512500000000006 
2680016,-9.363485477178429 
2690001,-9.682008368200842 
2700034,-8.79196787148595 
2710017,-9.492500000000007 
2720026,-10.288888888888895 
2730005,-9.421576763485483 
2740038,-9.148360655737712 
2750023,-9.784232365145234 
2760046,-9.323140495867776 
2770011,-8.4417670682731 
2780002,-8.45396825396826 
2790019,-9.898319327731096 
2800027,-8.972580645161297 
2810040,-9.029387755102048 
2820012,-8.43870967741936 
2830035,-9.025306122448985 
2840007,-8.221428571428575 
2850034,-9.09635627530365 
2860025,-8.924696356275309 
2870029,-8.780645161290328 
2880024,-7.843750000000005 
2890005,-8.266403162055342 
2900028,-8.29882352941177 
2910001,-7.953543307086619 
2920030,-8.508433734939764 
2930025,-7.765625000000005 
2940037,-8.058498023715421 
2950031,-7.679230769230774 
2960003,-8.545381526104423 
2970007,-8.056809338521406 
2980020,-8.572800000000006 
2990033,-8.196862745098043 
3000006,-7.646923076923082 
3010006,-7.724137931034488 
3020012,-7.840784313725495 
3030014,-7.7434108527131835 
3040025,-7.289393939393945 
3050010,-7.875486381322962 
3060008,-7.7210727969348705 
3070012,-7.104150943396231 
3080003,-7.733073929961095 
3090025,-7.451711026615974 
3100031,-7.3323076923076975 
3110026,-7.42366412213741 
3120047,-7.271482889733845 
3130020,-6.962878787878793 
3140001,-6.8248120300751935 
3150040,-7.234456928838956 
3160011,-6.666914498141269 
3170010,-7.1163498098859375 
3180012,-7.16528301886793 
3190024,-6.4065454545454585 
3200014,-6.721189591078071 
3210011,-6.831970260223054 
3220000,-6.575735294117652 
3230004,-7.251320754716985 
3240001,-6.681918819188197 
3250031,-6.111913357400726 
3260001,-6.397810218978107 
3270033,-5.780212014134279 
3280009,-6.68044280442805 
3290036,-5.760000000000004 
3300015,-6.720740740740745 
3310042,-6.477205882352946 
3320022,-6.399267399267404 
3330007,-6.660516605166056 
3340000,-6.374358974358978 
3350024,-6.348905109489055 
3360004,-6.4456521739130475 
3370028,-5.804240282685516 
3380046,-5.269655172413797 
3390015,-6.165217391304353 
3400005,-6.2246376811594235 
3410032,-6.04229390681004 
3420000,-6.6014652014652055 
3430026,-7.06119402985075 
3440004,-5.658041958041962 
3450027,-6.179928315412191 
3460017,-6.0642857142857185 
3470023,-5.602797202797206 
3480005,-6.078417266187055 
3490000,-5.5422535211267645 
3500013,-6.065232974910399 
