10000,-196.5 
20000,-196.5 
30000,-194.5 
40000,-193.89999389648438 
50000,-194.89999389648438 
60000,-194.1999969482422 
70000,-194.10000610351562 
80000,-191.6999969482422 
90000,-192.3000030517578 
100000,-192.60000610351562 
110000,-191.5 
120000,-191.8000030517578 
130000,-190.6999969482422 
140000,-190.3000030517578 
150000,-190.39999389648438 
160000,-190.1999969482422 
170000,-189.10000610351562 
180000,-190.60000610351562 
190000,-190.3000030517578 
200000,-188.0 
210000,-188.89999389648438 
220000,-189.3000030517578 
230000,-188.60000610351562 
240000,-188.89999389648438 
250000,-188.1999969482422 
260000,-187.5 
270000,-188.8000030517578 
280000,-186.0 
290016,-187.60000610351562 
300016,-185.60000610351562 
310048,-181.72000122070312 
320048,-185.5 
330048,-184.89999389648438 
340048,-183.10000610351562 
350048,-184.1999969482422 
360048,-185.0 
370048,-182.0 
380048,-182.5 
390048,-181.39999389648438 
400048,-180.8000030517578 
410048,-180.39999389648438 
420022,-176.36000061035156 
430022,-180.3000030517578 
440022,-180.6999969482422 
450022,-179.5 
460022,-179.8000030517578 
470007,-180.5 
480028,-179.60000610351562 
490028,-178.89999389648438 
500028,-177.3000030517578 
510008,-177.86000061035156 
520008,-177.10000610351562 
530008,-177.39999389648438 
540039,-174.83999633789062 
550039,-178.10000610351562 
560039,-176.3000030517578 
570039,-178.60000610351562 
580039,-178.10000610351562 
590014,-174.60000610351562 
600014,-175.89999389648438 
610014,-178.0 
620014,-177.39999389648438 
630014,-174.3000030517578 
640014,-178.5 
650009,-174.5 
660009,-175.6999969482422 
670009,-175.10000610351562 
680009,-174.1999969482422 
690004,-173.39999389648438 
700004,-174.6999969482422 
710004,-173.10000610351562 
720004,-174.5 
730049,-173.60000610351562 
740023,-173.44000244140625 
750023,-175.0 
760016,-173.1199951171875 
770049,-171.77999877929688 
780036,-172.1999969482422 
790047,-171.75999450683594 
800015,-172.0399932861328 
810015,-175.39999389648438 
820015,-175.60000610351562 
830036,-174.0 
840005,-172.4199981689453 
850035,-171.5 
860007,-171.47999572753906 
870039,-171.77999877929688 
880039,-171.89999389648438 
890039,-173.1999969482422 
900039,-172.1999969482422 
910039,-171.60000610351562 
920039,-172.10000610351562 
930035,-171.6999969482422 
940035,-170.6999969482422 
950035,-172.60000610351562 
960035,-172.6999969482422 
970023,-168.82000732421875 
980023,-173.5 
990023,-171.6999969482422 
1000009,-170.24000549316406 
1010027,-166.72000122070312 
1020027,-173.1999969482422 
1030025,-168.02000427246094 
1040005,-168.3000030517578 
1050034,-170.8000030517578 
1060034,-172.89999389648438 
1070034,-168.1999969482422 
1080034,-169.3000030517578 
1090018,-171.10000610351562 
1100018,-170.3000030517578 
1110048,-168.75999450683594 
1120028,-168.89999389648438 
1130028,-169.39999389648438 
1140003,-167.72000122070312 
1150041,-169.22000122070312 
1160041,-171.39999389648438 
1170038,-168.1999969482422 
1180047,-168.44000244140625 
1190047,-170.10000610351562 
1200047,-167.5 
1210034,-168.5800018310547 
1220013,-167.4199981689453 
1230004,-167.94000244140625 
1240049,-167.60000610351562 
1250026,-167.1999969482422 
1260007,-165.63999938964844 
1270020,-163.89999389648438 
1280033,-165.6999969482422 
1290020,-169.5 
1300019,-165.75999450683594 
1310038,-165.74000549316406 
1320038,-168.0 
1330010,-168.16000366210938 
1340010,-168.0 
1350029,-166.89999389648438 
1360018,-169.89999389648438 
1370018,-169.89999389648438 
1380048,-166.4600067138672 
1390023,-165.97999572753906 
1400029,-169.8000030517578 
1410025,-169.72000122070312 
1420041,-167.55999755859375 
1430041,-167.10000610351562 
1440041,-169.1999969482422 
1450004,-166.47999572753906 
1460033,-164.8000030517578 
1470031,-167.36000061035156 
1480043,-160.9199981689453 
1490007,-165.82000732421875 
1500003,-161.83999633789062 
1510003,-169.5 
1520029,-162.82000732421875 
1530003,-165.17999267578125 
1540043,-164.16000366210938 
1550004,-161.5399932861328 
1560038,-162.77999877929688 
1570010,-166.0399932861328 
1580012,-160.77999877929688 
1590028,-163.5800018310547 
1600025,-164.1199951171875 
1610024,-166.60000610351562 
1620041,-164.5800018310547 
1630037,-167.39999389648438 
1640038,-163.9199981689453 
1650007,-166.5800018310547 
1660025,-168.60000610351562 
1670012,-163.44000244140625 
1680004,-158.5800018310547 
1690043,-161.0 
1700034,-160.22000122070312 
1710019,-160.36000061035156 
1720002,-163.1199951171875 
1730039,-157.0800018310547 
1740002,-164.39999389648438 
1750003,-156.16000366210938 
1760031,-161.77999877929688 
1770009,-166.77999877929688 
1780017,-160.3800048828125 
1790003,-157.0800018310547 
1800043,-161.3800048828125 
1810038,-155.1999969482422 
1820001,-157.8800048828125 
1830048,-155.8800048828125 
1840025,-155.75999450683594 
1850017,-167.60000610351562 
1860022,-162.6199951171875 
1870033,-162.6199951171875 
1880002,-157.6199951171875 
1890049,-165.3800048828125 
1900035,-154.82000732421875 
1910046,-160.10000610351562 
1920021,-162.74000549316406 
1930029,-161.66000366210938 
1940015,-157.75999450683594 
1950012,-155.0 
1960018,-153.10000610351562 
1970027,-156.36000061035156 
1980042,-155.75999450683594 
1990031,-160.6199951171875 
2000038,-154.6999969482422 
2010045,-158.16000366210938 
2020007,-153.0399932861328 
2030007,-144.05999755859375 
2040024,-153.55999755859375 
2050032,-155.22000122070312 
2060024,-155.8000030517578 
2070000,-146.05999755859375 
2080013,-158.16000366210938 
2090016,-153.5800018310547 
2100033,-154.3000030517578 
2110019,-159.0800018310547 
2120035,-146.74000549316406 
2130016,-144.10000610351562 
2140025,-143.6999969482422 
2150045,-153.52000427246094 
2160001,-155.24000549316406 
2170030,-154.83999633789062 
2180027,-139.72000122070312 
2190039,-150.39999389648438 
2200020,-148.1999969482422 
2210005,-148.82000732421875 
2220021,-142.94000244140625 
2230034,-143.52000427246094 
2240000,-142.4600067138672 
2250000,-143.16000366210938 
2260019,-149.44000244140625 
2270027,-149.13999938964844 
2280000,-141.94000244140625 
2290017,-156.83999633789062 
2300012,-145.10000610351562 
2310015,-155.55999755859375 
2320006,-153.5399932861328 
2330013,-146.02000427246094 
2340033,-153.4600067138672 
2350033,-141.10000610351562 
2360026,-153.9600067138672 
2370039,-134.16000366210938 
2380018,-153.74000549316406 
2390048,-157.97999572753906 
2400019,-147.67999267578125 
2410036,-147.05999755859375 
2420031,-130.83999633789062 
2430007,-141.22000122070312 
2440025,-136.74000549316406 
2450043,-142.8000030517578 
2460002,-133.47999572753906 
2470019,-134.13999938964844 
2480003,-135.83999633789062 
2490001,-143.33999633789062 
2500004,-144.4600067138672 
2510006,-137.67999267578125 
2520044,-133.36000061035156 
2530048,-139.9199981689453 
2540032,-125.33999633789062 
2550031,-133.8800048828125 
2560041,-133.3000030517578 
2570023,-143.1199951171875 
2580040,-139.36000061035156 
2590010,-117.4800033569336 
2600037,-129.72000122070312 
2610017,-140.5399932861328 
2620034,-133.44000244140625 
2630025,-142.72000122070312 
2640036,-123.45999908447266 
2650049,-141.5800018310547 
2660042,-129.8800048828125 
2670021,-133.33999633789062 
2680035,-130.47999572753906 
2690036,-120.33999633789062 
2700000,-124.5999984741211 
2710014,-123.08000183105469 
2720013,-136.5800018310547 
2730041,-126.23999786376953 
2740014,-135.5800018310547 
2750049,-126.73999786376953 
2760008,-114.0999984741211 
2770040,-132.47999572753906 
2780005,-114.41999816894531 
2790040,-135.24000549316406 
2800010,-133.05999755859375 
2810020,-128.1199951171875 
2820015,-112.80000305175781 
2830028,-112.37999725341797 
2840032,-120.0 
2850046,-134.1999969482422 
2860015,-120.80000305175781 
2870004,-108.33999633789062 
2880032,-128.3000030517578 
2890048,-119.69999694824219 
2900027,-122.05999755859375 
2910024,-121.58000183105469 
2920013,-95.58000183105469 
2930010,-107.83999633789062 
2940007,-120.69999694824219 
2950037,-107.36000061035156 
2960009,-113.58000183105469 
2970042,-105.62000274658203 
2980016,-115.5199966430664 
2990031,-115.80000305175781 
3000032,-99.91999816894531 
3010000,-106.12000274658203 
3020037,-98.63999938964844 
3030001,-114.87999725341797 
3040044,-105.13999938964844 
3050028,-99.4800033569336 
3060031,-100.30000305175781 
3070011,-90.58000183105469 
3080034,-115.12000274658203 
3090020,-84.54000091552734 
3100029,-104.4800033569336 
3110027,-107.95999908447266 
3120028,-84.81999969482422 
3130045,-95.73999786376953 
3140013,-101.9800033569336 
3150009,-105.31999969482422 
3160036,-84.55999755859375 
3170002,-92.16000366210938 
3180045,-91.05999755859375 
3190008,-86.05999755859375 
3200042,-89.36000061035156 
3210049,-87.73999786376953 
3220008,-80.0 
3230005,-99.81999969482422 
3240012,-89.68000030517578 
3250044,-91.86000061035156 
3260028,-101.94000244140625 
3270009,-87.22000122070312 
3280001,-72.5999984741211 
3290003,-94.69999694824219 
3300024,-82.12000274658203 
3310025,-96.12000274658203 
3320023,-98.23999786376953 
3330009,-78.18000030517578 
3340000,-97.87999725341797 
3350011,-89.22000122070312 
3360043,-85.63999938964844 
3370002,-103.4800033569336 
3380028,-91.08000183105469 
3390011,-84.19999694824219 
3400018,-98.0999984741211 
3410019,-71.77999877929688 
3420049,-84.22000122070312 
3430039,-90.31999969482422 
3440014,-90.37999725341797 
3450036,-88.0999984741211 
3460035,-105.91999816894531 
3470017,-79.4000015258789 
3480011,-100.31999969482422 
3490022,-98.31999969482422 
3500012,-89.08000183105469 
3510020,-102.31999969482422 
3520040,-95.94000244140625 
3530042,-111.83999633789062 
3540046,-95.30000305175781 
3550046,-88.9000015258789 
3560016,-96.81999969482422 
3570013,-104.45999908447266 
3580004,-98.16000366210938 
3590038,-91.36000061035156 
3600041,-109.69999694824219 
3610004,-109.58000183105469 
3620009,-91.33999633789062 
3630042,-94.9000015258789 
3640045,-104.73999786376953 
3650026,-108.05999755859375 
3660042,-91.62000274658203 
3670001,-103.87999725341797 
3680018,-110.5 
3690006,-103.63999938964844 
3700034,-99.55999755859375 
3710021,-102.95999908447266 
3720020,-92.22000122070312 
3730039,-109.22000122070312 
3740010,-101.0199966430664 
3750035,-115.54000091552734 
3760031,-94.68000030517578 
3770003,-97.58000183105469 
3780003,-94.69999694824219 
3790037,-105.91999816894531 
3800037,-101.68000030517578 
3810040,-85.04000091552734 
3820015,-108.69999694824219 
3830048,-110.0999984741211 
3840010,-88.26000213623047 
3850047,-98.4000015258789 
3860033,-85.5199966430664 
3870014,-96.9800033569336 
3880018,-98.54000091552734 
3890008,-106.76000213623047 
3900025,-105.5 
3910047,-91.31999969482422 
3920024,-86.55999755859375 
3930020,-109.05999755859375 
3940013,-79.9800033569336 
3950004,-100.36000061035156 
3960028,-98.76000213623047 
3970004,-84.95999908447266 
3980043,-103.81999969482422 
3990041,-105.62000274658203 
4000002,-84.5999984741211 
4010009,-99.9800033569336 
4020001,-81.23999786376953 
4030042,-83.91999816894531 
4040047,-87.80000305175781 
4050028,-92.41999816894531 
4060020,-83.0999984741211 
4070007,-74.91999816894531 
4080014,-98.77999877929688 
4090015,-78.33999633789062 
4100025,-102.54000091552734 
4110017,-87.87999725341797 
4120040,-73.30000305175781 
4130002,-77.58000183105469 
4140023,-67.04000091552734 
4150017,-89.54000091552734 
4160035,-86.81999969482422 
4170003,-82.4800033569336 
4180043,-81.9000015258789 
4190013,-61.86000061035156 
4200002,-55.02000045776367 
4210048,-89.13999938964844 
4220033,-70.33999633789062 
4230021,-79.36000061035156 
4240039,-78.31999969482422 
4250046,-53.36000061035156 
4260011,-74.94000244140625 
4270001,-41.02000045776367 
4280034,-61.2400016784668 
4290004,-70.83999633789062 
4300000,-68.45999908447266 
4310043,-92.81999969482422 
4320034,-64.23999786376953 
4330013,-72.4000015258789 
4340001,-70.66000366210938 
4350001,-70.91999816894531 
4360019,-68.16000366210938 
4370014,-65.77999877929688 
4380013,-66.30000305175781 
4390037,-60.560001373291016 
4400013,-83.16000366210938 
4410048,-51.060001373291016 
4420010,-40.560001373291016 
4430010,-37.439998626708984 
4440023,-53.84000015258789 
4450045,-56.619998931884766 
4460010,-66.9800033569336 
4470001,-57.18000030517578 
4480046,-49.779998779296875 
4490020,-69.23999786376953 
4500009,-64.94000244140625 
4510041,-54.29999923706055 
4520023,-64.12000274658203 
4530000,-51.7599983215332 
4540013,-72.22000122070312 
4550009,-67.91999816894531 
4560022,-52.65999984741211 
4570004,-46.58000183105469 
4580001,-59.52000045776367 
4590004,-52.65999984741211 
4600010,-46.5 
4610010,-60.040000915527344 
4620045,-53.18000030517578 
4630001,-56.279998779296875 
4640029,-77.4000015258789 
4650000,-61.2599983215332 
4660040,-64.44000244140625 
4670039,-52.91999816894531 
4680043,-48.18000030517578 
4690033,-59.099998474121094 
4700013,-70.5 
4710035,-48.900001525878906 
4720048,-93.37999725341797 
4730044,-67.83999633789062 
4740012,-63.47999954223633 
4750011,-87.91999816894531 
4760036,-67.95999908447266 
4770036,-77.68000030517578 
4780039,-91.27999877929688 
4790025,-70.13999938964844 
4800002,-44.7599983215332 
4810014,-81.26000213623047 
4820042,-70.31999969482422 
4830043,-76.72000122070312 
4840048,-66.73999786376953 
4850000,-70.5999984741211 
4860014,-59.20000076293945 
4870021,-63.099998474121094 
4880022,-79.73999786376953 
4890022,-71.9000015258789 
4900014,-78.81999969482422 
4910030,-65.4000015258789 
4920014,-62.400001525878906 
4930004,-83.95999908447266 
4940035,-61.31999969482422 
4950014,-51.2599983215332 
4960002,-64.58000183105469 
4970014,-73.27999877929688 
4980011,-84.27999877929688 
4990006,-79.22000122070312 
5000025,-64.62000274658203 
5010009,-85.72000122070312 
5020027,-72.62000274658203 
5030048,-89.19999694824219 
5040018,-69.80000305175781 
5050032,-90.26000213623047 
5060022,-94.76000213623047 
5070019,-82.30000305175781 
5080000,-91.45999908447266 
5090016,-86.0 
5100006,-84.23999786376953 
5110018,-75.41999816894531 
5120032,-66.19999694824219 
5130011,-78.26000213623047 
5140000,-54.52000045776367 
5150008,-70.33999633789062 
5160022,-74.77999877929688 
5170034,-78.31999969482422 
5180003,-76.18000030517578 
5190010,-67.87999725341797 
5200009,-85.05999755859375 
5210001,-69.58000183105469 
5220031,-77.9000015258789 
5230004,-61.720001220703125 
5240018,-59.400001525878906 
5250039,-63.900001525878906 
5260042,-65.5999984741211 
5270002,-52.79999923706055 
5280025,-68.62000274658203 
5290025,-66.13999938964844 
5300046,-61.880001068115234 
5310032,-52.599998474121094 
5320025,-59.52000045776367 
5330000,-75.80000305175781 
5340040,-34.63999938964844 
5350010,-46.880001068115234 
5360041,-47.68000030517578 
5370023,-76.18000030517578 
5380023,-41.220001220703125 
5390043,-53.65999984741211 
5400006,-32.2599983215332 
5410043,-49.02000045776367 
5420032,-61.619998931884766 
5430038,-50.380001068115234 
5440002,-32.279998779296875 
5450017,-44.2400016784668 
5460035,-39.15999984741211 
5470035,-48.880001068115234 
5480014,-43.119998931884766 
5490009,-50.880001068115234 
5500023,-72.77999877929688 
5510018,-33.880001068115234 
5520021,-51.060001373291016 
5530000,-48.220001220703125 
5540009,-58.720001220703125 
5550025,-71.0999984741211 
5560031,-35.279998779296875 
5570044,-45.459999084472656 
5580004,-31.959999084472656 
5590024,-27.639999389648438 
5600008,-36.619998931884766 
5610042,-41.900001525878906 
5620020,-24.280000686645508 
5630048,-57.599998474121094 
5640011,-43.63999938964844 
5650005,-43.060001373291016 
5660021,-51.52000045776367 
5670011,-37.099998474121094 
5680019,-43.720001220703125 
5690021,-38.560001373291016 
5700033,-46.279998779296875 
5710004,-34.540000915527344 
5720013,-40.2599983215332 
5730010,-55.29999923706055 
5740016,-33.52000045776367 
5750000,-31.34000015258789 
5760000,-41.380001068115234 
5770018,-40.119998931884766 
5780007,-46.939998626708984 
5790031,-46.959999084472656 
5800047,-49.15999984741211 
5810030,-45.31999969482422 
5820012,-52.119998931884766 
5830017,-34.81999969482422 
5840004,-46.34000015258789 
5850023,-41.0 
5860020,-43.65999984741211 
5870033,-43.86000061035156 
5880026,-34.959999084472656 
5890040,-38.68000030517578 
5900023,-44.2400016784668 
5910004,-47.779998779296875 
5920010,-49.2400016784668 
5930028,-58.380001068115234 
5940010,-37.939998626708984 
5950002,-53.119998931884766 
5960010,-32.81999969482422 
5970016,-49.099998474121094 
5980016,-37.91999816894531 
5990017,-50.2599983215332 
6000005,-47.040000915527344 
6010006,-46.20000076293945 
6020021,-30.920000076293945 
6030034,-45.36000061035156 
6040016,-24.239999771118164 
6050037,-50.52000045776367 
6060032,-45.81999969482422 
6070022,-41.880001068115234 
6080002,-31.920000076293945 
6090018,-23.280000686645508 
6100012,-43.060001373291016 
6110041,-42.2599983215332 
6120000,-46.939998626708984 
6130014,-31.84000015258789 
6140003,-48.040000915527344 
6150007,-35.52000045776367 
6160032,-60.119998931884766 
6170011,-45.47999954223633 
6180031,-52.060001373291016 
6190029,-41.439998626708984 
6200024,-42.939998626708984 
6210011,-33.70000076293945 
6220045,-38.720001220703125 
6230022,-49.18000030517578 
6240018,-37.13999938964844 
6250000,-56.599998474121094 
6260038,-49.81999969482422 
6270019,-43.97999954223633 
6280013,-39.84000015258789 
6290010,-39.119998931884766 
6300017,-59.279998779296875 
6310003,-50.13999938964844 
6320025,-54.5 
6330037,-34.84000015258789 
6340021,-31.440000534057617 
6350037,-45.08000183105469 
6360011,-56.7400016784668 
6370011,-58.2400016784668 
6380010,-37.5 
6390037,-47.220001220703125 
6400032,-50.900001525878906 
6410008,-48.220001220703125 
6420016,-45.900001525878906 
6430029,-57.52000045776367 
6440026,-29.739999771118164 
6450014,-50.68000030517578 
6460033,-46.47999954223633 
6470011,-46.540000915527344 
6480018,-55.65999984741211 
6490033,-25.239999771118164 
6500022,-34.540000915527344 
6510002,-47.91999816894531 
6520031,-46.0 
6530001,-30.280000686645508 
6540006,-29.739999771118164 
6550033,-51.58000183105469 
6560010,-39.34000015258789 
6570001,-23.479999542236328 
6580015,-22.100000381469727 
6590005,-19.860000610351562 
6600019,-33.2599983215332 
6610009,-35.439998626708984 
6620010,-27.6200008392334 
6630012,-45.7400016784668 
6640043,-24.5 
6650025,-31.260000228881836 
6660021,-32.880001068115234 
6670023,-34.2599983215332 
6680017,-26.219999313354492 
6690016,-4.320000171661377 
6700004,-24.600000381469727 
6710004,-22.719999313354492 
6720004,2.5 
6730005,-29.459999084472656 
6740018,-25.68000030517578 
6750007,-10.0600004196167 
6760010,-19.559999465942383 
6770000,-38.02000045776367 
6780016,-27.239999771118164 
6790001,-28.84000015258789 
6800031,-17.260000228881836 
6810025,-13.460000038146973 
6820005,-19.239999771118164 
6830048,-38.58000183105469 
6840029,-13.100000381469727 
6850034,-29.059999465942383 
6860012,-46.97999954223633 
6870018,-22.899999618530273 
6880026,-10.4399995803833 
6890003,-41.18000030517578 
6900007,-20.260000228881836 
6910043,-31.18000030517578 
6920031,-36.040000915527344 
6930017,-20.3799991607666 
6940042,-34.41999816894531 
6950012,-19.639999389648438 
6960040,-22.139999389648438 
6970019,-33.70000076293945 
6980043,-33.65999984741211 
6990029,-21.1200008392334 
7000014,-22.18000030517578 
7010048,-18.700000762939453 
7020038,-25.700000762939453 
7030004,-28.6200008392334 
7040018,-20.299999237060547 
7050014,-13.65999984741211 
7060029,-33.18000030517578 
7070001,-10.539999961853027 
7080011,-27.059999465942383 
7090030,-27.5 
7100006,-50.47999954223633 
7110025,-22.959999084472656 
7120000,-20.440000534057617 
7130015,-18.440000534057617 
7140021,-25.5 
7150020,-41.5 
7160019,-14.539999961853027 
7170039,-10.779999732971191 
7180025,-28.639999389648438 
7190007,-29.299999237060547 
7200001,-21.899999618530273 
7210012,-24.5 
7220015,-21.540000915527344 
7230023,-25.239999771118164 
7240041,-19.959999084472656 
7250041,-26.719999313354492 
7260005,-27.239999771118164 
7270017,-28.540000915527344 
7280041,1.0399999618530273 
7290011,-8.979999542236328 
7300003,-23.15999984741211 
7310031,-21.979999542236328 
7320013,-37.20000076293945 
7330012,-33.31999969482422 
7340020,-23.799999237060547 
7350045,-12.199999809265137 
7360016,-22.020000457763672 
7370020,-28.5 
7380008,-26.520000457763672 
7390004,-16.360000610351562 
7400016,-13.680000305175781 
7410013,-16.760000228881836 
7420039,-33.70000076293945 
7430010,-25.1200008392334 
7440019,-40.2400016784668 
7450049,-21.239999771118164 
7460022,-31.31999969482422 
7470034,-36.060001373291016 
7480014,-44.7599983215332 
7490007,-21.799999237060547 
7500014,-38.91999816894531 
7510004,-53.70000076293945 
7520031,-43.52000045776367 
7530008,-20.31999969482422 
7540003,-20.18000030517578 
7550009,-33.52000045776367 
7560022,-37.279998779296875 
7570015,-18.8799991607666 
7580025,-9.859999656677246 
7590046,-41.02000045776367 
7600030,-39.63999938964844 
7610029,-19.31999969482422 
7620007,-32.2599983215332 
7630011,-20.040000915527344 
7640016,-29.040000915527344 
7650021,-36.040000915527344 
7660021,-41.279998779296875 
7670044,-28.5 
7680022,-22.459999084472656 
7690020,-33.81999969482422 
7700018,-13.279999732971191 
7710002,-36.20000076293945 
7720003,-26.299999237060547 
7730027,-37.5 
7740038,-29.479999542236328 
7750013,-42.36000061035156 
7760018,-30.079999923706055 
7770031,-18.739999771118164 
7780002,-41.959999084472656 
7790001,-44.36000061035156 
7800005,-38.20000076293945 
7810009,-29.5 
7820019,-35.13999938964844 
7830033,-24.059999465942383 
7840033,-13.100000381469727 
7850017,-24.459999084472656 
7860022,-31.100000381469727 
7870009,-33.939998626708984 
7880026,-21.440000534057617 
7890011,-18.299999237060547 
7900008,-26.780000686645508 
7910009,-20.940000534057617 
7920020,-9.739999771118164 
7930004,-22.299999237060547 
7940015,-16.459999084472656 
7950003,-12.899999618530273 
7960033,-31.719999313354492 
7970049,-17.8799991607666 
7980028,-32.119998931884766 
7990017,-6.239999771118164 
8000037,-18.479999542236328 
8010013,-14.399999618530273 
8020043,-31.280000686645508 
8030008,-21.15999984741211 
8040001,-16.260000228881836 
8050025,-20.65999984741211 
8060013,-42.15999984741211 
8070024,3.819999933242798 
8080033,3.359999895095825 
8090019,-5.460000038146973 
8100002,-12.960000038146973 
8110035,-33.2400016784668 
8120013,-8.819999694824219 
8130033,-4.639999866485596 
8140039,-12.720000267028809 
8150029,-28.3799991607666 
8160009,-25.020000457763672 
8170026,-15.119999885559082 
8180016,-5.480000019073486 
8190002,-14.880000114440918 
8200014,-4.28000020980835 
8210034,-11.140000343322754 
8220009,-4.019999980926514 
8230010,-21.219999313354492 
8240001,-11.579999923706055 
8250046,-7.960000038146973 
8260025,-12.920000076293945 
8270014,-15.199999809265137 
8280006,-29.899999618530273 
8290024,-25.8799991607666 
8300017,5.079999923706055 
8310049,-4.579999923706055 
8320040,-16.440000534057617 
8330017,-12.960000038146973 
8340004,-5.960000038146973 
8350041,-18.639999389648438 
8360011,-13.779999732971191 
8370029,-16.84000015258789 
8380019,-0.5600000023841858 
8390040,-12.15999984741211 
8400023,-26.739999771118164 
8410010,-11.359999656677246 
8420044,-16.799999237060547 
8430010,-0.800000011920929 
8440002,-25.1200008392334 
8450002,-6.059999942779541 
8460016,-16.739999771118164 
8470031,-15.199999809265137 
8480013,-14.140000343322754 
8490029,-23.68000030517578 
8500011,-22.780000686645508 
8510024,-20.040000915527344 
8520021,-8.479999542236328 
8530011,-12.619999885559082 
8540016,3.4200000762939453 
8550030,-13.979999542236328 
8560046,-14.960000038146973 
8570013,-17.280000686645508 
8580014,-23.920000076293945 
8590028,-19.540000915527344 
8600007,-20.399999618530273 
8610010,-24.780000686645508 
8620013,-33.41999816894531 
8630017,-35.20000076293945 
8640028,-31.959999084472656 
8650012,-18.440000534057617 
8660020,-26.8799991607666 
8670015,-23.139999389648438 
8680013,-48.779998779296875 
8690024,-21.280000686645508 
8700006,-24.479999542236328 
8710016,-18.68000030517578 
8720030,-44.099998474121094 
8730013,-33.540000915527344 
8740014,-22.6200008392334 
8750033,-17.799999237060547 
8760017,-21.100000381469727 
8770018,-27.780000686645508 
8780008,-19.940000534057617 
8790009,-37.099998474121094 
8800000,-8.619999885559082 
8810011,-36.220001220703125 
8820009,-47.15999984741211 
8830042,-39.84000015258789 
8840012,-13.199999809265137 
8850000,-40.099998474121094 
8860032,-27.059999465942383 
8870007,-11.800000190734863 
8880026,-15.680000305175781 
8890004,-16.540000915527344 
8900023,-12.920000076293945 
8910046,-17.059999465942383 
8920005,-17.100000381469727 
8930049,-16.1200008392334 
8940027,-30.639999389648438 
8950001,-28.600000381469727 
8960002,-11.119999885559082 
8970025,-10.15999984741211 
8980027,-17.219999313354492 
8990014,-13.520000457763672 
9000008,-15.800000190734863 
9010002,5.420000076293945 
9020010,-27.0 
9030028,-19.899999618530273 
9040023,-3.9800000190734863 
9050006,-21.020000457763672 
9060017,-27.940000534057617 
9070037,-35.400001525878906 
9080014,-16.959999084472656 
9090003,-6.260000228881836 
9100003,-10.779999732971191 
9110025,-32.70000076293945 
9120025,-5.679999828338623 
9130007,-16.420000076293945 
9140019,-11.300000190734863 
9150042,-7.260000228881836 
9160030,-15.119999885559082 
9170017,-24.18000030517578 
9180013,-23.979999542236328 
9190014,-27.559999465942383 
9200039,-28.219999313354492 
9210009,-6.840000152587891 
9220009,-20.540000915527344 
9230019,-8.039999961853027 
9240035,-15.84000015258789 
9250004,-12.960000038146973 
9260019,-15.180000305175781 
9270013,-22.420000076293945 
9280010,-28.579999923706055 
9290021,-18.059999465942383 
9300000,-17.799999237060547 
9310035,-18.959999084472656 
9320002,-25.440000534057617 
9330020,-9.640000343322754 
9340021,-1.5 
9350006,-21.600000381469727 
9360004,-23.899999618530273 
9370001,-20.979999542236328 
9380010,-18.8799991607666 
9390002,-9.34000015258789 
9400001,9.720000267028809 
9410027,-22.600000381469727 
9420023,-11.479999542236328 
9430008,-7.0 
9440042,-18.440000534057617 
9450011,-6.059999942779541 
9460004,-11.600000381469727 
9470004,-14.9399995803833 
9480001,-7.539999961853027 
9490002,0.2800000011920929 
9500017,-7.78000020980835 
9510006,-5.920000076293945 
9520026,-6.159999847412109 
9530000,-23.079999923706055 
9540015,-16.239999771118164 
9550000,-12.720000267028809 
9560006,-3.4600000381469727 
9570019,-5.079999923706055 
9580044,-12.899999618530273 
9590049,-12.920000076293945 
9600014,-5.079999923706055 
9610024,-16.200000762939453 
9620007,-15.039999961853027 
9630004,-11.420000076293945 
9640039,-14.699999809265137 
9650035,-13.5 
9660036,0.5199999809265137 
9670016,-9.34000015258789 
9680002,-17.639999389648438 
9690000,-3.319999933242798 
9700026,-6.840000152587891 
9710009,-3.5 
9720000,-25.920000076293945 
9730009,-29.68000030517578 
9740007,-14.760000228881836 
9750017,-25.540000915527344 
9760021,-16.1200008392334 
9770012,-22.780000686645508 
9780038,-29.979999542236328 
9790022,-27.860000610351562 
9800019,-22.979999542236328 
9810008,-12.979999542236328 
9820016,-37.060001373291016 
9830018,-25.920000076293945 
9840006,-11.819999694824219 
9850040,-23.0 
9860000,-13.5600004196167 
9870013,-23.34000015258789 
9880020,-26.3799991607666 
9890015,-30.239999771118164 
9900016,-15.779999732971191 
9910021,-10.800000190734863 
9920034,-27.040000915527344 
9930016,-21.15999984741211 
9940044,-21.600000381469727 
9950013,-31.540000915527344 
9960037,-22.739999771118164 
9970008,-27.15999984741211 
9980015,-30.6200008392334 
9990028,-18.700000762939453 
10000031,-27.020000457763672 
10010002,-40.779998779296875 
10020018,-12.15999984741211 
10030049,-41.18000030517578 
10040046,-29.760000228881836 
10050006,-14.199999809265137 
10060028,-13.199999809265137 
10070019,-20.139999389648438 
10080011,-19.079999923706055 
10090001,-6.239999771118164 
10100019,-23.239999771118164 
10110008,-21.8799991607666 
10120042,-31.65999984741211 
10130009,-16.81999969482422 
10140016,0.41999998688697815 
10150006,-29.68000030517578 
10160007,-25.899999618530273 
10170023,-15.020000457763672 
10180014,-14.699999809265137 
10190008,-15.239999771118164 
10200006,-24.959999084472656 
10210022,-22.760000228881836 
10220014,-22.559999465942383 
10230011,-5.119999885559082 
10240008,-18.780000686645508 
10250014,-13.260000228881836 
10260012,-11.220000267028809 
10270032,-21.15999984741211 
10280004,-8.760000228881836 
10290038,-22.239999771118164 
10300031,-3.740000009536743 
10310037,-11.0600004196167 
10320014,-11.359999656677246 
10330023,0.7799999713897705 
10340000,-4.119999885559082 
10350018,-18.81999969482422 
10360007,-6.199999809265137 
10370009,-0.2800000011920929 
10380009,-21.920000076293945 
10390006,-11.699999809265137 
10400013,-22.34000015258789 
10410047,-26.059999465942383 
10420011,2.680000066757202 
10430037,-28.459999084472656 
10440029,-8.739999771118164 
10450024,-17.780000686645508 
10460000,-14.279999732971191 
10470017,-13.819999694824219 
10480003,-18.899999618530273 
10490009,-28.0 
10500028,5.119999885559082 
10510021,-32.41999816894531 
10520019,-5.480000019073486 
10530001,-18.579999923706055 
10540045,-10.140000343322754 
10550000,-17.520000457763672 
10560012,-14.300000190734863 
10570029,-31.959999084472656 
10580009,2.9000000953674316 
10590005,5.0 
10600043,-6.300000190734863 
10610035,-18.260000228881836 
10620035,-14.760000228881836 
10630030,-5.760000228881836 
10640017,-32.65999984741211 
10650009,-2.6600000858306885 
10660012,-3.9600000381469727 
10670019,-9.479999542236328 
10680023,-20.540000915527344 
10690006,-1.6799999475479126 
10700019,-7.659999847412109 
10710005,-5.860000133514404 
10720016,-0.5 
10730038,-23.700000762939453 
10740014,-4.179999828338623 
10750037,-24.040000915527344 
10760012,-39.31999969482422 
10770017,-33.81999969482422 
10780015,-35.959999084472656 
10790035,2.880000114440918 
10800040,-13.739999771118164 
10810003,-21.239999771118164 
10820015,-5.119999885559082 
10830013,-9.140000343322754 
10840024,-12.079999923706055 
10850005,-24.420000076293945 
10860006,-27.420000076293945 
10870031,-0.3799999952316284 
10880038,0.41999998688697815 
10890014,-10.180000305175781 
10900029,-19.920000076293945 
10910045,-10.140000343322754 
10920026,-21.459999084472656 
10930029,-7.239999771118164 
10940005,-19.260000228881836 
10950006,-16.239999771118164 
10960013,5.360000133514404 
10970016,-10.739999771118164 
10980023,-18.18000030517578 
10990021,-3.4600000381469727 
11000011,11.0600004196167 
11010034,-2.9000000953674316 
11020000,-0.3400000035762787 
11030035,-4.380000114440918 
11040020,-7.159999847412109 
11050008,-0.4000000059604645 
11060011,-7.420000076293945 
11070001,-23.68000030517578 
11080047,-17.360000610351562 
11090000,-11.539999961853027 
11100048,-22.760000228881836 
11110024,-16.979999542236328 
11120003,-8.800000190734863 
11130002,-24.299999237060547 
11140010,-35.65999984741211 
11150011,-9.699999809265137 
11160002,-17.040000915527344 
11170010,-24.100000381469727 
11180034,-23.899999618530273 
11190015,-9.779999732971191 
11200025,4.0 
11210004,3.0 
11220000,-24.899999618530273 
11230017,-20.079999923706055 
11240017,-27.700000762939453 
11250025,-28.920000076293945 
11260015,-41.52000045776367 
11270010,-23.84000015258789 
11280023,-20.31999969482422 
11290011,-8.4399995803833 
11300027,-18.100000381469727 
11310017,-7.699999809265137 
11320009,-7.800000190734863 
11330010,-16.760000228881836 
11340004,-4.28000020980835 
11350049,-9.760000228881836 
11360001,-8.479999542236328 
11370014,-14.020000457763672 
11380013,-8.84000015258789 
11390001,-12.960000038146973 
11400006,-16.68000030517578 
11410023,12.520000457763672 
11420030,-30.219999313354492 
11430010,-14.899999618530273 
11440017,-6.739999771118164 
11450032,-19.540000915527344 
11460013,-10.34000015258789 
11470017,-13.479999542236328 
11480018,2.8399999141693115 
11490000,-9.5600004196167 
11500011,6.059999942779541 
11510022,-5.900000095367432 
11520006,-2.5999999046325684 
11530045,-16.31999969482422 
11540029,-13.359999656677246 
11550029,-8.479999542236328 
11560001,9.079999923706055 
11570015,-4.460000038146973 
11580046,7.519999980926514 
11590031,17.739999771118164 
11600011,-14.300000190734863 
11610022,9.180000305175781 
11620015,-10.5600004196167 
11630011,-0.9399999976158142 
11640016,-16.280000686645508 
11650013,-13.5600004196167 
11660025,7.320000171661377 
11670013,-5.920000076293945 
11680009,0.5199999809265137 
11690028,3.9200000762939453 
11700020,-15.460000038146973 
11710030,-5.579999923706055 
11720001,4.360000133514404 
11730006,-6.420000076293945 
11740011,-7.079999923706055 
11750005,-3.440000057220459 
11760009,-15.579999923706055 
11770038,-7.420000076293945 
11780011,-10.5 
11790010,-0.14000000059604645 
11800020,-32.68000030517578 
11810021,-6.300000190734863 
11820003,-15.84000015258789 
11830003,4.0 
11840001,2.8399999141693115 
11850015,-7.119999885559082 
11860024,-4.320000171661377 
11870002,-8.739999771118164 
11880002,-2.859999895095825 
11890017,-13.119999885559082 
11900036,-24.020000457763672 
11910008,-9.34000015258789 
11920032,-10.260000228881836 
11930021,-21.959999084472656 
11940014,14.520000457763672 
11950046,-13.960000038146973 
11960023,-11.34000015258789 
11970011,-19.3799991607666 
11980004,-10.5 
11990046,-4.239999771118164 
12000030,-20.520000457763672 
12010039,-7.659999847412109 
12020000,-26.0 
12030023,2.7200000286102295 
12040016,-6.71999979019165 
12050046,-19.1200008392334 
12060049,-3.359999895095825 
12070010,-0.3199999928474426 
12080013,-2.619999885559082 
12090021,-35.34000015258789 
12100011,-12.979999542236328 
12110034,-25.139999389648438 
12120014,-6.260000228881836 
12130007,-2.240000009536743 
12140023,-2.0199999809265137 
12150024,-3.759999990463257 
12160039,-9.020000457763672 
12170005,-10.619999885559082 
12180029,-5.699999809265137 
12190030,-4.639999866485596 
12200023,-6.300000190734863 
12210023,-9.220000267028809 
12220002,-4.059999942779541 
12230008,10.65999984741211 
12240015,-4.239999771118164 
12250016,-10.979999542236328 
12260005,10.520000457763672 
12270022,-2.319999933242798 
12280014,1.7000000476837158 
12290021,-18.059999465942383 
12300030,-14.020000457763672 
12310023,-1.7599999904632568 
12320004,-3.319999933242798 
12330002,-10.640000343322754 
12340000,-17.8799991607666 
12350023,-11.300000190734863 
12360012,-6.840000152587891 
12370005,3.5799999237060547 
12380030,-25.799999237060547 
12390020,-8.279999732971191 
12400005,-16.100000381469727 
12410019,0.10000000149011612 
12420000,-14.819999694824219 
12430002,-12.920000076293945 
12440008,-13.699999809265137 
12450031,-21.559999465942383 
12460004,-11.300000190734863 
12470002,-4.800000190734863 
12480023,-32.459999084472656 
12490013,-18.81999969482422 
12500007,-0.20000000298023224 
12510016,-1.4199999570846558 
12520030,-26.940000534057617 
12530018,-3.1600000858306885 
12540013,-16.719999313354492 
12550044,-28.65999984741211 
12560005,-11.479999542236328 
12570001,-9.079999923706055 
12580019,-18.020000457763672 
12590009,-16.100000381469727 
12600017,-16.799999237060547 
12610011,9.619999885559082 
12620016,3.0199999809265137 
12630041,-29.920000076293945 
12640042,-13.739999771118164 
12650002,8.880000114440918 
12660008,-11.479999542236328 
12670046,10.220000267028809 
12680006,-1.3600000143051147 
12690025,-16.100000381469727 
12700010,-17.420000076293945 
12710013,-14.819999694824219 
12720007,14.819999694824219 
12730011,-0.47999998927116394 
12740029,-7.760000228881836 
12750043,1.1399999856948853 
12760022,0.7599999904632568 
12770017,-1.159999966621399 
12780023,8.199999809265137 
12790010,3.7200000286102295 
12800030,8.899999618530273 
12810006,-6.840000152587891 
12820012,-12.420000076293945 
12830019,-2.5199999809265137 
12840039,-6.420000076293945 
12850049,-10.760000228881836 
12860002,0.25999999046325684 
12870043,-0.2800000011920929 
12880024,-13.4399995803833 
12890037,-1.6799999475479126 
12900022,-12.760000228881836 
12910029,2.240000009536743 
12920003,-10.539999961853027 
12930042,-10.300000190734863 
12940025,-9.5 
12950021,-9.779999732971191 
12960030,4.300000190734863 
12970029,-2.7200000286102295 
12980006,12.140000343322754 
12990010,-21.200000762939453 
13000023,-1.399999976158142 
13010005,-15.0 
13020001,-2.9000000953674316 
13030042,-8.319999694824219 
13040009,-19.280000686645508 
13050005,-9.420000076293945 
13060034,-19.959999084472656 
13070040,-10.859999656677246 
13080004,-10.399999618530273 
13090005,-26.959999084472656 
13100038,0.5 
13110035,-6.079999923706055 
13120025,-27.81999969482422 
13130011,4.619999885559082 
13140019,-24.1200008392334 
13150003,-16.65999984741211 
13160019,-8.979999542236328 
13170017,-5.420000076293945 
13180006,-4.860000133514404 
13190021,-26.31999969482422 
13200011,-30.860000610351562 
13210003,-16.3799991607666 
13220009,-0.30000001192092896 
13230031,-7.539999961853027 
13240011,-28.299999237060547 
13250043,-11.199999809265137 
13260021,-25.5 
13270042,-13.539999961853027 
13280007,-13.220000267028809 
13290003,-28.420000076293945 
13300011,-13.979999542236328 
13310015,-10.619999885559082 
13320016,-11.760000228881836 
13330012,-22.639999389648438 
13340000,-14.319999694824219 
13350013,3.4000000953674316 
13360037,-12.279999732971191 
13370014,-8.279999732971191 
13380019,-6.21999979019165 
13390019,-25.8799991607666 
13400002,-11.880000114440918 
13410034,1.7000000476837158 
13420015,-7.860000133514404 
13430010,-19.3799991607666 
13440013,-12.539999961853027 
13450019,-7.440000057220459 
13460011,-2.4000000953674316 
13470010,3.0 
13480011,1.0800000429153442 
13490005,-9.0 
13500004,1.5800000429153442 
13510015,5.659999847412109 
13520012,-20.479999542236328 
13530010,1.4600000381469727 
13540005,-6.039999961853027 
13550019,-15.859999656677246 
13560003,-14.399999618530273 
13570014,-25.219999313354492 
13580006,-18.860000610351562 
13590011,4.119999885559082 
13600021,-2.6600000858306885 
13610015,-7.179999828338623 
13620000,-29.139999389648438 
13630023,9.380000114440918 
13640010,-20.020000457763672 
13650021,-10.039999961853027 
13660006,-6.360000133514404 
13670015,18.479999542236328 
13680012,-18.200000762939453 
13690040,-22.18000030517578 
13700018,-14.65999984741211 
13710021,-10.859999656677246 
13720000,-8.420000076293945 
13730009,-8.180000305175781 
13740008,9.0 
13750041,-21.100000381469727 
13760035,-4.360000133514404 
13770022,-22.540000915527344 
13780026,-19.899999618530273 
13790001,-9.640000343322754 
13800026,4.119999885559082 
13810039,-2.759999990463257 
13820013,-1.1799999475479126 
13830002,-16.139999389648438 
13840020,-15.800000190734863 
13850005,5.71999979019165 
13860016,-2.3399999141693115 
13870044,-19.34000015258789 
13880026,5.380000114440918 
13890030,6.619999885559082 
13900010,-3.3399999141693115 
13910000,3.2799999713897705 
13920014,10.920000076293945 
13930034,-10.619999885559082 
13940007,-3.5399999618530273 
13950011,3.5799999237060547 
13960011,7.440000057220459 
13970031,7.260000228881836 
13980000,-14.100000381469727 
13990014,-6.420000076293945 
14000049,9.579999923706055 
14010025,-5.920000076293945 
14020005,4.099999904632568 
14030040,2.9600000381469727 
14040017,7.539999961853027 
14050015,-4.840000152587891 
14060006,16.6200008392334 
14070030,-7.960000038146973 
14080001,-7.559999942779541 
14090002,-19.1200008392334 
14100002,3.059999942779541 
14110029,-0.23999999463558197 
14120011,-20.520000457763672 
14130008,-12.779999732971191 
14140001,-15.859999656677246 
14150033,-12.020000457763672 
14160012,-0.23999999463558197 
14170044,-1.4600000381469727 
14180004,-3.859999895095825 
14190046,-9.0 
14200011,-8.319999694824219 
14210011,-5.079999923706055 
14220042,-11.579999923706055 
14230002,-15.65999984741211 
14240011,7.940000057220459 
14250003,0.7200000286102295 
14260001,1.559999942779541 
14270046,-5.139999866485596 
14280028,-9.960000038146973 
14290011,2.6600000858306885 
14300004,-17.84000015258789 
14310034,-22.600000381469727 
14320005,-7.78000020980835 
14330039,-12.479999542236328 
14340007,-17.1200008392334 
14350045,9.460000038146973 
14360004,-13.420000076293945 
14370018,-26.479999542236328 
14380035,-11.5600004196167 
14390028,-5.639999866485596 
14400011,-11.5 
14410038,-8.319999694824219 
14420020,-4.300000190734863 
14430004,-12.100000381469727 
14440004,-10.380000114440918 
14450002,3.5399999618530273 
14460017,-18.65999984741211 
14470006,-23.479999542236328 
14480013,-4.300000190734863 
14490018,-5.119999885559082 
14500011,-8.039999961853027 
14510022,-36.86000061035156 
14520027,3.940000057220459 
14530005,-18.799999237060547 
14540018,-14.119999885559082 
14550007,-15.619999885559082 
14560017,-6.159999847412109 
14570002,-3.559999942779541 
14580003,-15.279999732971191 
14590008,-19.920000076293945 
14600000,-4.119999885559082 
14610020,-6.940000057220459 
14620011,-4.940000057220459 
14630013,-15.0600004196167 
14640004,-9.079999923706055 
14650004,-6.28000020980835 
14660011,-1.5399999618530273 
14670015,-13.65999984741211 
14680014,-12.760000228881836 
14690012,-15.65999984741211 
14700008,-20.700000762939453 
14710019,-14.720000267028809 
14720007,-15.140000343322754 
14730010,-16.760000228881836 
14740009,-9.5 
14750008,-7.78000020980835 
14760013,-18.479999542236328 
14770023,-7.420000076293945 
14780012,-32.279998779296875 
14790002,-11.760000228881836 
14800038,-15.039999961853027 
14810003,-16.68000030517578 
14820043,-8.899999618530273 
14830001,-8.579999923706055 
14840014,-6.679999828338623 
14850000,-14.539999961853027 
14860022,-0.18000000715255737 
14870001,-15.920000076293945 
14880016,-17.34000015258789 
14890013,-15.380000114440918 
14900008,-26.440000534057617 
14910024,-14.920000076293945 
14920018,-29.200000762939453 
14930034,-22.920000076293945 
14940018,-14.180000305175781 
14950005,-7.059999942779541 
14960008,-3.940000057220459 
14970011,-11.34000015258789 
14980024,-3.880000114440918 
14990047,-25.260000228881836 
15000031,9.84000015258789 
15010006,-19.5 
15020003,6.800000190734863 
15030007,-0.6200000047683716 
15040016,-20.0 
15050024,-12.739999771118164 
15060010,-27.219999313354492 
15070033,-13.119999885559082 
15080007,7.980000019073486 
15090019,-7.159999847412109 
15100021,-23.920000076293945 
15110025,-13.079999923706055 
15120022,-1.7799999713897705 
15130001,0.8999999761581421 
15140013,-2.2200000286102295 
15150018,-1.4199999570846558 
15160004,-23.780000686645508 
15170004,3.819999933242798 
15180023,-10.260000228881836 
15190036,2.819999933242798 
15200000,3.180000066757202 
15210020,10.479999542236328 
15220014,15.100000381469727 
15230035,-2.0399999618530273 
15240047,-14.020000457763672 
15250016,-0.9399999976158142 
15260021,1.3200000524520874 
15270015,-0.6800000071525574 
15280010,14.380000114440918 
15290015,-1.2999999523162842 
15300008,-4.5 
15310021,4.460000038146973 
15320022,1.659999966621399 
15330016,-13.279999732971191 
15340007,-15.399999618530273 
15350024,1.340000033378601 
15360045,-19.020000457763672 
15370033,-8.420000076293945 
15380011,8.640000343322754 
15390048,0.699999988079071 
15400018,6.239999771118164 
15410014,8.260000228881836 
15420016,-7.440000057220459 
15430023,-7.139999866485596 
15440014,8.619999885559082 
15450020,4.079999923706055 
15460044,1.5199999809265137 
15470033,-20.579999923706055 
15480013,9.399999618530273 
15490009,2.640000104904175 
15500011,8.199999809265137 
15510014,-15.880000114440918 
15520038,-4.360000133514404 
15530000,0.9399999976158142 
15540045,-4.820000171661377 
15550000,-5.199999809265137 
15560016,-2.759999990463257 
15570049,12.380000114440918 
15580003,-18.719999313354492 
15590009,-16.600000381469727 
15600016,-24.3799991607666 
15610017,-10.15999984741211 
15620048,-23.079999923706055 
15630010,-14.819999694824219 
15640003,-5.400000095367432 
15650002,-33.31999969482422 
15660008,-12.680000305175781 
15670035,-21.299999237060547 
15680025,-22.020000457763672 
15690021,-16.739999771118164 
15700028,-11.520000457763672 
15710002,-10.619999885559082 
15720018,-29.600000381469727 
15730010,-3.180000066757202 
15740041,-12.859999656677246 
15750003,-8.279999732971191 
15760023,-7.599999904632568 
15770012,-17.520000457763672 
15780008,-13.460000038146973 
15790001,-0.5199999809265137 
15800027,-14.699999809265137 
15810007,-13.9399995803833 
15820000,-14.880000114440918 
15830020,-12.800000190734863 
15840029,-15.600000381469727 
15850039,-18.260000228881836 
15860019,2.5399999618530273 
15870043,-21.65999984741211 
15880019,4.840000152587891 
15890013,-14.079999923706055 
15900026,-8.899999618530273 
15910046,-22.520000457763672 
15920020,-23.100000381469727 
15930010,-17.420000076293945 
15940024,-18.040000915527344 
15950038,-34.279998779296875 
15960047,-9.579999923706055 
15970023,-26.239999771118164 
15980018,-6.380000114440918 
15990012,-3.299999952316284 
16000004,-14.5600004196167 
16010013,-21.520000457763672 
16020001,-13.15999984741211 
16030010,-15.600000381469727 
16040005,-10.779999732971191 
16050010,-9.84000015258789 
16060013,-21.219999313354492 
16070002,1.0 
16080009,-17.100000381469727 
16090010,-34.459999084472656 
16100032,-13.260000228881836 
16110005,-6.679999828338623 
16120027,-14.199999809265137 
16130017,-14.039999961853027 
16140001,-26.34000015258789 
16150011,-15.180000305175781 
16160022,-9.0 
16170033,-7.0 
16180019,-10.079999923706055 
16190011,-21.280000686645508 
16200002,-22.139999389648438 
16210008,-39.68000030517578 
16220001,-8.720000267028809 
16230022,-9.34000015258789 
16240012,-12.079999923706055 
16250040,-8.779999732971191 
16260022,1.100000023841858 
16270000,-7.960000038146973 
16280005,-17.520000457763672 
16290006,-3.6600000858306885 
16300006,-5.0 
16310002,-14.899999618530273 
16320014,7.300000190734863 
16330012,12.239999771118164 
16340028,-2.2200000286102295 
16350001,1.940000057220459 
16360000,-6.699999809265137 
16370032,11.640000343322754 
16380010,11.920000076293945 
16390015,3.6600000858306885 
16400038,-7.099999904632568 
16410023,5.28000020980835 
16420048,4.519999980926514 
16430000,-18.15999984741211 
16440046,4.860000133514404 
16450024,-0.03999999910593033 
16460005,2.4600000381469727 
16470000,10.15999984741211 
16480000,3.440000057220459 
16490023,-10.680000305175781 
16500004,-2.140000104904175 
16510016,-2.3399999141693115 
16520031,10.819999694824219 
16530041,5.880000114440918 
16540002,0.8600000143051147 
16550013,3.0799999237060547 
16560002,-0.03999999910593033 
16570016,-1.0 
16580011,-0.019999999552965164 
16590041,-9.279999732971191 
16600021,-13.739999771118164 
16610042,1.0 
16620003,-1.340000033378601 
16630018,3.740000009536743 
16640001,5.320000171661377 
16650033,-1.059999942779541 
16660006,-4.840000152587891 
16670009,2.700000047683716 
16680011,-0.8999999761581421 
16690003,-4.079999923706055 
16700015,2.3399999141693115 
16710006,-12.880000114440918 
16720015,-8.640000343322754 
16730023,-3.5999999046325684 
16740010,-10.579999923706055 
16750013,-0.14000000059604645 
16760017,-8.359999656677246 
16770014,-11.0 
16780025,0.25999999046325684 
16790016,-4.940000057220459 
16800001,-4.300000190734863 
16810030,-9.220000267028809 
16820023,-5.739999771118164 
16830018,-9.020000457763672 
16840002,13.579999923706055 
16850013,0.7400000095367432 
16860034,4.699999809265137 
16870009,-23.100000381469727 
16880004,-23.260000228881836 
16890020,-17.65999984741211 
16900021,0.5199999809265137 
16910010,-17.68000030517578 
16920019,-10.0600004196167 
16930011,-1.399999976158142 
16940000,-14.84000015258789 
16950047,-16.81999969482422 
16960004,-5.019999980926514 
16970013,-25.079999923706055 
16980025,-17.280000686645508 
16990017,-19.219999313354492 
17000022,-20.739999771118164 
17010005,-12.5600004196167 
17020027,-12.380000114440918 
17030032,-1.2000000476837158 
17040016,-8.640000343322754 
17050002,-27.299999237060547 
17060004,-27.139999389648438 
17070047,-16.68000030517578 
17080030,-30.959999084472656 
17090016,-11.800000190734863 
17100042,-29.81999969482422 
17110000,-13.859999656677246 
17120028,-17.65999984741211 
17130026,-14.34000015258789 
17140010,-12.260000228881836 
17150025,-15.739999771118164 
17160011,-18.700000762939453 
17170033,-12.420000076293945 
17180005,-1.0199999809265137 
17190025,-8.779999732971191 
17200028,-10.0 
17210005,-19.579999923706055 
17220028,-11.100000381469727 
17230036,-13.960000038146973 
17240005,-15.720000267028809 
17250001,-30.68000030517578 
17260009,-25.479999542236328 
17270046,-26.34000015258789 
17280004,-33.619998931884766 
17290018,-20.440000534057617 
17300020,-46.5 
17310042,-12.239999771118164 
17320025,-9.380000114440918 
17330006,-14.859999656677246 
17340017,-28.940000534057617 
17350010,-24.920000076293945 
17360007,-2.319999933242798 
17370030,-13.34000015258789 
17380036,-39.65999984741211 
17390005,-28.479999542236328 
17400005,-0.6399999856948853 
17410002,-24.8799991607666 
17420001,-4.980000019073486 
17430010,-1.6399999856948853 
17440001,-13.119999885559082 
17450019,10.359999656677246 
17460030,-10.979999542236328 
17470015,-28.360000610351562 
17480015,-16.260000228881836 
17490015,-33.7400016784668 
17500001,-3.859999895095825 
17510002,-0.8199999928474426 
17520011,0.41999998688697815 
17530002,-1.840000033378601 
17540026,-15.34000015258789 
17550019,-15.34000015258789 
17560024,8.9399995803833 
17570004,-17.020000457763672 
17580039,-8.039999961853027 
17590012,-4.21999979019165 
17600003,5.599999904632568 
17610017,-6.679999828338623 
17620011,-3.359999895095825 
17630026,8.619999885559082 
17640001,3.640000104904175 
17650012,11.84000015258789 
17660006,3.0799999237060547 
17670023,-8.4399995803833 
17680011,6.360000133514404 
17690035,-3.5199999809265137 
17700039,1.9199999570846558 
17710026,-6.559999942779541 
17720012,3.0999999046325684 
17730016,22.260000228881836 
17740010,2.700000047683716 
17750001,-3.240000009536743 
17760032,-6.800000190734863 
17770010,-3.0399999618530273 
17780027,-14.399999618530273 
17790034,14.960000038146973 
17800038,-18.34000015258789 
17810008,-32.70000076293945 
17820024,-14.380000114440918 
17830008,-18.239999771118164 
17840032,-7.920000076293945 
17850004,-3.9600000381469727 
17860007,5.059999942779541 
17870004,-22.540000915527344 
17880039,12.65999984741211 
17890026,-5.559999942779541 
17900015,5.739999771118164 
17910006,-0.9599999785423279 
17920001,-9.0600004196167 
17930021,-12.359999656677246 
17940012,-10.319999694824219 
17950003,-17.299999237060547 
17960024,-10.100000381469727 
17970003,-14.5600004196167 
17980023,-9.279999732971191 
17990009,-0.2199999988079071 
18000039,-10.539999961853027 
18010000,-6.599999904632568 
18020041,1.600000023841858 
18030016,-11.960000038146973 
18040040,-22.139999389648438 
18050014,0.5400000214576721 
18060010,-26.31999969482422 
18070028,-0.18000000715255737 
18080031,-10.020000457763672 
18090021,-14.15999984741211 
18100007,-12.760000228881836 
18110045,-21.8799991607666 
18120008,5.019999980926514 
18130002,-23.440000534057617 
18140011,-22.540000915527344 
18150001,-18.540000915527344 
18160006,-26.959999084472656 
18170039,-16.440000534057617 
18180018,-29.540000915527344 
18190018,-10.720000267028809 
18200006,-11.979999542236328 
18210013,-17.639999389648438 
18220046,-17.440000534057617 
18230040,-40.7599983215332 
18240007,-23.040000915527344 
18250010,-20.31999969482422 
18260018,-13.0600004196167 
18270039,-16.100000381469727 
18280018,-32.099998474121094 
18290027,-8.260000228881836 
18300001,-16.239999771118164 
18310010,-11.779999732971191 
18320034,-19.920000076293945 
18330005,-10.359999656677246 
18340000,-11.5 
18350012,-6.579999923706055 
18360007,-8.680000305175781 
18370023,-15.699999809265137 
18380006,-11.859999656677246 
18390010,-23.100000381469727 
18400014,-19.639999389648438 
18410028,-18.6200008392334 
18420024,-4.059999942779541 
18430012,-23.6200008392334 
18440021,-28.219999313354492 
18450009,-19.559999465942383 
18460030,-16.299999237060547 
18470018,-28.15999984741211 
18480028,-20.540000915527344 
18490046,-21.81999969482422 
18500000,-30.020000457763672 
18510036,-20.579999923706055 
18520012,-17.100000381469727 
18530010,-16.299999237060547 
18540016,-34.70000076293945 
18550026,-21.200000762939453 
18560014,-22.8799991607666 
18570005,-20.860000610351562 
18580019,-12.039999961853027 
18590006,-36.599998474121094 
18600012,-39.52000045776367 
18610027,-25.399999618530273 
18620007,-36.060001373291016 
18630004,-29.239999771118164 
18640004,-6.980000019073486 
18650022,-29.3799991607666 
18660000,-26.639999389648438 
18670019,-23.420000076293945 
18680016,-0.2800000011920929 
18690000,-18.34000015258789 
18700023,-15.220000267028809 
18710022,-11.65999984741211 
18720014,-16.6200008392334 
18730018,-6.179999828338623 
18740015,-25.579999923706055 
18750018,-16.34000015258789 
18760000,-12.300000190734863 
18770005,-4.519999980926514 
18780028,-25.420000076293945 
18790001,-18.81999969482422 
18800044,-8.579999923706055 
18810018,-6.860000133514404 
18820022,-12.720000267028809 
18830045,-3.559999942779541 
18840008,-2.380000114440918 
18850009,1.2400000095367432 
18860025,-11.0600004196167 
18870006,0.9399999976158142 
18880034,1.7999999523162842 
18890039,4.199999809265137 
18900039,-5.420000076293945 
18910017,6.480000019073486 
18920037,-6.880000114440918 
18930035,11.020000457763672 
18940007,6.340000152587891 
18950000,17.579999923706055 
18960006,14.039999961853027 
18970023,-9.079999923706055 
18980001,-9.579999923706055 
18990024,3.1600000858306885 
19000038,-8.84000015258789 
19010018,-4.0 
19020018,-2.140000104904175 
19030005,3.799999952316284 
19040017,-1.159999966621399 
19050046,-4.079999923706055 
19060007,3.9200000762939453 
19070043,-12.520000457763672 
19080021,-3.5199999809265137 
19090012,-11.0 
19100010,-13.460000038146973 
19110035,-9.960000038146973 
19120034,0.2800000011920929 
19130049,-0.9800000190734863 
19140035,-20.3799991607666 
19150045,-4.139999866485596 
19160028,2.5 
19170002,-17.100000381469727 
19180032,-0.699999988079071 
19190017,-4.360000133514404 
19200026,9.84000015258789 
19210006,-15.65999984741211 
19220010,-23.040000915527344 
19230007,-14.479999542236328 
19240000,-17.600000381469727 
19250037,-5.599999904632568 
19260017,4.840000152587891 
19270011,-1.7200000286102295 
19280000,-3.819999933242798 
19290009,-18.940000534057617 
19300018,-12.020000457763672 
19310026,-17.940000534057617 
19320013,-27.540000915527344 
19330029,7.639999866485596 
19340029,-2.5999999046325684 
19350020,-17.18000030517578 
19360009,-28.68000030517578 
19370000,-7.920000076293945 
19380033,-20.520000457763672 
19390010,-19.0 
19400004,-11.460000038146973 
19410040,-14.819999694824219 
19420021,-19.059999465942383 
19430021,-8.119999885559082 
19440004,-18.3799991607666 
19450028,-10.279999732971191 
19460005,-10.300000190734863 
19470015,-6.320000171661377 
19480012,-8.15999984741211 
19490012,-3.2799999713897705 
19500022,-14.460000038146973 
19510028,-7.579999923706055 
19520035,-17.1200008392334 
19530019,-23.360000610351562 
19540003,-5.920000076293945 
19550004,-15.100000381469727 
19560037,-6.059999942779541 
19570019,-22.739999771118164 
19580022,12.020000457763672 
19590022,-12.039999961853027 
19600027,-3.4600000381469727 
19610011,-9.180000305175781 
19620005,-14.039999961853027 
19630003,-2.9000000953674316 
19640008,0.8399999737739563 
19650015,-29.899999618530273 
19660031,-13.699999809265137 
19670041,-22.899999618530273 
19680018,-4.159999847412109 
19690017,-10.239999771118164 
19700007,-12.760000228881836 
19710001,-2.119999885559082 
19720006,-13.680000305175781 
19730032,-38.41999816894531 
19740013,-28.899999618530273 
19750012,-21.760000228881836 
19760024,-10.760000228881836 
19770011,-35.939998626708984 
19780025,-30.739999771118164 
19790007,-22.520000457763672 
19800015,-1.8200000524520874 
19810027,-21.68000030517578 
19820000,-15.760000228881836 
19830046,-28.0 
19840035,-25.559999465942383 
19850020,-31.299999237060547 
19860031,-25.600000381469727 
19870047,-21.84000015258789 
19880009,-11.640000343322754 
19890027,-14.859999656677246 
19900025,-31.219999313354492 
19910029,-22.040000915527344 
19920020,-12.119999885559082 
19930018,3.759999990463257 
19940015,-6.239999771118164 
19950020,-10.619999885559082 
19960030,-9.699999809265137 
19970018,-12.819999694824219 
19980021,-24.799999237060547 
19990008,-33.040000915527344 
20000012,-13.5600004196167 
20010026,-3.3399999141693115 
20020003,-23.3799991607666 
20030044,-10.479999542236328 
20040036,-11.779999732971191 
20050014,-15.699999809265137 
20060010,-11.760000228881836 
20070021,-19.959999084472656 
20080019,-19.34000015258789 
20090044,-9.979999542236328 
20100022,-20.200000762939453 
20110037,-10.039999961853027 
20120018,-8.84000015258789 
20130036,0.03999999910593033 
20140006,-0.14000000059604645 
20150005,-19.479999542236328 
20160008,0.800000011920929 
20170023,-2.4800000190734863 
20180032,-2.9200000762939453 
20190043,-22.979999542236328 
20200025,-13.539999961853027 
20210006,-10.420000076293945 
20220037,-25.979999542236328 
20230013,-16.139999389648438 
20240015,-9.399999618530273 
20250027,-10.140000343322754 
20260002,-14.399999618530273 
20270004,-1.1799999475479126 
20280001,3.0399999618530273 
20290009,-10.300000190734863 
20300008,-6.860000133514404 
20310005,-9.859999656677246 
20320004,10.119999885559082 
20330029,-8.579999923706055 
20340022,7.960000038146973 
20350013,-22.040000915527344 
20360014,-7.739999771118164 
20370014,1.7799999713897705 
20380015,-3.140000104904175 
20390017,-15.399999618530273 
20400030,-6.420000076293945 
20410000,-21.079999923706055 
20420008,-17.600000381469727 
20430014,-4.920000076293945 
20440025,4.5 
20450035,0.5 
20460012,-4.119999885559082 
20470032,14.319999694824219 
20480020,-8.020000457763672 
20490023,-31.84000015258789 
20500018,-11.720000267028809 
20510031,-35.060001373291016 
20520010,-0.6399999856948853 
20530047,-28.100000381469727 
20540011,-12.640000343322754 
20550003,-16.6200008392334 
20560015,-33.97999954223633 
20570038,-14.640000343322754 
20580020,-21.5 
20590030,-15.239999771118164 
20600015,-5.480000019073486 
20610047,-12.960000038146973 
20620020,-10.34000015258789 
20630049,-12.819999694824219 
20640007,-15.539999961853027 
20650005,-16.459999084472656 
20660005,-23.360000610351562 
20670017,-29.459999084472656 
20680023,-21.079999923706055 
20690005,-17.34000015258789 
20700004,-6.039999961853027 
20710018,-22.479999542236328 
20720023,-3.5399999618530273 
20730044,-14.079999923706055 
20740015,-11.239999771118164 
20750035,-12.84000015258789 
20760017,-3.059999942779541 
20770011,-17.760000228881836 
20780033,-6.360000133514404 
20790008,-10.800000190734863 
20800010,-15.640000343322754 
20810027,-2.180000066757202 
20820038,-25.360000610351562 
20830004,-15.579999923706055 
20840019,0.11999999731779099 
20850009,-7.019999980926514 
20860007,-14.380000114440918 
20870037,-1.3799999952316284 
20880026,-18.84000015258789 
20890001,-13.119999885559082 
20900003,-7.960000038146973 
20910031,-20.84000015258789 
20920034,-15.800000190734863 
20930000,0.5199999809265137 
20940008,-14.4399995803833 
20950021,7.28000020980835 
20960015,-16.84000015258789 
20970011,-13.779999732971191 
20980041,-16.440000534057617 
20990035,-14.319999694824219 
21000038,-16.31999969482422 
21010014,-48.380001068115234 
21020008,-14.720000267028809 
21030041,-27.799999237060547 
21040037,-7.980000019073486 
21050032,-29.34000015258789 
21060021,-22.579999923706055 
21070004,-21.059999465942383 
21080004,-29.639999389648438 
21090000,-8.199999809265137 
21100021,-12.680000305175781 
21110003,-10.520000457763672 
21120007,-28.540000915527344 
21130000,-4.480000019073486 
21140033,-11.460000038146973 
21150005,-21.360000610351562 
21160009,-14.539999961853027 
21170019,-13.859999656677246 
21180014,-20.219999313354492 
21190012,-25.979999542236328 
21200002,-16.760000228881836 
21210011,-22.979999542236328 
21220027,-8.300000190734863 
21230032,-8.84000015258789 
21240019,-25.979999542236328 
21250019,-10.0 
21260000,-9.199999809265137 
21270015,-2.2799999713897705 
21280011,-6.860000133514404 
21290017,-20.940000534057617 
21300002,-14.640000343322754 
21310039,0.8600000143051147 
21320034,-34.31999969482422 
21330017,0.8199999928474426 
21340031,-10.640000343322754 
21350011,-8.9399995803833 
21360005,-20.940000534057617 
21370029,-13.260000228881836 
21380008,0.07999999821186066 
21390031,-3.380000114440918 
21400001,-3.1600000858306885 
21410005,-0.5600000023841858 
21420007,-3.5399999618530273 
21430003,2.5799999237060547 
21440016,-21.899999618530273 
21450031,-42.84000015258789 
21460029,-1.2000000476837158 
21470040,-2.859999895095825 
21480003,1.5800000429153442 
21490000,-0.7599999904632568 
21500017,-4.340000152587891 
21510018,4.820000171661377 
21520002,4.71999979019165 
21530003,7.179999828338623 
21540009,-2.0199999809265137 
21550045,-7.860000133514404 
21560014,0.2199999988079071 
21570029,-3.119999885559082 
21580018,-18.479999542236328 
21590003,-23.81999969482422 
21600011,-24.479999542236328 
21610018,-0.6800000071525574 
21620008,-21.84000015258789 
21630002,-7.579999923706055 
21640000,-15.739999771118164 
21650038,-0.4399999976158142 
21660022,-19.0 
21670021,-6.400000095367432 
21680006,-7.079999923706055 
21690007,-12.920000076293945 
21700018,5.760000228881836 
21710011,-5.159999847412109 
21720025,-12.15999984741211 
21730000,-9.260000228881836 
21740007,-26.3799991607666 
21750043,3.2799999713897705 
21760034,-13.079999923706055 
21770032,-10.520000457763672 
21780015,5.300000190734863 
21790030,-17.3799991607666 
21800026,-8.9399995803833 
21810008,-7.119999885559082 
21820003,-12.260000228881836 
21830013,-22.8799991607666 
21840011,-3.7799999713897705 
21850030,-20.360000610351562 
21860031,-8.220000267028809 
21870016,-17.920000076293945 
21880016,-18.34000015258789 
21890001,-3.200000047683716 
21900008,-29.059999465942383 
21910015,-10.5 
