10000,0.07945744693279266 
20000,0.07688026130199432 
30000,0.10671587288379669 
40000,0.10085177421569824 
50000,0.14666323363780975 
60000,0.125478595495224 
70000,0.1549820452928543 
80000,0.1644347757101059 
90000,0.14655961096286774 
100023,0.18626287579536438 
110023,0.14537526667118073 
120023,0.15141414105892181 
130023,0.1373731791973114 
140023,0.17596061527729034 
150023,0.17366166412830353 
160016,0.16285233199596405 
170016,0.15384002029895782 
180016,0.17874248325824738 
190016,0.19677850604057312 
200030,0.1672002226114273 
210030,0.20716464519500732 
220030,0.15209005773067474 
230010,0.18184636533260345 
240007,0.21572570502758026 
250017,0.17090566456317902 
260015,0.19808277487754822 
270029,0.17363406717777252 
280029,0.16315717995166779 
290009,0.19760197401046753 
300048,0.23218128085136414 
310048,0.20236852765083313 
320015,0.16803178191184998 
330019,0.1962781399488449 
340017,0.19049280881881714 
350008,0.21692520380020142 
360039,0.15126898884773254 
370012,0.20695842802524567 
380012,0.2061840444803238 
390018,0.2427729368209839 
400035,0.18393898010253906 
410042,0.202198788523674 
420004,0.2115975022315979 
430028,0.2197583019733429 
440016,0.19960884749889374 
450023,0.2560388445854187 
460023,0.20836317539215088 
470006,0.20103277266025543 
480009,0.2225038707256317 
490024,0.2632089853286743 
500007,0.2398516833782196 
510022,0.22244779765605927 
520021,0.19790293276309967 
530003,0.2040347158908844 
540049,0.2448795735836029 
550020,0.17745456099510193 
560015,0.1885373294353485 
570005,0.23574896156787872 
580022,0.19888591766357422 
590026,0.20236682891845703 
600028,0.21420660614967346 
610014,0.25273504853248596 
620019,0.22246810793876648 
630018,0.22279609739780426 
640016,0.25022193789482117 
650022,0.21319498121738434 
660019,0.26776400208473206 
670004,0.22410911321640015 
680015,0.2323939949274063 
690021,0.18706487119197845 
700032,0.23402559757232666 
710026,0.1667863428592682 
720011,0.24984733760356903 
730008,0.24100174009799957 
740015,0.2018766552209854 
750038,0.2119792401790619 
760027,0.26174411177635193 
770012,0.2363690435886383 
780030,0.24685245752334595 
790007,0.21603666245937347 
800040,0.2417152225971222 
810044,0.1837058961391449 
820038,0.23606747388839722 
830047,0.2370237410068512 
840045,0.22276169061660767 
850005,0.20415645837783813 
860008,0.2700677216053009 
870014,0.21302616596221924 
880030,0.2492179274559021 
890045,0.24459102749824524 
900045,0.2847171723842621 
910013,0.2420734465122223 
920049,0.25146985054016113 
930029,0.30202990770339966 
940026,0.27206215262413025 
950042,0.20635126531124115 
960023,0.2491595298051834 
970007,0.21816374361515045 
980048,0.25142374634742737 
990023,0.2569172978401184 
1000045,0.21659789979457855 
1010023,0.2804074287414551 
1020033,0.24034424126148224 
1030019,0.23675858974456787 
1040045,0.3264465034008026 
1050021,0.2731676995754242 
1060043,0.2687510550022125 
1070019,0.26612523198127747 
1080017,0.2350642830133438 
1090011,0.2916499674320221 
1100016,0.29433146119117737 
1110024,0.251328706741333 
1120014,0.3326786756515503 
1130007,0.30802926421165466 
1140021,0.3027392327785492 
1150013,0.26235055923461914 
1160047,0.30535823106765747 
1170049,0.2769027352333069 
1180043,0.29556453227996826 
1190005,0.27041757106781006 
1200036,0.30808112025260925 
1210019,0.2513677477836609 
1220026,0.309438556432724 
1230007,0.3299905061721802 
1240029,0.29836565256118774 
1250007,0.3171094059944153 
1260025,0.24285322427749634 
1270044,0.32047104835510254 
1280025,0.32039129734039307 
1290019,0.3005959987640381 
1300040,0.36205345392227173 
1310015,0.31398484110832214 
1320036,0.3162579834461212 
1330012,0.2960708737373352 
1340033,0.3331754207611084 
1350030,0.2937038838863373 
1360002,0.28927603363990784 
1370034,0.312053382396698 
1380039,0.3231948912143707 
1390021,0.3255500793457031 
1400015,0.32476019859313965 
1410011,0.35420989990234375 
1420023,0.33733904361724854 
1430010,0.29173529148101807 
1440044,0.3183833956718445 
1450005,0.36935245990753174 
1460016,0.2642451226711273 
1470008,0.3426036834716797 
1480033,0.36711499094963074 
1490039,0.33078011870384216 
1500049,0.3145211338996887 
1510013,0.35628756880760193 
1520023,0.3107282519340515 
1530033,0.35555499792099 
1540021,0.3179866075515747 
1550000,0.3810678720474243 
1560013,0.31173038482666016 
1570014,0.2945261597633362 
1580001,0.36162713170051575 
1590018,0.3857281506061554 
1600047,0.3617699146270752 
1610015,0.38688743114471436 
1620036,0.32299479842185974 
1630025,0.3278590738773346 
1640034,0.3432377576828003 
1650041,0.3710083067417145 
1660048,0.36165428161621094 
1670013,0.3748215436935425 
1680026,0.4234503209590912 
1690018,0.3418494462966919 
1700048,0.3474823832511902 
1710011,0.35587388277053833 
1720016,0.36435505747795105 
1730019,0.43292877078056335 
1740005,0.3863472640514374 
1750040,0.4186953604221344 
1760037,0.4102117419242859 
1770011,0.3471066355705261 
1780020,0.37987327575683594 
1790032,0.3640691041946411 
1800017,0.3819867670536041 
1810046,0.43540820479393005 
1820012,0.4625043570995331 
1830008,0.401459276676178 
1840043,0.3839570879936218 
1850044,0.43374302983283997 
1860018,0.41832464933395386 
1870015,0.38237839937210083 
1880045,0.40761783719062805 
1890016,0.49782124161720276 
1900030,0.34369567036628723 
1910021,0.40406882762908936 
1920004,0.40712517499923706 
1930039,0.4206632673740387 
1940014,0.3801773190498352 
1950039,0.4451214075088501 
1960044,0.47145214676856995 
1970000,0.44814708828926086 
1980042,0.4543871283531189 
1990002,0.4408678412437439 
2000023,0.4113236665725708 
2010037,0.4511195719242096 
2020000,0.3873157799243927 
2030000,0.46005022525787354 
2040004,0.39872822165489197 
2050001,0.41373878717422485 
2060038,0.44647255539894104 
2070010,0.4682149887084961 
2080039,0.45013755559921265 
2090016,0.41928619146347046 
2100039,0.3712266683578491 
2110016,0.42046085000038147 
2120036,0.41060197353363037 
2130034,0.43455755710601807 
2140045,0.3989734351634979 
2150020,0.4123963415622711 
2160031,0.480613112449646 
2170012,0.46843817830085754 
2180025,0.45923370122909546 
2190003,0.4345633387565613 
2200029,0.40924349427223206 
2210013,0.4281657040119171 
2220010,0.4654712677001953 
2230021,0.44303303956985474 
2240027,0.4498142600059509 
2250040,0.3886833190917969 
2260023,0.44162940979003906 
2270028,0.45047175884246826 
2280019,0.4565947651863098 
2290014,0.44415920972824097 
2300002,0.48182833194732666 
2310011,0.39154770970344543 
2320035,0.4314827024936676 
2330009,0.5503849983215332 
2340041,0.49384254217147827 
2350002,0.4399234652519226 
2360005,0.5200014114379883 
2370030,0.4864369332790375 
2380011,0.5400331020355225 
2390014,0.4564566910266876 
2400025,0.4346369206905365 
2410045,0.4666707217693329 
2420000,0.4896334111690521 
2430008,0.5130166411399841 
2440038,0.5316975116729736 
2450020,0.41527512669563293 
2460049,0.47331658005714417 
2470017,0.4604250192642212 
2480009,0.46999165415763855 
2490025,0.4757925868034363 
2500041,0.39630454778671265 
2510034,0.484802782535553 
2520006,0.5094327926635742 
2530022,0.47862350940704346 
2540034,0.4953247010707855 
2550009,0.5444182753562927 
2560003,0.5193045139312744 
2570034,0.5639942288398743 
2580036,0.5353571176528931 
2590006,0.5192045569419861 
2600042,0.4671633541584015 
2610020,0.5038007497787476 
2620018,0.4489508867263794 
2630017,0.4742218852043152 
2640025,0.49131423234939575 
2650001,0.5008169412612915 
2660023,0.4785229563713074 
2670023,0.4495525062084198 
2680021,0.4758393168449402 
2690010,0.46527400612831116 
2700004,0.49182918667793274 
2710012,0.5672163963317871 
2720008,0.5247764587402344 
2730031,0.520388126373291 
2740036,0.5046514272689819 
2750009,0.46706119179725647 
2760009,0.5032795667648315 
2770006,0.5396976470947266 
2780023,0.4682202935218811 
2790011,0.4988977015018463 
2800029,0.48815155029296875 
2810007,0.4132712185382843 
2820043,0.5244315266609192 
2830025,0.5364890098571777 
2840003,0.5392087697982788 
2850021,0.5164478421211243 
2860011,0.5605666637420654 
2870047,0.5087851285934448 
2880011,0.5379477143287659 
2890005,0.5333335399627686 
2900046,0.5368258357048035 
2910010,0.5031533241271973 
2920017,0.5287415981292725 
2930013,0.5414175987243652 
2940033,0.5308760404586792 
2950022,0.4766588509082794 
2960012,0.5503445863723755 
2970008,0.5672339200973511 
2980024,0.5209940671920776 
2990025,0.5259028077125549 
3000009,0.649169921875 
3010047,0.49994251132011414 
3020018,0.49064067006111145 
3030028,0.5328654646873474 
3040026,0.4423254430294037 
3050035,0.4800984263420105 
3060012,0.5673365592956543 
3070038,0.5181393027305603 
3080042,0.541418194770813 
3090040,0.49679091572761536 
3100017,0.5475096106529236 
3110003,0.5026262998580933 
3120010,0.4864458441734314 
3130016,0.5115976929664612 
3140034,0.45269688963890076 
3150033,0.4645001292228699 
3160000,0.5163739919662476 
3170016,0.45625442266464233 
3180027,0.4954032897949219 
3190026,0.5498185753822327 
3200009,0.48566365242004395 
3210002,0.47575169801712036 
3220010,0.5242486596107483 
3230024,0.45854413509368896 
3240007,0.583158016204834 
3250048,0.5704191327095032 
3260040,0.45899611711502075 
3270001,0.5456528663635254 
3280031,0.5377099514007568 
3290006,0.5253748893737793 
3300031,0.4646432101726532 
3310042,0.5080674886703491 
3320007,0.4842416048049927 
3330000,0.5369088649749756 
3340017,0.5431026816368103 
3350000,0.5317077040672302 
3360000,0.5828434228897095 
3370026,0.5420745015144348 
3380044,0.515455424785614 
3390012,0.4589906632900238 
3400007,0.527170717716217 
3410030,0.5564829111099243 
3420000,0.5481288433074951 
3430006,0.5702607035636902 
3440010,0.5392290949821472 
3450004,0.5835963487625122 
3460020,0.6144708395004272 
3470032,0.5585424900054932 
3480025,0.5333160758018494 
3490005,0.595038890838623 
3500045,0.5694476962089539 
3510036,0.5696049332618713 
3520017,0.6009666323661804 
3530002,0.5512756109237671 
3540024,0.4765908122062683 
3550002,0.5015403628349304 
3560037,0.5715345144271851 
3570032,0.622109055519104 
3580015,0.5881273150444031 
3590014,0.6440311670303345 
3600040,0.5899330377578735 
3610031,0.5372563004493713 
3620022,0.5850746035575867 
3630017,0.5427084565162659 
3640027,0.5580140948295593 
3650001,0.6124271750450134 
3660045,0.6403622627258301 
3670019,0.5520367622375488 
3680018,0.4947277009487152 
3690047,0.49186694622039795 
3700021,0.5410906076431274 
3710049,0.5911604166030884 
3720009,0.5819060802459717 
3730012,0.6188432574272156 
3740008,0.6072424054145813 
3750013,0.5658532977104187 
3760023,0.6137897968292236 
3770040,0.5524179935455322 
3780033,0.6280627250671387 
3790014,0.5672107934951782 
3800037,0.5130946636199951 
3810002,0.6082653999328613 
3820025,0.6113027334213257 
3830045,0.5698063969612122 
3840030,0.48058196902275085 
3850031,0.5727202892303467 
3860008,0.6640005707740784 
3870010,0.6186060905456543 
3880006,0.5765147805213928 
3890009,0.5906294584274292 
3900036,0.5456535816192627 
3910025,0.5814371705055237 
3920019,0.6014813184738159 
3930015,0.5777423977851868 
3940032,0.604551374912262 
3950015,0.6075100898742676 
3960006,0.6378592848777771 
3970042,0.6188738942146301 
3980009,0.5619614720344543 
3990015,0.5834090709686279 
4000018,0.6032189130783081 
4010024,0.5695933103561401 
4020005,0.5335863828659058 
4030044,0.6723303198814392 
4040032,0.6114447712898254 
4050005,0.5669669508934021 
4060014,0.6029162406921387 
4070036,0.5647063255310059 
4080003,0.6036922335624695 
4090031,0.5639857649803162 
4100002,0.5795489549636841 
4110017,0.6677610278129578 
4120038,0.5782604813575745 
4130048,0.6496554017066956 
4140005,0.5883365273475647 
4150004,0.643147349357605 
4160019,0.6172734498977661 
4170031,0.5899155139923096 
4180005,0.6004821062088013 
4190043,0.598047137260437 
4200021,0.601402759552002 
4210046,0.6187983751296997 
4220029,0.5186668634414673 
4230007,0.6369280815124512 
4240004,0.668626606464386 
4250000,0.6263841390609741 
4260014,0.5888641476631165 
4270042,0.6176280379295349 
4280006,0.564318835735321 
4290030,0.6055065393447876 
4300030,0.588004469871521 
4310036,0.561539888381958 
4320036,0.551000714302063 
4330024,0.6153879761695862 
4340032,0.6235421895980835 
4350013,0.5613074898719788 
4360008,0.5986565947532654 
4370025,0.5850825309753418 
4380027,0.598655641078949 
4390039,0.6210317015647888 
4400019,0.6424629092216492 
4410015,0.5898982882499695 
4420020,0.585862934589386 
4430010,0.6658079028129578 
4440036,0.6314656138420105 
4450009,0.6643984913825989 
4460040,0.587755024433136 
4470049,0.596262514591217 
4480005,0.662476658821106 
4490035,0.6016269326210022 
4500011,0.5903781652450562 
4510026,0.6045306324958801 
4520045,0.655122697353363 
4530033,0.6141350865364075 
4540028,0.6223875880241394 
4550000,0.5622661709785461 
4560030,0.5993180871009827 
4570020,0.6501091122627258 
4580039,0.5622051358222961 
4590005,0.5874655842781067 
4600046,0.5935048460960388 
4610037,0.5446003079414368 
4620040,0.6843894124031067 
4630032,0.5754030346870422 
4640030,0.636722207069397 
4650030,0.6659319400787354 
4660004,0.6470692157745361 
4670009,0.6125943660736084 
4680029,0.6565613746643066 
4690049,0.6209703683853149 
4700003,0.6261140704154968 
4710038,0.6438112854957581 
4720015,0.6072974801063538 
4730035,0.6275628805160522 
4740020,0.6152834892272949 
4750012,0.5866129994392395 
4760009,0.6728603839874268 
4770033,0.5641696453094482 
4780009,0.589504063129425 
4790023,0.5393234491348267 
4800047,0.6118214130401611 
4810037,0.6101178526878357 
4820026,0.7183979153633118 
4830030,0.7079389691352844 
4840025,0.5618488788604736 
4850002,0.6889297366142273 
4860045,0.604647159576416 
4870015,0.6603847742080688 
4880044,0.6635809540748596 
4890008,0.5954244136810303 
4900019,0.6370069980621338 
4910028,0.5800032615661621 
4920014,0.6184996962547302 
4930000,0.5823186635971069 
4940012,0.6360130310058594 
4950007,0.6004381775856018 
4960008,0.720912754535675 
4970039,0.693230152130127 
4980047,0.5767154693603516 
4990034,0.6245542764663696 
5000044,0.5600308775901794 
5010026,0.6703943014144897 
5020011,0.6183613538742065 
5030034,0.6422978043556213 
5040029,0.6289198398590088 
5050018,0.6446375250816345 
5060036,0.6220713257789612 
5070007,0.5918171405792236 
5080022,0.6086898446083069 
5090012,0.6088656783103943 
5100027,0.7065510749816895 
5110008,0.6583455801010132 
5120028,0.6220054626464844 
5130020,0.6810434460639954 
5140007,0.6411566138267517 
5150036,0.7069833278656006 
5160029,0.6282199025154114 
5170011,0.6620587110519409 
5180034,0.63615483045578 
5190031,0.6509249210357666 
5200011,0.621167004108429 
5210018,0.6680352687835693 
5220024,0.6381467580795288 
5230000,0.6611288189888 
5240020,0.6412551999092102 
5250006,0.590222179889679 
5260038,0.6625943779945374 
5270018,0.6639357805252075 
5280002,0.6243963837623596 
5290024,0.631103515625 
5300042,0.650532066822052 
5310029,0.6472705602645874 
5320040,0.6589138507843018 
5330039,0.6891525387763977 
5340022,0.6527469158172607 
5350039,0.636627733707428 
5360016,0.6666712760925293 
5370032,0.6112817525863647 
5380047,0.738847553730011 
5390023,0.7171297669410706 
5400019,0.6485121250152588 
5410005,0.7168995141983032 
5420023,0.6491072177886963 
5430019,0.6787750124931335 
5440044,0.5689477324485779 
5450012,0.6798511743545532 
5460036,0.6148920059204102 
5470031,0.6661200523376465 
5480028,0.6626756191253662 
5490030,0.6600621938705444 
5500011,0.7047945261001587 
5510019,0.7098835110664368 
5520018,0.6966776847839355 
5530031,0.6696320176124573 
5540025,0.6322186589241028 
5550019,0.6889669895172119 
5560009,0.6488832235336304 
5570009,0.7077149152755737 
5580049,0.7150276303291321 
5590019,0.6891318559646606 
5600012,0.6366008520126343 
5610031,0.6936994791030884 
5620010,0.6802313923835754 
5630014,0.6400477886199951 
5640019,0.7138972282409668 
5650007,0.6545303463935852 
5660034,0.6838270425796509 
5670035,0.670116662979126 
5680042,0.6658479571342468 
5690035,0.6295858025550842 
5700003,0.6295390725135803 
5710049,0.6759555339813232 
5720017,0.7395427823066711 
5730043,0.6839920878410339 
5740010,0.690660297870636 
5750002,0.6321485042572021 
5760012,0.7223522663116455 
5770004,0.6671363711357117 
5780001,0.662426769733429 
5790005,0.6939398050308228 
5800024,0.6734899878501892 
5810030,0.7093292474746704 
5820003,0.6398661136627197 
5830002,0.7047548890113831 
5840009,0.6553366184234619 
5850002,0.7069544792175293 
5860002,0.7225709557533264 
5870009,0.689546525478363 
5880021,0.7346158027648926 
5890009,0.6033520698547363 
5900005,0.6336879134178162 
5910008,0.6789186000823975 
5920027,0.7143400311470032 
5930049,0.6805377006530762 
5940041,0.6835883855819702 
5950026,0.7259975671768188 
5960007,0.7037492990493774 
5970014,0.6959667801856995 
5980008,0.6793521046638489 
5990008,0.6581671833992004 
6000001,0.7188552021980286 
6010029,0.6448526978492737 
6020000,0.7256873846054077 
6030009,0.6643363237380981 
6040005,0.7608201503753662 
6050007,0.7325329780578613 
6060030,0.7745667099952698 
6070000,0.6750932335853577 
6080033,0.7067415118217468 
6090018,0.6358880400657654 
6100026,0.7068783044815063 
6110024,0.7118141055107117 
6120036,0.6450980305671692 
6130024,0.7574415802955627 
6140023,0.7144505381584167 
6150007,0.7265063524246216 
6160031,0.7096205353736877 
6170009,0.7151848077774048 
6180045,0.7099116444587708 
6190012,0.647370457649231 
6200018,0.6736755967140198 
6210046,0.718940794467926 
6220047,0.6705834269523621 
6230042,0.7389506697654724 
6240004,0.6503889560699463 
6250010,0.6847441792488098 
6260005,0.6516955494880676 
6270013,0.6813060641288757 
6280038,0.6304214596748352 
6290018,0.6506718993186951 
6300020,0.6072629690170288 
6310049,0.7578991055488586 
6320002,0.7023462653160095 
6330046,0.6902530193328857 
6340000,0.6385076642036438 
6350028,0.6463978290557861 
6360019,0.6889264583587646 
6370008,0.7445129156112671 
6380006,0.6907920837402344 
6390047,0.7118819952011108 
6400005,0.663601815700531 
6410013,0.7390288710594177 
6420036,0.717958927154541 
6430032,0.7003293633460999 
6440021,0.6386391520500183 
6450006,0.6682130694389343 
6460021,0.7247629761695862 
6470034,0.7334436774253845 
6480048,0.6385281682014465 
6490000,0.6167548894882202 
6500023,0.6233777403831482 
6510030,0.6770971417427063 
6520039,0.6784566640853882 
6530036,0.6610836982727051 
6540020,0.7491509318351746 
6550006,0.6505616903305054 
6560006,0.7209118008613586 
6570036,0.7004738450050354 
6580008,0.6937005519866943 
6590005,0.6744207739830017 
6600033,0.6671289205551147 
6610023,0.6342342495918274 
6620021,0.6657866835594177 
6630027,0.6882755160331726 
6640040,0.7073642015457153 
6650004,0.7168224453926086 
6660031,0.7100070118904114 
6670039,0.7351915240287781 
6680040,0.649646520614624 
6690000,0.7600859999656677 
6700011,0.7085538506507874 
6710038,0.7302547693252563 
6720004,0.7012588381767273 
6730042,0.7116340398788452 
6740011,0.6961135864257812 
6750023,0.7128953337669373 
6760004,0.6716725826263428 
6770006,0.6375328302383423 
6780012,0.7582122683525085 
6790012,0.7027100920677185 
6800029,0.7425176501274109 
6810025,0.6891958713531494 
6820012,0.7096118330955505 
6830028,0.7051727771759033 
6840029,0.7218281626701355 
6850039,0.742617666721344 
6860014,0.7450607419013977 
6870033,0.7294584512710571 
6880038,0.6659339666366577 
6890038,0.7369973063468933 
6900029,0.6906863451004028 
6910035,0.7237583994865417 
6920000,0.7286712527275085 
6930009,0.709891676902771 
6940027,0.6752066016197205 
6950012,0.7623129487037659 
6960008,0.7135525345802307 
6970003,0.7519161701202393 
6980014,0.704663872718811 
6990044,0.6697258949279785 
7000020,0.718393087387085 
7010018,0.7362185716629028 
7020029,0.7540196180343628 
7030035,0.7618968486785889 
7040018,0.7292899489402771 
7050044,0.7287286520004272 
7060018,0.6724590063095093 
7070021,0.701291561126709 
7080026,0.7274799942970276 
7090022,0.6528391242027283 
7100009,0.769926130771637 
7110029,0.6962200403213501 
7120022,0.7258170247077942 
7130018,0.7310507297515869 
7140016,0.693142831325531 
7150016,0.7254959940910339 
7160026,0.7518230676651001 
7170018,0.7212448120117188 
7180022,0.702027440071106 
7190018,0.7829667925834656 
7200005,0.7423134446144104 
7210000,0.6494506597518921 
7220016,0.6411077976226807 
7230011,0.7281811237335205 
7240003,0.6822757124900818 
7250046,0.7342815399169922 
7260007,0.7375971078872681 
7270018,0.7001882791519165 
7280044,0.7303030490875244 
7290016,0.6553863286972046 
7300011,0.6676328182220459 
7310013,0.8001121282577515 
7320028,0.6967275142669678 
7330049,0.7617170214653015 
7340023,0.6596837043762207 
7350027,0.7054562568664551 
7360022,0.7102009057998657 
7370014,0.7505900859832764 
7380003,0.6764087677001953 
7390046,0.6267372965812683 
7400028,0.6911514401435852 
7410025,0.7356808185577393 
7420034,0.6968637704849243 
7430000,0.7264791131019592 
7440000,0.6942986845970154 
7450024,0.6718689203262329 
7460002,0.7600321769714355 
7470036,0.7808364033699036 
7480007,0.7306640148162842 
7490029,0.7360861897468567 
7500039,0.7787524461746216 
7510023,0.7063260674476624 
7520006,0.6774747967720032 
7530039,0.7322909832000732 
7540021,0.723555326461792 
7550009,0.7033687829971313 
7560021,0.7538008093833923 
7570045,0.6856687664985657 
7580038,0.7324962615966797 
7590000,0.7097606062889099 
7600043,0.7075263261795044 
7610040,0.7177762389183044 
7620023,0.7098965644836426 
7630020,0.6894018054008484 
7640004,0.6832202076911926 
7650042,0.7301650047302246 
7660017,0.7388363480567932 
7670011,0.7035079002380371 
7680029,0.6647483706474304 
7690022,0.7296265959739685 
7700027,0.7424166798591614 
7710021,0.741147518157959 
7720006,0.7386137247085571 
7730040,0.7159690260887146 
7740008,0.6776611804962158 
7750014,0.6987163424491882 
7760011,0.7882077097892761 
7770005,0.6771571636199951 
7780040,0.7224360704421997 
7790023,0.7128225564956665 
7800036,0.6704391241073608 
7810017,0.7508829236030579 
7820012,0.7332510948181152 
7830019,0.7227027416229248 
7840023,0.7636397480964661 
7850005,0.740792453289032 
7860031,0.7498225569725037 
7870001,0.7519079446792603 
7880038,0.781280517578125 
7890019,0.7287342548370361 
7900020,0.7360436916351318 
7910007,0.7379022240638733 
7920029,0.7576736211776733 
7930005,0.6889504194259644 
7940043,0.6909186840057373 
7950004,0.7513602375984192 
7960007,0.8259516954421997 
7970034,0.737617015838623 
7980000,0.7777103185653687 
7990015,0.7107195854187012 
8000013,0.7598822116851807 
8010017,0.7164289951324463 
8020041,0.6628183722496033 
8030002,0.756720781326294 
8040009,0.7519714832305908 
8050015,0.6655227541923523 
8060013,0.7311825752258301 
8070001,0.7481996417045593 
8080004,0.7500289082527161 
8090023,0.7067785859107971 
8100048,0.7245620489120483 
8110000,0.6933793425559998 
8120043,0.7728578448295593 
8130021,0.7079472541809082 
8140017,0.7692906856536865 
8150026,0.7417805194854736 
8160007,0.7466248869895935 
8170003,0.7025754451751709 
8180013,0.6580498218536377 
8190020,0.7250216007232666 
8200033,0.7298782467842102 
8210019,0.7170184254646301 
8220006,0.7237151265144348 
8230047,0.7139050364494324 
8240047,0.7187060713768005 
8250029,0.7318079471588135 
8260039,0.6786743402481079 
8270002,0.6823212504386902 
8280028,0.7419371604919434 
8290008,0.7313886880874634 
8300010,0.6901032328605652 
8310029,0.688626229763031 
8320008,0.6875274777412415 
8330014,0.7167221307754517 
8340033,0.6971869468688965 
8350016,0.7359015941619873 
8360010,0.7174749970436096 
8370003,0.733316957950592 
8380024,0.6950784921646118 
8390022,0.6810895800590515 
8400008,0.6906173825263977 
8410002,0.7264246940612793 
8420019,0.6878812313079834 
8430005,0.6875247955322266 
8440020,0.7064836621284485 
8450011,0.734254777431488 
8460031,0.7542310953140259 
8470046,0.6834094524383545 
8480043,0.7495411038398743 
8490007,0.7526706457138062 
8500006,0.7506164312362671 
8510003,0.7324453592300415 
8520039,0.7219695448875427 
8530027,0.7578482031822205 
8540006,0.7607901096343994 
8550006,0.6796910166740417 
8560031,0.7365326881408691 
8570017,0.684569776058197 
8580022,0.71065354347229 
8590026,0.7692383527755737 
8600046,0.7258248925209045 
8610010,0.7992381453514099 
8620031,0.7258927226066589 
8630043,0.7624277472496033 
8640016,0.7716749310493469 
8650000,0.7745405435562134 
8660042,0.7235668897628784 
8670012,0.7176874279975891 
8680027,0.796322226524353 
8690002,0.7527928352355957 
8700012,0.7055164575576782 
8710007,0.787293553352356 
8720033,0.7291883826255798 
8730043,0.7507582306861877 
8740005,0.6799757480621338 
8750007,0.7031040787696838 
8760031,0.7987942695617676 
8770030,0.7363749146461487 
8780006,0.7322338819503784 
8790020,0.7448014616966248 
8800012,0.8002407550811768 
8810048,0.7347687482833862 
8820009,0.7443878650665283 
8830032,0.7144685983657837 
8840015,0.7399446368217468 
8850006,0.7258155941963196 
8860016,0.7347398996353149 
8870007,0.7310381531715393 
8880039,0.6630005836486816 
8890009,0.7809963822364807 
8900016,0.7437790632247925 
8910019,0.8013439178466797 
8920007,0.7590963244438171 
8930008,0.7055939435958862 
8940000,0.7953708171844482 
8950008,0.8053496479988098 
8960000,0.7449792623519897 
8970017,0.750355064868927 
8980044,0.7471596002578735 
8990000,0.7611355781555176 
9000024,0.6907765865325928 
9010043,0.7606922388076782 
9020006,0.7803628444671631 
9030022,0.6827980279922485 
9040046,0.7773184776306152 
9050026,0.6873210072517395 
9060033,0.804917573928833 
9070008,0.7350472211837769 
9080011,0.7122873067855835 
9090000,0.7612152099609375 
9100001,0.7811706066131592 
9110004,0.7556285858154297 
9120002,0.7704704999923706 
9130017,0.700685441493988 
9140020,0.7462645173072815 
9150011,0.7356728911399841 
9160004,0.7299342155456543 
9170011,0.6948675513267517 
9180026,0.7584326863288879 
9190033,0.7511512041091919 
9200024,0.8206313252449036 
9210001,0.7115428447723389 
9220011,0.7664426565170288 
9230033,0.7842773199081421 
9240016,0.7452691793441772 
9250008,0.7794307470321655 
9260014,0.7124921679496765 
9270001,0.7894191145896912 
9280048,0.7455486059188843 
9290026,0.7920581102371216 
9300017,0.7676330804824829 
9310010,0.7990764379501343 
9320004,0.7246240973472595 
9330022,0.8176186084747314 
9340024,0.7916797399520874 
9350041,0.8066027164459229 
9360038,0.7075439691543579 
9370005,0.7312303781509399 
9380028,0.7532902359962463 
9390022,0.7401138544082642 
9400048,0.7838708758354187 
9410014,0.808438777923584 
9420000,0.7247127294540405 
9430018,0.7864497303962708 
9440026,0.7766619920730591 
9450039,0.7320863604545593 
9460006,0.7919899225234985 
9470017,0.741426408290863 
9480006,0.7747222185134888 
9490034,0.7510692477226257 
9500000,0.6896268725395203 
9510035,0.7473754286766052 
9520026,0.7265286445617676 
9530006,0.8336439728736877 
9540010,0.7242827415466309 
9550010,0.7988654375076294 
9560032,0.7579459547996521 
9570021,0.7324978113174438 
9580000,0.7737395763397217 
9590024,0.800551176071167 
9600004,0.7959568500518799 
9610031,0.8043574690818787 
9620027,0.8244659900665283 
9630036,0.7277783155441284 
9640008,0.7261322140693665 
9650039,0.7596220970153809 
9660036,0.779387891292572 
9670011,0.7198756337165833 
9680002,0.704925000667572 
9690019,0.8044809103012085 
9700005,0.7383226752281189 
9710038,0.7663503885269165 
9720041,0.8115781545639038 
9730036,0.7595481872558594 
9740033,0.692033588886261 
9750025,0.7232726812362671 
9760032,0.7688323855400085 
9770033,0.7193908095359802 
9780012,0.774608850479126 
9790047,0.8001728653907776 
9800035,0.8128358721733093 
9810010,0.687508225440979 
9820000,0.7311030626296997 
9830021,0.7616797685623169 
9840024,0.7752699851989746 
9850037,0.7558292150497437 
9860019,0.7853944897651672 
9870001,0.7504690289497375 
9880002,0.7810012102127075 
9890041,0.7778816223144531 
9900006,0.7572550773620605 
9910046,0.7811132073402405 
9920000,0.7222973704338074 
9930019,0.7880061864852905 
9940003,0.7852533459663391 
9950034,0.8394462466239929 
9960030,0.7221993803977966 
9970021,0.7296255230903625 
9980020,0.7398021817207336 
9990046,0.724732518196106 
10000033,0.79766446352005 
10010016,0.7345300912857056 
10020013,0.7952932119369507 
10030008,0.7843214273452759 
10040000,0.685283899307251 
10050049,0.802090585231781 
10060037,0.7777112722396851 
10070009,0.7541849613189697 
10080017,0.7457616925239563 
10090028,0.7236106395721436 
10100027,0.8557649850845337 
10110040,0.837250828742981 
10120010,0.6901043057441711 
10130034,0.7375923991203308 
10140029,0.7334839105606079 
10150004,0.6902801990509033 
10160010,0.7702345848083496 
10170002,0.7521849274635315 
10180000,0.7659049034118652 
10190029,0.7862334251403809 
10200026,0.7506464123725891 
10210000,0.7706265449523926 
10220018,0.7539354562759399 
10230000,0.8010172843933105 
10240028,0.7082889080047607 
10250041,0.7914097309112549 
10260006,0.7230673432350159 
10270029,0.7881582379341125 
10280004,0.732429563999176 
10290009,0.7613145709037781 
10300000,0.8053997159004211 
10310045,0.7570148706436157 
10320037,0.7559117674827576 
10330016,0.7478936910629272 
10340019,0.7670860886573792 
10350036,0.747361958026886 
10360007,0.727518618106842 
10370046,0.7669793963432312 
10380039,0.7703078985214233 
10390038,0.7775722742080688 
10400007,0.7391201257705688 
10410047,0.7439051270484924 
10420008,0.7775774598121643 
10430017,0.7724521160125732 
10440043,0.7779955267906189 
10450032,0.7660945057868958 
10460046,0.7503570318222046 
10470007,0.7608732581138611 
10480011,0.771565318107605 
10490033,0.7737727165222168 
10500003,0.7708271741867065 
10510048,0.7717099189758301 
10520008,0.8162411451339722 
10530045,0.7570642232894897 
10540030,0.7886748313903809 
10550006,0.7907154560089111 
10560008,0.779297947883606 
10570005,0.8139044046401978 
10580028,0.6980577111244202 
10590014,0.7908183336257935 
10600034,0.7720509171485901 
10610021,0.7821099758148193 
10620022,0.7739108204841614 
10630005,0.7560092210769653 
10640015,0.7708414196968079 
10650010,0.7546364068984985 
10660008,0.8074727058410645 
10670015,0.8088957071304321 
10680002,0.7911673188209534 
10690014,0.7556972503662109 
10700013,0.7954823970794678 
10710016,0.7944197654724121 
10720012,0.8042409420013428 
10730037,0.7529134154319763 
10740025,0.7990014553070068 
10750032,0.7133054137229919 
10760030,0.7948516607284546 
10770028,0.8148155212402344 
10780007,0.7628151774406433 
10790020,0.7501379251480103 
10800025,0.7584836483001709 
10810036,0.7842158675193787 
10820027,0.7879480123519897 
10830025,0.7296997308731079 
10840013,0.7565380930900574 
10850005,0.7319369316101074 
10860029,0.779034435749054 
10870033,0.7772244215011597 
10880004,0.8119642734527588 
10890038,0.7946150302886963 
10900001,0.8103444576263428 
10910004,0.7212489247322083 
10920038,0.7750811576843262 
10930025,0.7205674648284912 
10940008,0.794390857219696 
10950010,0.7647584676742554 
10960044,0.8101882338523865 
10970011,0.7732627391815186 
10980037,0.8547726273536682 
10990049,0.7738426327705383 
11000038,0.7741087079048157 
11010013,0.7678888440132141 
11020036,0.8039992451667786 
11030023,0.812455415725708 
11040044,0.8094310164451599 
11050005,0.8161378502845764 
11060003,0.7775912284851074 
11070025,0.7479652166366577 
11080010,0.7390205264091492 
11090003,0.775352954864502 
11100042,0.7670424580574036 
11110003,0.8165495991706848 
11120010,0.7337694764137268 
11130038,0.7294865250587463 
11140002,0.8208065629005432 
11150020,0.6926019191741943 
11160004,0.8023208379745483 
11170040,0.713459849357605 
11180042,0.7207971811294556 
11190028,0.7416995167732239 
11200007,0.8222030401229858 
11210001,0.7479785084724426 
11220025,0.7780358791351318 
11230002,0.6923754811286926 
11240043,0.7497190833091736 
11250048,0.7609636187553406 
11260042,0.7206578850746155 
11270038,0.777127742767334 
11280004,0.7143824100494385 
11290010,0.7510191202163696 
11300013,0.7454961538314819 
11310009,0.7596713304519653 
11320013,0.8100307583808899 
11330002,0.7660600543022156 
11340041,0.8487821817398071 
11350030,0.7969210743904114 
11360012,0.8120987415313721 
11370020,0.7699509263038635 
11380002,0.779793381690979 
11390020,0.7471514940261841 
11400007,0.7746157646179199 
11410014,0.7424243688583374 
11420012,0.7565264105796814 
11430048,0.8013393878936768 
11440009,0.7759401202201843 
11450011,0.7796137928962708 
11460023,0.800861120223999 
11470010,0.8194266557693481 
11480044,0.7997578382492065 
11490033,0.8045411705970764 
11500003,0.8379443883895874 
11510031,0.716422975063324 
11520019,0.7764013409614563 
11530003,0.8095837235450745 
11540020,0.8279983401298523 
11550016,0.7948977947235107 
11560014,0.7937809824943542 
11570042,0.7715098857879639 
11580006,0.797904908657074 
11590018,0.7569869160652161 
11600024,0.7803946137428284 
11610024,0.6962206363677979 
11620047,0.738667368888855 
11630001,0.7528786659240723 
11640007,0.7747089862823486 
11650028,0.8163237571716309 
11660049,0.8143052458763123 
11670027,0.8123024106025696 
11680013,0.8269351720809937 
11690001,0.8243253231048584 
11700007,0.7687870860099792 
11710002,0.766472578048706 
11720016,0.8036632537841797 
11730017,0.8308303952217102 
11740012,0.787485659122467 
11750029,0.7758083939552307 
11760022,0.77791428565979 
11770023,0.7890992760658264 
11780020,0.7402927279472351 
11790012,0.7971079349517822 
11800011,0.8309341669082642 
11810003,0.7612132430076599 
11820003,0.7468699812889099 
11830048,0.7854289412498474 
11840030,0.752521812915802 
11850019,0.7831238508224487 
11860020,0.7786990404129028 
11870001,0.7685425281524658 
11880038,0.7702950835227966 
11890031,0.7476046085357666 
11900005,0.7945460677146912 
11910009,0.7513699531555176 
11920037,0.7391788959503174 
11930049,0.8057409524917603 
11940038,0.7896420359611511 
11950034,0.6996588110923767 
11960017,0.7108300924301147 
11970009,0.7869044542312622 
11980025,0.7634969353675842 
11990027,0.7847443222999573 
12000002,0.6676741242408752 
12010000,0.7522087693214417 
12020000,0.707990288734436 
12030024,0.8069097995758057 
12040025,0.7873581647872925 
12050016,0.766549289226532 
12060034,0.7993414402008057 
12070026,0.7622658610343933 
12080025,0.7539288401603699 
12090035,0.7967411279678345 
12100012,0.7625246644020081 
12110026,0.7400286197662354 
12120023,0.8056588172912598 
12130048,0.7564440965652466 
12140006,0.8033177852630615 
12150010,0.8146833181381226 
12160023,0.7909156680107117 
12170039,0.7586926221847534 
12180037,0.7869802713394165 
12190005,0.7545278668403625 
12200036,0.7751481533050537 
12210008,0.8414496779441833 
12220016,0.780342161655426 
12230005,0.8066365122795105 
12240022,0.7183050513267517 
12250013,0.7979453206062317 
12260008,0.794231653213501 
12270023,0.7964271306991577 
12280015,0.7780320048332214 
12290005,0.8089011907577515 
12300005,0.8278290033340454 
12310024,0.764906644821167 
12320046,0.7624268531799316 
12330028,0.7236232757568359 
12340028,0.7558664679527283 
12350013,0.7953277826309204 
12360010,0.7744650840759277 
12370009,0.7343854308128357 
12380044,0.7497815489768982 
12390013,0.8164861798286438 
12400005,0.7822726368904114 
12410010,0.7857604026794434 
12420012,0.7975938320159912 
12430014,0.809455156326294 
12440023,0.8051618933677673 
12450015,0.8049096465110779 
12460048,0.7555904984474182 
12470016,0.8003048896789551 
12480000,0.7627018690109253 
12490006,0.7613636255264282 
12500040,0.7967170476913452 
12510015,0.7758982181549072 
12520011,0.841550886631012 
12530037,0.7248786687850952 
12540000,0.7704516649246216 
12550022,0.7541036009788513 
12560012,0.7787768840789795 
12570040,0.7984598278999329 
12580000,0.765648603439331 
12590019,0.7400590777397156 
12600028,0.8510943651199341 
12610010,0.7217417359352112 
12620026,0.8005293011665344 
12630031,0.7968885898590088 
12640013,0.7893518209457397 
12650007,0.8067438006401062 
12660049,0.7395438551902771 
12670006,0.7974137663841248 
12680001,0.7341804504394531 
12690026,0.7330420613288879 
12700021,0.7843911051750183 
12710014,0.8145816326141357 
12720012,0.7458462715148926 
12730038,0.8336467146873474 
12740041,0.7782488465309143 
12750005,0.7878926992416382 
12760005,0.8255380392074585 
12770014,0.8149416446685791 
12780006,0.7968499660491943 
12790035,0.7907553315162659 
12800005,0.8200825452804565 
12810018,0.7918679118156433 
12820010,0.7849209308624268 
12830002,0.8173545002937317 
12840023,0.7596451044082642 
12850017,0.8001661896705627 
12860014,0.8002372980117798 
12870019,0.8203173279762268 
12880012,0.8050874471664429 
12890038,0.712821364402771 
12900045,0.8142493963241577 
12910013,0.8011694550514221 
12920025,0.7238122820854187 
12930015,0.7514334917068481 
12940020,0.7748193144798279 
12950003,0.7982027530670166 
12960031,0.809608519077301 
12970022,0.7655991315841675 
12980003,0.7840511202812195 
12990031,0.7899112701416016 
13000004,0.7542467713356018 
13010030,0.8040196895599365 
13020020,0.78484708070755 
13030018,0.7957630753517151 
13040008,0.8208961486816406 
13050006,0.8008540868759155 
13060028,0.7492032051086426 
13070012,0.8349255323410034 
13080006,0.7775077819824219 
13090037,0.8096829056739807 
13100003,0.8212836384773254 
13110040,0.7439315319061279 
13120035,0.8014733791351318 
13130007,0.7270891666412354 
13140004,0.8151361346244812 
13150017,0.7095375657081604 
13160009,0.7653560638427734 
13170016,0.7380407452583313 
13180011,0.7893083095550537 
13190032,0.744834303855896 
13200010,0.8286699652671814 
13210000,0.7552860975265503 
13220015,0.7850505709648132 
13230019,0.8313607573509216 
13240044,0.8114668130874634 
13250000,0.8268754482269287 
13260004,0.8288785815238953 
13270001,0.7716996669769287 
13280025,0.8426058888435364 
13290039,0.7427886724472046 
13300042,0.8104990124702454 
13310026,0.8098597526550293 
13320020,0.7433643937110901 
13330028,0.7741868495941162 
13340014,0.8108479976654053 
13350045,0.8103699684143066 
13360003,0.783505380153656 
13370004,0.7857570052146912 
13380021,0.7623423933982849 
13390047,0.8026136755943298 
13400001,0.7822121977806091 
13410009,0.8186113834381104 
13420047,0.7507357597351074 
13430019,0.800017774105072 
13440006,0.8246327042579651 
13450031,0.7737174034118652 
13460010,0.762794017791748 
13470011,0.75238436460495 
13480007,0.7561896443367004 
13490008,0.8249514102935791 
13500028,0.7449480295181274 
13510039,0.7779914736747742 
13520012,0.7795317769050598 
13530006,0.7632725238800049 
13540008,0.7817016839981079 
13550033,0.7448555827140808 
13560014,0.8007161021232605 
13570004,0.7345342040061951 
13580002,0.7947245836257935 
13590042,0.7836599946022034 
13600014,0.7551462054252625 
13610036,0.7948409914970398 
13620005,0.8210686445236206 
13630010,0.7934746742248535 
13640004,0.7371423244476318 
13650028,0.726410448551178 
13660019,0.8593902587890625 
13670014,0.7528302073478699 
13680000,0.7966333627700806 
13690036,0.7984715104103088 
13700033,0.8286167979240417 
13710025,0.7356913685798645 
13720015,0.7650179862976074 
13730014,0.7994118332862854 
13740020,0.7758780717849731 
13750017,0.7853391170501709 
13760021,0.7749906778335571 
13770015,0.8213603496551514 
13780008,0.8041059970855713 
13790039,0.7709530591964722 
13800015,0.7457855343818665 
13810034,0.8060397505760193 
13820044,0.7678438425064087 
13830017,0.8251476287841797 
13840035,0.7831780314445496 
13850002,0.794584333896637 
13860011,0.794735312461853 
13870022,0.7361215353012085 
13880008,0.7851606011390686 
13890047,0.722378134727478 
13900003,0.7836698889732361 
13910027,0.7770038843154907 
13920002,0.8045526146888733 
13930010,0.7214248180389404 
13940016,0.8462469577789307 
13950011,0.7770939469337463 
13960021,0.8110994696617126 
13970032,0.802935004234314 
13980001,0.8633313179016113 
13990046,0.8255040645599365 
14000016,0.753068208694458 
14010021,0.8094159960746765 
14020018,0.7748776078224182 
14030018,0.803588330745697 
14040049,0.7395648956298828 
14050009,0.7772098779678345 
14060032,0.7934352159500122 
14070022,0.8584782481193542 
14080007,0.8161629438400269 
14090007,0.8269851803779602 
14100025,0.8009360432624817 
14110037,0.8064677715301514 
14120015,0.7770648002624512 
14130041,0.7896924018859863 
14140015,0.8108331561088562 
14150016,0.7689568400382996 
14160044,0.7890309691429138 
14170048,0.8397241234779358 
14180000,0.8078909516334534 
14190024,0.7922970652580261 
14200017,0.8063070774078369 
14210007,0.8432504534721375 
14220020,0.8014673590660095 
14230007,0.8206499218940735 
14240012,0.8076081275939941 
14250047,0.758293628692627 
14260012,0.7771269083023071 
14270002,0.7953776717185974 
14280033,0.8329991102218628 
14290020,0.804703950881958 
14300033,0.8595088124275208 
14310007,0.809030294418335 
14320031,0.7683312892913818 
14330023,0.8143945336341858 
14340046,0.8226515054702759 
14350001,0.7804076671600342 
14360018,0.825957179069519 
14370019,0.8599071502685547 
14380015,0.7834143042564392 
14390012,0.8092480301856995 
14400023,0.7972155809402466 
14410042,0.7438517808914185 
14420041,0.7754811644554138 
14430031,0.8457497954368591 
14440041,0.8161974549293518 
14450014,0.8524096608161926 
14460012,0.7956830859184265 
14470026,0.7823814153671265 
14480003,0.787540078163147 
14490019,0.8086267709732056 
14500005,0.8684951066970825 
14510009,0.789294421672821 
14520002,0.7571260929107666 
14530012,0.7926246523857117 
14540011,0.7381976842880249 
14550031,0.7714588642120361 
14560010,0.8068809509277344 
14570015,0.7891182899475098 
14580014,0.8074872493743896 
14590014,0.782545268535614 
14600015,0.8009973764419556 
14610027,0.8145017027854919 
14620005,0.7767014503479004 
14630022,0.8422993421554565 
14640032,0.776081919670105 
14650023,0.7842366695404053 
14660017,0.8504225015640259 
14670047,0.7959221005439758 
14680007,0.8263713717460632 
14690004,0.8134792447090149 
14700004,0.7583929300308228 
14710019,0.8065000772476196 
14720012,0.7771903872489929 
14730001,0.7899515628814697 
14740006,0.7467261552810669 
14750012,0.8279703259468079 
14760007,0.8409535884857178 
14770028,0.7826346755027771 
14780018,0.8005056977272034 
14790049,0.8197969198226929 
14800011,0.7782437801361084 
14810027,0.7579754590988159 
14820033,0.8167359828948975 
14830010,0.7655415534973145 
14840002,0.7983247637748718 
14850019,0.8462371826171875 
14860006,0.8084408640861511 
14870011,0.7999897599220276 
14880031,0.8368061780929565 
14890009,0.8236441612243652 
14900043,0.8301337361335754 
14910032,0.7897180914878845 
14920015,0.8004792928695679 
14930023,0.7916012406349182 
14940007,0.8509158492088318 
14950022,0.8161149621009827 
14960048,0.8289892077445984 
14970002,0.8278587460517883 
14980019,0.7836111187934875 
14990043,0.8475809693336487 
15000027,0.783993661403656 
15010015,0.7837209105491638 
15020022,0.7356085181236267 
15030007,0.76676344871521 
15040035,0.8029747009277344 
15050010,0.7637069225311279 
15060033,0.7930273413658142 
15070046,0.7619235515594482 
15080005,0.8008926510810852 
15090038,0.8326941728591919 
15100021,0.8250081539154053 
15110005,0.8404182195663452 
15120008,0.8801360130310059 
15130045,0.858498215675354 
15140007,0.8948414325714111 
15150028,0.7868893146514893 
15160016,0.8491003513336182 
15170047,0.7731435894966125 
15180043,0.8043544292449951 
15190018,0.7921755909919739 
15200021,0.8018945455551147 
15210011,0.7809045314788818 
15220018,0.733783483505249 
15230039,0.7871132493019104 
15240022,0.8078659176826477 
15250030,0.807695746421814 
15260010,0.8294942378997803 
15270021,0.7780292630195618 
15280015,0.7433792948722839 
15290027,0.7812175154685974 
15300000,0.8549014329910278 
15310012,0.8778185844421387 
15320026,0.7940644025802612 
15330017,0.7943832874298096 
15340043,0.8174415826797485 
15350022,0.7851394414901733 
15360019,0.7357475161552429 
15370033,0.8574878573417664 
15380034,0.8115621209144592 
15390048,0.7859196662902832 
15400004,0.8285768032073975 
15410028,0.8099052309989929 
15420023,0.7806028723716736 
15430028,0.8178062438964844 
15440003,0.7628782391548157 
15450003,0.7498138546943665 
15460033,0.7581027746200562 
15470046,0.7849186062812805 
15480004,0.8047802448272705 
15490015,0.8094549775123596 
15500029,0.8148645758628845 
15510014,0.8071361780166626 
15520016,0.8413438200950623 
15530048,0.7454025745391846 
15540020,0.850990355014801 
15550008,0.7326671481132507 
15560037,0.7932959198951721 
15570009,0.829479992389679 
15580014,0.8069686889648438 
15590016,0.8484092950820923 
15600023,0.7511810064315796 
15610007,0.781008243560791 
15620038,0.7841095924377441 
15630015,0.8182449340820312 
15640021,0.7738819718360901 
15650004,0.8124095797538757 
15660006,0.8187944889068604 
15670003,0.8262609839439392 
15680032,0.829744815826416 
15690018,0.7788358926773071 
15700032,0.7865031361579895 
15710000,0.792884886264801 
15720033,0.8251228332519531 
15730026,0.7819284200668335 
15740028,0.7251011729240417 
15750012,0.811373770236969 
15760035,0.8044006824493408 
15770000,0.8413965106010437 
15780003,0.7649648785591125 
15790048,0.8478305339813232 
15800003,0.7917307019233704 
15810008,0.8332371711730957 
15820017,0.8337116837501526 
15830041,0.8501492142677307 
15840031,0.7947393655776978 
15850042,0.8731264472007751 
15860016,0.8252004384994507 
15870005,0.7913511395454407 
15880042,0.7644012570381165 
15890024,0.8007370233535767 
15900033,0.801687479019165 
15910013,0.8102021217346191 
15920038,0.7949036359786987 
15930003,0.8224818706512451 
15940017,0.8448890447616577 
15950004,0.8478388786315918 
15960012,0.8134503960609436 
15970029,0.7939006686210632 
15980041,0.7499280571937561 
15990046,0.8112444281578064 
16000020,0.83544921875 
16010046,0.7632729411125183 
16020047,0.8052240610122681 
16030015,0.8636637330055237 
16040005,0.8367181420326233 
16050005,0.849104106426239 
16060029,0.7985228896141052 
16070020,0.8064110279083252 
16080046,0.7566018104553223 
16090003,0.7791588306427002 
16100007,0.7506598830223083 
16110024,0.778334379196167 
16120006,0.8039032816886902 
16130002,0.8273193836212158 
16140004,0.7798336148262024 
16150021,0.8234851956367493 
16160047,0.7952096462249756 
16170029,0.6921024918556213 
16180006,0.8180855512619019 
16190033,0.7780673503875732 
16200007,0.7917488217353821 
16210022,0.8119212985038757 
16220030,0.7450405359268188 
16230024,0.8404361605644226 
16240036,0.8192226886749268 
16250020,0.7879316806793213 
16260002,0.8175895810127258 
16270043,0.8402832746505737 
16280024,0.8910547494888306 
16290016,0.7992972731590271 
16300012,0.7763137221336365 
16310016,0.8145051598548889 
16320017,0.7573504447937012 
16330012,0.8234964609146118 
16340006,0.8259095549583435 
16350036,0.8271343111991882 
16360040,0.7590110898017883 
16370023,0.8476354479789734 
16380019,0.84238600730896 
16390000,0.8068630695343018 
16400002,0.8381420373916626 
16410019,0.8074116706848145 
16420017,0.7786297798156738 
16430042,0.8353869915008545 
16440005,0.7481760382652283 
16450022,0.7899839878082275 
16460004,0.7906360030174255 
16470012,0.779050350189209 
16480039,0.7687525749206543 
16490010,0.7739675641059875 
16500010,0.7830590605735779 
16510041,0.8000010848045349 
16520000,0.8369364142417908 
16530010,0.7938740253448486 
16540015,0.8163465857505798 
16550029,0.8040164113044739 
16560029,0.8094452619552612 
16570019,0.8506268262863159 
16580027,0.7562941908836365 
16590048,0.817318320274353 
16600022,0.8090941905975342 
16610011,0.7884702086448669 
16620000,0.7977765798568726 
16630019,0.7481152415275574 
16640018,0.8400208353996277 
16650012,0.8285104632377625 
16660014,0.7383037805557251 
16670038,0.7993866801261902 
16680029,0.8407824635505676 
16690035,0.8014057874679565 
16700029,0.7830267548561096 
16710016,0.7879058718681335 
16720025,0.8188469409942627 
16730023,0.8189704418182373 
16740003,0.8414260745048523 
16750042,0.8381765484809875 
16760011,0.8016900420188904 
16770010,0.8031126260757446 
16780027,0.8420115113258362 
16790004,0.8189440369606018 
16800003,0.7915412783622742 
16810012,0.8284433484077454 
16820019,0.7940336465835571 
16830011,0.8630794286727905 
16840001,0.8818756341934204 
16850027,0.8640559911727905 
16860016,0.8468191623687744 
16870009,0.8623378276824951 
16880018,0.7823278903961182 
16890011,0.8273767232894897 
16900014,0.7944096326828003 
16910030,0.8328093886375427 
16920008,0.8231188058853149 
16930024,0.8039956092834473 
16940007,0.7930970191955566 
16950024,0.8544861674308777 
16960023,0.8036243915557861 
16970036,0.8055832386016846 
16980000,0.7892203330993652 
16990004,0.807374119758606 
17000002,0.8348973989486694 
17010028,0.8044119477272034 
17020008,0.7620123028755188 
17030012,0.8505227565765381 
17040031,0.7958991527557373 
17050047,0.7771716117858887 
17060027,0.7882780432701111 
17070008,0.8777675032615662 
17080013,0.7693937420845032 
17090006,0.8138006329536438 
17100022,0.8449094891548157 
17110007,0.8199604153633118 
17120006,0.8051702976226807 
17130013,0.8157060742378235 
17140038,0.8327838182449341 
17150034,0.7492732405662537 
17160007,0.8015012145042419 
17170044,0.8068262338638306 
17180012,0.7888906598091125 
17190037,0.8518845438957214 
17200048,0.7796671986579895 
17210017,0.8904291391372681 
17220004,0.7817399501800537 
17230036,0.8008935451507568 
17240037,0.7603992223739624 
17250031,0.8062620759010315 
17260044,0.7817671298980713 
17270000,0.8323837518692017 
17280005,0.8116294145584106 
17290016,0.800652027130127 
17300047,0.8078765869140625 
17310036,0.829955518245697 
17320021,0.7481449246406555 
17330017,0.7541877031326294 
17340003,0.7907956838607788 
17350000,0.7946347594261169 
17360021,0.7792695760726929 
17370021,0.8004081845283508 
17380036,0.8179035782814026 
17390007,0.8079168796539307 
17400030,0.8325557112693787 
17410002,0.789754331111908 
17420017,0.828874945640564 
17430005,0.7474262118339539 
17440044,0.7833854556083679 
17450002,0.801176130771637 
17460017,0.7342212796211243 
17470014,0.803280234336853 
17480030,0.8073824048042297 
17490003,0.8384721279144287 
17500013,0.8087813854217529 
17510003,0.7674428820610046 
17520026,0.8077634572982788 
17530044,0.7990062832832336 
17540041,0.8176940679550171 
17550040,0.8483822345733643 
17560000,0.8396410942077637 
17570016,0.8042300939559937 
17580017,0.7876476049423218 
17590011,0.832528293132782 
17600029,0.7797608971595764 
17610018,0.7978681921958923 
17620028,0.7885903716087341 
17630027,0.80352383852005 
17640013,0.7722464203834534 
17650020,0.7610242366790771 
17660030,0.8446539044380188 
17670015,0.8086517453193665 
17680029,0.7958554625511169 
17690035,0.7871938943862915 
17700001,0.7766126990318298 
17710016,0.8495460748672485 
17720002,0.870819628238678 
17730016,0.789398193359375 
17740019,0.8302179574966431 
17750014,0.8323960304260254 
17760049,0.8115786910057068 
17770017,0.8070967197418213 
17780017,0.8164463043212891 
17790020,0.759285569190979 
17800002,0.8441759347915649 
17810008,0.833982527256012 
17820002,0.8174675107002258 
17830008,0.7969505786895752 
17840012,0.810894250869751 
17850046,0.8291979432106018 
17860026,0.8785865902900696 
17870038,0.8357813954353333 
17880004,0.8402346968650818 
17890025,0.8178756833076477 
17900001,0.8462309241294861 
17910024,0.8100324273109436 
17920024,0.8112232089042664 
17930031,0.8041104078292847 
17940032,0.8145185708999634 
17950016,0.8286779522895813 
17960022,0.8013780117034912 
17970014,0.7775296568870544 
17980010,0.8494627475738525 
17990022,0.835216760635376 
18000021,0.8139680624008179 
18010008,0.7621298432350159 
18020037,0.8066966533660889 
18030013,0.7487280368804932 
18040012,0.832419216632843 
18050009,0.808591365814209 
18060022,0.7853653430938721 
18070016,0.8508963584899902 
18080004,0.8573670387268066 
18090018,0.8330232501029968 
18100003,0.8374194502830505 
18110027,0.8073432445526123 
18120008,0.8146156072616577 
18130015,0.8099918365478516 
18140000,0.8016690015792847 
18150019,0.8187441825866699 
18160047,0.8421347141265869 
18170012,0.818510890007019 
18180046,0.752247154712677 
18190033,0.8465322852134705 
18200003,0.826526939868927 
18210002,0.807468593120575 
18220022,0.8466751575469971 
18230001,0.8068389296531677 
18240014,0.8328998684883118 
18250036,0.8212459087371826 
18260021,0.7856572866439819 
18270005,0.8015106916427612 
18280012,0.7604222893714905 
18290005,0.8024687767028809 
18300043,0.8028965592384338 
18310043,0.8041454553604126 
18320035,0.7629987597465515 
18330005,0.8236569166183472 
18340002,0.8409892320632935 
18350021,0.8172410726547241 
18360013,0.8263378143310547 
18370013,0.8327271342277527 
18380000,0.8056804537773132 
18390016,0.7893162369728088 
18400027,0.8001284599304199 
18410002,0.8136671185493469 
18420016,0.7828935980796814 
18430011,0.8572784662246704 
18440023,0.8005610108375549 
18450010,0.8447431325912476 
18460030,0.7771365642547607 
18470002,0.8609486222267151 
18480013,0.8064212203025818 
18490048,0.7884854674339294 
18500020,0.8150445818901062 
18510022,0.8147503137588501 
18520036,0.819846510887146 
18530011,0.8284489512443542 
18540001,0.8318910002708435 
18550008,0.793882429599762 
18560013,0.7568796277046204 
