10000,0.395 
20000,0.52 
30000,0.72 
40000,0.78 
50000,0.85 
60000,0.94 
70000,0.975 
80000,1.185 
90000,1.225 
100000,1.355 
110000,1.265 
120000,0.885 
130000,0.87 
140045,-0.38308457711442784 
150045,-0.08 
160045,0.265 
170045,0.235 
180045,0.875 
190045,0.92 
200045,1.33 
210045,1.13 
220045,1.32 
230045,1.29 
240045,1.53 
250045,1.725 
260045,1.79 
270045,1.845 
280045,2.16 
290045,2.045 
300045,2.315 
310023,2.48 
320023,2.48 
330023,2.51 
340023,2.54 
350023,2.535 
360023,2.68 
370039,2.63681592039801 
380011,2.87 
390011,2.785 
400011,2.845 
410011,2.895 
420024,2.900497512437811 
430021,2.835 
440021,2.885 
450035,2.7860696517412937 
460022,3.0497512437810945 
470025,2.985074626865672 
480008,2.965 
490013,2.9402985074626864 
500013,3.045 
510046,3.0248756218905473 
520041,3.03 
530041,3.185 
540037,3.1641791044776117 
550020,3.145 
560002,3.175 
570022,3.318407960199005 
580006,3.2 
590003,3.263681592039801 
600013,3.18407960199005 
610008,3.2139303482587063 
620007,3.2039800995024876 
630031,3.318407960199005 
640040,3.298507462686567 
650039,3.205 
660045,3.366336633663366 
670047,3.427860696517413 
680024,3.2935323383084576 
690009,3.4527363184079602 
700038,3.3930348258706466 
710000,3.395 
720008,3.398009950248756 
730041,3.5073891625615765 
740020,3.328358208955224 
750009,3.4527363184079602 
760038,3.6108374384236455 
770043,3.4029850746268657 
780048,3.3842364532019706 
790021,3.4925373134328357 
800029,3.277227722772277 
810043,3.4634146341463414 
820039,3.381188118811881 
830040,3.3383084577114426 
840006,3.388059701492537 
850047,3.5588235294117645 
860028,3.487562189054726 
870005,3.3034825870646767 
880049,3.497536945812808 
890036,3.5693069306930694 
900033,3.4630541871921183 
910021,3.589108910891089 
920000,3.4405940594059405 
930006,3.3514851485148514 
940028,3.6813725490196076 
950004,3.462686567164179 
960047,3.4878048780487805 
970044,3.450980392156863 
980045,3.628712871287129 
990006,3.711442786069652 
1000036,3.297029702970297 
1010018,3.6766169154228856 
1020039,3.3793103448275863 
1030043,3.4676616915422884 
1040015,3.589108910891089 
1050006,3.4975124378109452 
1060027,3.561576354679803 
1070017,3.623762376237624 
1080018,3.70935960591133 
1090019,3.48019801980198 
1100018,3.6470588235294117 
1110045,3.765853658536585 
1120007,3.504950495049505 
1130015,3.4313725490196076 
1140023,3.58128078817734 
1150010,3.6732673267326734 
1160047,3.642156862745098 
1170009,3.6534653465346536 
1180000,3.6417910447761193 
1190005,3.5784313725490198 
1200022,3.902439024390244 
1210048,3.796116504854369 
1220044,3.8029556650246303 
1230008,3.892156862745098 
1240013,3.561576354679803 
1250029,3.803921568627451 
1260036,3.8737864077669903 
1270032,3.733009708737864 
1280003,3.6354679802955663 
1290026,3.731707317073171 
1300004,3.6470588235294117 
1310012,3.864734299516908 
1320019,3.8947368421052633 
1330036,3.9560975609756097 
1340031,3.970731707317073 
1350025,3.9565217391304346 
1360014,4.029268292682927 
1370000,3.6029411764705883 
1380047,3.970873786407767 
1390000,3.9558823529411766 
1400016,3.8058252427184467 
1410040,4.053658536585366 
1420045,3.8634146341463413 
1430014,4.014705882352941 
1440030,4.052884615384615 
1450009,3.7745098039215685 
1460016,4.009615384615385 
1470026,4.029411764705882 
1480012,4.0 
1490005,4.034313725490196 
1500000,4.106280193236715 
1510020,3.8333333333333335 
1520030,3.9121951219512194 
1530023,4.082926829268293 
1540025,3.902439024390244 
1550001,4.2105263157894735 
1560007,4.0772946859903385 
1570039,3.9663461538461537 
1580005,4.166666666666667 
1590024,4.228571428571429 
1600009,4.049019607843137 
1610010,4.137440758293839 
1620040,4.0634146341463415 
1630017,4.097087378640777 
1640018,4.0 
1650026,3.9711538461538463 
1660031,4.043269230769231 
1670000,4.221153846153846 
1680026,4.196172248803828 
1690011,4.184466019417476 
1700007,4.1913875598086126 
1710005,4.20873786407767 
1720025,4.2631578947368425 
1730007,4.100961538461538 
1740016,4.275700934579439 
1750030,4.100478468899522 
1760000,4.211538461538462 
1770033,4.248826291079812 
1780012,4.280952380952381 
1790002,4.114832535885167 
1800027,4.118483412322274 
1810027,4.2075471698113205 
1820012,4.222748815165877 
1830011,4.3173076923076925 
1840039,4.277511961722488 
1850012,4.315789473684211 
1860032,4.132701421800948 
1870019,4.416267942583732 
1880018,4.295238095238095 
1890008,4.048309178743962 
1900001,4.425233644859813 
1910016,4.514150943396227 
1920005,4.395348837209302 
1930028,4.376744186046512 
1940026,4.441860465116279 
1950022,4.457142857142857 
1960046,4.383177570093458 
1970016,4.621495327102804 
1980016,4.5046728971962615 
1990013,4.470319634703197 
2000018,4.44392523364486 
2010030,4.397196261682243 
2020015,4.550925925925926 
2030036,4.345794392523365 
2040003,4.472222222222222 
2050005,4.265402843601896 
2060027,4.530232558139535 
2070043,4.63302752293578 
2080003,4.4485981308411215 
2090000,4.5488372093023255 
2100029,4.348837209302325 
2110042,4.5 
2120020,4.666666666666667 
2130017,4.525114155251141 
2140009,4.613636363636363 
2150014,4.628440366972477 
2160039,4.511520737327189 
2170045,4.427272727272728 
2180046,4.474885844748859 
2190004,4.5656108597285066 
2200040,4.554545454545455 
2210003,4.631818181818182 
2220014,4.5291479820627805 
2230031,4.702222222222222 
2240013,4.755656108597285 
2250003,4.629464285714286 
2260018,4.769911504424779 
2270043,4.531531531531532 
2280041,4.845132743362832 
2290007,4.758928571428571 
2300027,4.671171171171171 
2310022,4.695067264573991 
2320034,4.72972972972973 
2330000,4.776785714285714 
2340016,4.791855203619909 
2350016,4.633928571428571 
2360023,4.747826086956522 
2370026,4.651785714285714 
2380026,4.751091703056769 
2390045,4.79372197309417 
2400028,4.758771929824562 
2410001,4.669683257918552 
2420012,4.646017699115045 
2430014,4.758620689655173 
2440030,4.802631578947368 
2450045,4.7631578947368425 
2460028,4.777292576419214 
2470013,4.643171806167401 
2480021,4.807860262008734 
2490023,4.857142857142857 
2500012,4.94017094017094 
2510045,4.934210526315789 
2520044,4.634361233480176 
2530001,4.98695652173913 
2540045,4.8808510638297875 
2550035,4.8130434782608695 
2560008,4.807860262008734 
2570012,4.836909871244635 
2580024,4.804347826086956 
2590006,4.8268398268398265 
2600035,4.9004329004329 
2610014,4.940928270042194 
2620009,5.029787234042553 
2630028,5.040983606557377 
2640047,5.07725321888412 
2650020,4.923728813559322 
2660010,4.948936170212766 
2670032,5.141078838174274 
2680003,4.888888888888889 
2690019,4.860169491525424 
2700000,4.944915254237288 
2710001,4.92436974789916 
2720023,5.100418410041841 
2730030,5.115702479338843 
2740017,5.102880658436214 
2750044,5.127049180327869 
2760033,5.163265306122449 
2770034,5.095041322314049 
2780024,5.267206477732794 
2790020,5.178137651821863 
2800024,5.091286307053942 
2810011,4.955284552845528 
2820015,5.072 
2830001,5.135245901639344 
2840011,5.02092050209205 
2850020,5.155378486055777 
2860034,5.152610441767068 
2870001,5.106995884773663 
2880026,5.167315175097277 
2890017,5.2 
2900015,5.2 
2910023,5.175298804780876 
2920016,5.226190476190476 
2930028,5.274900398406374 
2940040,5.234126984126984 
2950021,5.248031496062992 
2960011,5.2103174603174605 
2970025,5.243137254901961 
2980009,5.047808764940239 
2990014,5.1020408163265305 
3000012,5.25984251968504 
3010016,5.303846153846154 
3020018,5.313953488372093 
3030026,5.40625 
3040033,5.26953125 
3050036,5.326693227091633 
3060007,5.121951219512195 
3070026,5.294117647058823 
3080039,5.3726235741444865 
3090043,5.096 
3100004,5.141732283464567 
3110032,5.24904214559387 
3120032,5.232824427480916 
3130034,5.349624060150376 
3140006,5.325670498084291 
3150018,5.3501945525291825 
3160031,5.408088235294118 
3170008,5.314741035856573 
3180032,5.276515151515151 
3190037,5.23046875 
3200013,5.363636363636363 
3210004,5.450757575757576 
3220035,5.316981132075472 
3230002,5.426966292134831 
3240014,5.306513409961686 
3250033,5.364661654135339 
3260038,5.474264705882353 
3270021,5.345864661654136 
3280005,5.275092936802974 
3290023,5.405204460966543 
3300011,5.325925925925926 
3310010,5.2631578947368425 
3320038,5.423913043478261 
3330011,5.37956204379562 
3340017,5.295880149812734 
3350021,5.360714285714286 
3360014,5.327137546468402 
3370044,5.220149253731344 
3380011,5.517985611510792 
3390008,5.471830985915493 
3400031,5.276978417266187 
3410002,5.345454545454546 
3420039,5.426523297491039 
3430045,5.365853658536586 
3440033,5.314814814814815 
3450016,5.5503597122302155 
3460010,5.379061371841155 
3470008,5.553956834532374 
3480015,5.594306049822064 
3490017,5.327338129496403 
3500001,5.378181818181818 
3510024,5.401459854014599 
3520017,5.431654676258993 
3530014,5.427536231884058 
3540014,5.385454545454546 
3550038,5.432142857142857 
3560019,5.44 
3570006,5.443661971830986 
3580019,5.363309352517986 
3590043,5.377289377289378 
3600017,5.421985815602837 
3610008,5.455479452054795 
3620009,5.4496402877697845 
3630020,5.450171821305842 
3640029,5.45993031358885 
3650027,5.374100719424461 
3660012,5.586805555555555 
3670026,5.486013986013986 
3680024,5.494661921708185 
3690016,5.371929824561404 
3700019,5.579661016949153 
3710026,5.533783783783784 
3720047,5.595238095238095 
3730048,5.4727891156462585 
3740010,5.612582781456954 
3750021,5.458620689655173 
3760027,5.3992932862190814 
3770002,5.611486486486487 
3780005,5.443298969072165 
3790003,5.587628865979381 
3800008,5.484429065743945 
3810004,5.496644295302014 
3820019,5.424561403508772 
3830005,5.54006968641115 
3840018,5.5633333333333335 
3850016,5.534013605442177 
3860029,5.407665505226481 
3870013,5.4324324324324325 
3880011,5.556270096463023 
3890027,5.376760563380282 
3900015,5.552980132450331 
3910026,5.521885521885522 
3920022,5.595959595959596 
3930032,5.531986531986532 
3940039,5.630718954248366 
3950036,5.404844290657439 
3960003,5.447457627118644 
3970028,5.537931034482758 
3980015,5.625418060200669 
3990032,5.48135593220339 
4000027,5.487972508591065 
4010015,5.554421768707483 
4020027,5.427586206896552 
4030011,5.605863192182411 
4040034,5.320689655172414 
4050037,5.494915254237288 
4060010,5.523648648648648 
4070006,5.385906040268456 
4080001,5.510067114093959 
4090006,5.5288135593220336 
4100009,5.608552631578948 
4110020,5.5426621160409555 
4120000,5.569131832797428 
4130015,5.598006644518272 
4140018,5.605263157894737 
4150010,5.640939597315437 
4160004,5.603960396039604 
4170042,5.518032786885246 
4180034,5.501661129568106 
4190003,5.514950166112957 
4200017,5.62987012987013 
4210005,5.6092715231788075 
4220016,5.538709677419355 
4230007,5.5811688311688314 
4240046,5.505119453924915 
4250017,5.543130990415335 
4260007,5.547854785478548 
4270000,5.637873754152824 
4280025,5.496621621621622 
4290024,5.486486486486487 
4300027,5.48494983277592 
4310037,5.451178451178452 
4320038,5.634615384615385 
4330001,5.656050955414012 
4340009,5.5718849840255595 
4350003,5.715686274509804 
4360033,5.588996763754046 
4370018,5.574193548387097 
4380012,5.613114754098361 
4390000,5.5728813559322035 
4400026,5.535384615384616 
4410023,5.6424050632911396 
4420002,5.617647058823529 
4430044,5.535256410256411 
4440021,5.543130990415335 
4450002,5.61437908496732 
4460027,5.5956112852664575 
4470032,5.618589743589744 
4480027,5.6613924050632916 
4490006,5.67948717948718 
4500000,5.6118421052631575 
4510014,5.671875 
4520016,5.561461794019934 
4530015,5.508250825082508 
4540003,5.634304207119741 
4550035,5.696485623003195 
4560021,5.689102564102564 
4570007,5.446308724832215 
4580038,5.60828025477707 
4590012,5.666666666666667 
4600004,5.6524590163934425 
4610021,5.608414239482201 
4620011,5.580246913580247 
4630020,5.592233009708738 
4640009,5.543689320388349 
4650002,5.615384615384615 
4660031,5.672955974842767 
4670009,5.558441558441558 
4680040,5.772307692307693 
4690003,5.571428571428571 
4700009,5.575 
4710012,5.496710526315789 
4720000,5.741641337386018 
4730035,5.6761904761904765 
4740013,5.680722891566265 
4750017,5.591772151898734 
4760026,5.687306501547988 
4770012,5.61609907120743 
4780032,5.707692307692308 
4790044,5.628398791540786 
4800004,5.632075471698113 
4810004,5.625 
4820026,5.585760517799352 
4830048,5.552147239263804 
4840029,5.644230769230769 
4850008,5.622580645161291 
4860027,5.550955414012739 
4870013,5.603715170278638 
4880010,5.549019607843137 
4890018,5.633228840125392 
4900009,5.596214511041009 
4910024,5.656534954407295 
4920024,5.585669781931464 
4930026,5.645901639344262 
4940014,5.701219512195122 
4950027,5.688622754491018 
4960001,5.688473520249222 
4970017,5.654088050314465 
4980014,5.6900958466453675 
4990001,5.750759878419453 
5000007,5.65625 
5010009,5.6210191082802545 
5020013,5.544615384615384 
5030023,5.594594594594595 
5040008,5.603658536585366 
5050011,5.75 
5060010,5.6895522388059705 
5070021,5.555205047318612 
5080000,5.632398753894081 
5090021,5.728571428571429 
5100004,5.673981191222571 
5110006,5.724035608308605 
5120031,5.595541401273885 
5130017,5.562300319488818 
5140004,5.5754716981132075 
5150002,5.598187311178248 
5160017,5.692537313432836 
5170023,5.685975609756097 
5180007,5.661585365853658 
5190008,5.732732732732733 
5200040,5.709480122324159 
5210015,5.726708074534161 
5220000,5.711370262390671 
5230027,5.686520376175548 
5240047,5.640483383685801 
5250040,5.625386996904025 
5260015,5.616822429906542 
5270021,5.62111801242236 
5280020,5.757396449704142 
5290041,5.649700598802395 
5300003,5.631578947368421 
5310019,5.7485207100591715 
5320009,5.698795180722891 
5330018,5.63914373088685 
5340003,5.638805970149254 
5350013,5.710059171597633 
5360000,5.684049079754601 
5370008,5.726190476190476 
5380010,5.798816568047338 
5390014,5.77810650887574 
5400018,5.61144578313253 
5410008,5.637195121951219 
5420009,5.718934911242603 
5430007,5.675925925925926 
5440002,5.6676829268292686 
5450025,5.70919881305638 
5460022,5.604166666666667 
5470025,5.659763313609467 
5480006,5.556603773584905 
5490044,5.6897590361445785 
5500029,5.624633431085044 
5510023,5.661538461538462 
5520005,5.685800604229607 
5530020,5.519877675840979 
5540012,5.712990936555891 
5550002,5.781065088757397 
5560000,5.757309941520468 
5570015,5.666666666666667 
5580023,5.634730538922156 
5590014,5.672782874617737 
5600011,5.6773255813953485 
5610000,5.740412979351032 
5620036,5.660714285714286 
5630007,5.685459940652819 
5640015,5.713432835820895 
5650014,5.661631419939577 
5660001,5.662576687116564 
5670006,5.74251497005988 
5680014,5.590361445783133 
5690027,5.686390532544379 
5700014,5.625766871165644 
5710049,5.6452599388379205 
5720015,5.591331269349845 
5730022,5.63914373088685 
5740029,5.572307692307692 
5750011,5.692982456140351 
5760007,5.691842900302115 
5770017,5.7432835820895525 
5780045,5.665697674418604 
5790011,5.679525222551929 
5800002,5.755681818181818 
5810018,5.6878787878787875 
5820032,5.645833333333333 
5830011,5.714285714285714 
5840017,5.659442724458204 
5850006,5.6845070422535215 
5860020,5.704022988505747 
5870009,5.724719101123595 
5880000,5.670588235294118 
5890007,5.603603603603603 
5900002,5.732142857142857 
5910016,5.715116279069767 
5920005,5.658892128279883 
5930008,5.657575757575757 
5940047,5.744744744744745 
5950022,5.780058651026393 
5960011,5.684523809523809 
5970019,5.650746268656716 
5980008,5.760806916426513 
5990027,5.616822429906542 
6000015,5.657657657657658 
6010011,5.622356495468278 
6020005,5.623052959501558 
6030020,5.62917933130699 
6040025,5.6932153392330385 
6050009,5.691394658753709 
6060013,5.732937685459941 
6070008,5.5963302752293576 
6080013,5.779661016949152 
6090010,5.796511627906977 
6100027,5.678678678678678 
6110007,5.807365439093484 
6120035,5.686046511627907 
6130009,5.752906976744186 
6140030,5.713855421686747 
6150029,5.722713864306785 
6160005,5.7043478260869565 
6170019,5.686046511627907 
6180014,5.673716012084592 
6190006,5.7485549132947975 
6200014,5.6976744186046515 
6210008,5.657817109144543 
6220004,5.688046647230321 
6230020,5.79718309859155 
6240009,5.722857142857142 
6250012,5.770083102493075 
6260031,5.747093023255814 
6270033,5.684848484848485 
6280009,5.613003095975232 
6290040,5.700581395348837 
6300036,5.612121212121212 
6310030,5.685294117647059 
6320030,5.723342939481268 
6330005,5.635838150289017 
6340028,5.684684684684685 
6350024,5.719402985074627 
6360002,5.73121387283237 
6370010,5.781710914454277 
6380006,5.679640718562874 
6390001,5.744985673352436 
6400003,5.752906976744186 
6410025,5.73371104815864 
6420012,5.648255813953488 
6430014,5.635568513119534 
6440009,5.710601719197708 
6450008,5.644171779141105 
6460003,5.791666666666667 
6470026,5.720461095100864 
6480029,5.7578347578347575 
6490010,5.771260997067449 
6500016,5.6770538243626065 
6510014,5.755043227665706 
6520004,5.698005698005698 
6530023,5.6902654867256635 
6540000,5.656976744186046 
6550015,5.726744186046512 
6560001,5.777158774373259 
6570011,5.703389830508475 
6580007,5.6988304093567255 
6590008,5.732558139534884 
6600000,5.73121387283237 
6610006,5.73121387283237 
6620000,5.686046511627907 
6630033,5.631884057971014 
6640000,5.7871720116618075 
6650001,5.610271903323262 
6660006,5.714705882352941 
6670030,5.738372093023256 
6680011,5.69364161849711 
6690004,5.674626865671642 
6700003,5.688760806916426 
6710005,5.663716814159292 
6720007,5.685131195335277 
6730012,5.7354651162790695 
6740022,5.717579250720461 
6750005,5.660766961651918 
6760030,5.691860465116279 
6770023,5.686930091185411 
6780019,5.678260869565217 
6790001,5.692982456140351 
6800001,5.635294117647059 
6810011,5.711711711711712 
6820025,5.760989010989011 
6830006,5.633431085043989 
6840029,5.684813753581662 
6850017,5.632478632478633 
6860021,5.6117647058823525 
6870004,5.690751445086705 
6880014,5.800554016620499 
6890017,5.765217391304348 
6900035,5.698550724637681 
6910017,5.7371428571428575 
6920003,5.735632183908046 
6930005,5.807471264367816 
6940009,5.691218130311615 
6950020,5.7793696275071635 
6960009,5.6902654867256635 
6970021,5.7457142857142856 
6980007,5.703703703703703 
6990007,5.616519174041298 
7000028,5.669540229885057 
7010047,5.73841961852861 
7020019,5.707602339181286 
7030012,5.722857142857142 
7040004,5.6960227272727275 
7050007,5.6752136752136755 
7060015,5.753462603878116 
7070012,5.653958944281525 
7080011,5.675287356321839 
7090026,5.627906976744186 
7100036,5.726760563380282 
7110004,5.697058823529412 
7120009,5.6537313432835825 
7130007,5.802168021680217 
7140015,5.7535816618911175 
7150018,5.703703703703703 
7160000,5.705357142857143 
7170014,5.683139534883721 
7180002,5.662857142857143 
7190012,5.759420289855073 
7200021,5.635568513119534 
7210015,5.75792507204611 
7220002,5.627840909090909 
7230001,5.824175824175824 
7240012,5.712209302325581 
7250012,5.692528735632184 
7260013,5.661807580174927 
7270020,5.732193732193732 
7280011,5.681948424068768 
7290005,5.815934065934066 
7300010,5.756232686980609 
7310011,5.736231884057971 
7320007,5.803867403314917 
7330022,5.83008356545961 
7340005,5.748618784530387 
7350007,5.806629834254144 
7360022,5.689655172413793 
7370010,5.6581196581196584 
7380004,5.698275862068965 
7390017,5.786516853932584 
7400015,5.793871866295264 
7410003,5.6834733893557425 
7420005,5.705555555555556 
7430007,5.730555555555555 
7440008,5.7229916897506925 
7450010,5.772334293948127 
7460006,5.659942363112392 
7470023,5.781163434903047 
7480019,5.7245179063360885 
7490016,5.769230769230769 
7500035,5.7252124645892355 
7510008,5.6869565217391305 
7520026,5.719653179190751 
7530010,5.747851002865329 
7540013,5.7154696132596685 
7550001,5.7202216066482 
7560020,5.831062670299728 
7570002,5.705056179775281 
7580027,5.751412429378531 
7590026,5.786703601108033 
7600004,5.728813559322034 
7610039,5.762711864406779 
7620045,5.775568181818182 
7630023,5.765536723163842 
7640000,5.747945205479452 
7650030,5.780898876404494 
7660000,5.76685393258427 
7670006,5.72112676056338 
7680007,5.671270718232044 
7690019,5.7371428571428575 
7700016,5.751412429378531 
7710017,5.755681818181818 
7720023,5.804878048780488 
7730026,5.76775956284153 
7740031,5.7063953488372094 
7750002,5.7535816618911175 
7760036,5.720338983050848 
7770031,5.781767955801105 
7780044,5.738636363636363 
7790015,5.767241379310345 
7800003,5.730555555555555 
7810024,5.755681818181818 
7820001,5.754189944134078 
7830012,5.757142857142857 
7840016,5.73109243697479 
7850032,5.732954545454546 
7860005,5.7398843930635834 
7870011,5.803324099722992 
7880000,5.687315634218289 
7890017,5.720670391061453 
7900049,5.731638418079096 
7910020,5.769230769230769 
7920024,5.8111702127659575 
7930040,5.648255813953488 
7940009,5.652298850574713 
7950039,5.722857142857142 
7960003,5.76056338028169 
7970003,5.72191011235955 
7980005,5.805013927576602 
7990048,5.738292011019284 
8000033,5.743016759776537 
8010006,5.737430167597766 
8020042,5.625 
8030043,5.767705382436261 
8040008,5.700831024930748 
8050011,5.677142857142857 
8060048,5.72 
8070035,5.674157303370786 
8080000,5.776243093922652 
8090019,5.625698324022347 
8100009,5.770773638968481 
8110024,5.772222222222222 
